 -55 8355657
 -55 98121
 -55 72521
 -55 72530
 16 16
 16 65552
 16 73232
 16 73237
 -61 8355651
 -61 98115
 -61 70211
 -61 70193
 -72 8355768
 -72 98232
 -72 69048
 -72 69016
 -24 8355688
 -24 98152
 -24 71016
 -24 70942
 47 47
 47 65583
 47 71983
 47 71993
 -285 8355555
 -285 98019
 -285 71139
 -285 71141
 -159 8355809
 -159 98273
 -159 69089
 -159 69032
 -62 8355778
 -62 98242
 -62 67522
 -62 67527
 36 164
 36 65700
 36 66724
 36 66723
 -250 8355590
 -250 98054
 -250 66566
 -250 66607
 -45 8355795
 -45 98259
 -45 67027
 -45 67071
 -141 8355699
 -141 98163
 -141 67955
 -141 67843
 -207 8355633
 -207 98097
 -207 68657
 -207 68626
 85 213
 85 65749
 85 69077
 85 69028
 -129 8355711
 -129 98175
 -129 68991
 -129 68933
 -104 8355608
 -104 98072
 -104 68376
 -104 68464
 -228 8355740
 -228 98204
 -228 67740
 -228 67763
 -54 8355658
 -54 98122
 -54 67146
 -54 67167
 141 13
 141 65549
 141 67085
 141 67088
 102 102
 102 65638
 102 66918
 102 66877
 -188 8355780
 -188 98244
 -188 66244
 -188 66228
 -192 8355648
 -192 98112
 -192 65600
 -192 65557
 -26 8388454
 -26 65382
 -26 64870
 -26 64856
 31 32799
 31 32799
 31 64031
 31 64003
 36 32804
 36 32804
 36 63268
 36 63263
 -116 8388364
 -116 65292
 -116 62732
 -116 62829
 5 32773
 5 32773
 5 62725
 5 62779
 31 32799
 31 32799
 31 62495
 31 62484
 72 32968
 72 32968
 72 62408
 72 62408
 22 32790
 22 32790
 22 62486
 22 62584
 -22 8388458
 -22 65386
 -22 63082
 -22 63090
 -7 8388473
 -7 65401
 -7 63609
 -7 63542
 191 32959
 191 32959
 191 63423
 191 63382
 147 32787
 147 32787
 147 63507
 147 63503
 -41 8388567
 -41 65495
 -41 62935
 -41 62886
 -51 8388429
 -51 65357
 -51 60237
 -51 60221
 -13 8388595
 -13 65523
 -13 58099
 -13 58037
 -76 8388404
 -76 65332
 -76 56628
 -76 56683
 -268 8388212
 -268 65140
 -268 56436
 -268 56327
 16 32912
 16 32912
 16 56208
 16 56261
 -78 8388402
 -78 65330
 -78 56370
 -78 56445
 -40 8388440
 -40 65368
 -40 57176
 -40 57210
 30 32798
 30 32798
 30 58398
 30 58488
 124 32892
 124 32892
 124 59516
 124 59434
 2 32770
 2 32770
 2 59906
 2 59936
 -186 8388550
 -186 65478
 -186 60358
 -186 60391
 -235 8388501
 -235 65429
 -235 61077
 -235 61058
 -155 8388581
 -155 65509
 -155 61157
 -155 61088
 -34 8388446
 -34 65374
 -34 61022
 -34 60931
 -74 8388406
 -74 65334
 -74 60982
 -74 61016
 0 32896
 0 32896
 0 61056
 0 61088
 -116 8388492
 -116 65420
 -116 61324
 -116 61346
 -92 8388388
 -92 65316
 -92 61732
 -92 61704
 -2 8388606
 -2 65534
 -2 62206
 -2 62097
 -87 8388393
 -87 65321
 -87 62249
 -87 62235
 -28 8388580
 -28 65508
 -28 62180
 -28 62146
 -114 8388366
 -114 65294
 -114 61710
 -114 61704
 106 33002
 106 33002
 106 61674
 106 61588
 239 33007
 239 33007
 239 61679
 239 61646
 182 32950
 182 32950
 182 61622
 182 61642
 63 32831
 63 32831
 63 61503
 63 61566
 238 33006
 238 33006
 238 61422
 238 61432
 162 32802
 162 32802
 162 61474
 162 61512
 333 33101
 333 33101
 333 61517
 333 61497
 -102 8388506
 -102 65434
 -102 61594
 -102 61606
 -322 8388158
 -322 65086
 -322 61502
 -322 61458
 -222 8388514
 -222 65442
 -222 61602
 -222 61643
 11 32907
 11 32907
 11 61323
 11 61391
 119 32887
 119 32887
 119 61815
 119 61787
 -94 8388514
 -94 65442
 -94 61858
 -94 61867
 -86 8388522
 -86 65450
 -86 61866
 -86 61850
 34 32802
 34 32802
 34 61730
 34 61811
 236 33004
 236 33004
 236 61676
 236 61577
 5 32901
 5 32901
 5 61061
 5 61172
 2 32770
 2 32770
 2 60930
 2 61003
 -210 8388398
 -210 65326
 -210 61230
 -210 61263
 -49 8388431
 -49 65359
 -49 61263
 -49 61192
 224 32864
 224 32864
 224 61280
 224 61275
 11 32779
 11 32779
 11 61451
 11 61515
 -136 8388600
 -136 65528
 -136 61944
 -136 61937
 -92 8388516
 -92 65444
 -92 61860
 -92 61894
 -68 8388412
 -68 65340
 -68 62012
 -68 62057
 -52 8388556
 -52 65484
 -52 62412
 -52 62340
 -78 8388530
 -78 65458
 -78 62386
 -78 62426
 -229 8388379
 -229 65307
 -229 62491
 -229 62508
 -30 8388578
 -30 65506
 -30 62946
 -30 62870
 -45 8388563
 -45 65491
 -45 63187
 -45 63116
 40 32808
 40 32808
 40 63016
 40 63006
 65 32833
 65 32833
 65 63041
 65 63086
 -104 8388504
 -104 65432
 -104 63128
 -104 63155
 -25 8388583
 -25 65511
 -25 63207
 -25 63153
 43 32811
 43 32811
 43 63531
 43 63501
 205 32973
 205 32973
 205 64717
 205 64766
 -180 8388428
 -180 65356
 -180 65356
 -180 65297
 -175 8388561
 -175 65489
 -175 65233
 -175 65268
 57 32953
 57 32953
 57 64953
 57 64904
 108 32876
 108 32876
 108 64364
 108 64308
 -35 8388573
 -35 65501
 -35 63709
 -35 63728
 -37 8388443
 -37 65371
 -37 63835
 -37 63755
 -154 8388454
 -154 65382
 -154 64102
 -154 64074
 130 32898
 130 32898
 130 64386
 130 64444
 98 32866
 98 32866
 98 64866
 98 64833
 -170 8388438
 -170 65366
 -170 65366
 -170 65303
 -230 8355610
 -230 98074
 -230 65562
 -230 65621
 -265 8355447
 -265 97911
 -265 65655
 -265 65605
 145 32785
 145 32785
 145 65297
 145 65285
 162 32930
 162 32930
 162 64930
 162 64911
 -26 8388582
 -26 65510
 -26 64998
 -26 64898
 -257 8388351
 -257 65279
 -257 65279
 -257 65198
 -225 8388383
 -225 65311
 -225 65311
 -225 65282
 -58 8388550
 -58 65478
 -58 65222
 -58 65153
 107 32875
 107 32875
 107 65387
 107 65351
 102 32870
 102 32870
 102 65382
 102 65371
 -97 8388383
 -97 65311
 -97 65055
 -97 65151
 -86 8388394
 -86 65322
 -86 65066
 -86 65078
 -24 8388456
 -24 65384
 -24 65128
 -24 65081
 101 32869
 101 32869
 101 65125
 101 65027
 164 32932
 164 32932
 164 65188
 164 65166
 299 33195
 299 33195
 299 65451
 299 65496
 122 250
 122 65786
 122 65786
 122 65752
 86 86
 86 65622
 86 66134
 86 66174
 118 118
 118 65654
 118 66422
 118 66319
 67 67
 67 65603
 67 66627
 67 66587
 0 128
 0 65664
 0 67200
 0 67240
 -68 8355644
 -68 98108
 -68 67388
 -68 67444
 405 277
 405 65813
 405 67605
 405 67690
 230 102
 230 65638
 230 67942
 230 67916
 -99 8355613
 -99 98077
 -99 67869
 -99 67867
 -86 8355754
 -86 98218
 -86 67754
 -86 67825
 86 86
 86 65622
 86 67926
 86 67844
 238 110
 238 65646
 238 67950
 238 67885
 85 213
 85 65749
 85 68309
 85 68266
 35 163
 35 65699
 35 68259
 35 68243
 -39 8355673
 -39 98137
 -39 68185
 -39 68219
 133 5
 133 65541
 133 67845
 133 67867
 -34 8355806
 -34 98270
 -34 67806
 -34 67751
 -75 8355637
 -75 98101
 -75 67637
 -75 67685
 -31 8355809
 -31 98273
 -31 67809
 -31 67750
 -99 8355741
 -99 98205
 -99 67485
 -99 67535
 47 47
 47 65583
 47 67119
 47 67100
 278 406
 278 65942
 278 66710
 278 66708
 175 47
 175 65583
 175 66607
 175 66664
 31 31
 31 65567
 31 66591
 31 66657
 29 157
 29 65693
 29 66461
 29 66546
 -15 8355825
 -15 98289
 -15 66545
 -15 66472
 137 137
 137 65673
 137 66441
 137 66466
 -37 8355675
 -37 98139
 -37 66395
 -37 66362
 50 50
 50 65586
 50 66098
 50 66097
 38 166
 38 65702
 38 66214
 38 66216
 172 44
 172 65580
 172 66348
 172 66430
 -54 8355658
 -54 98122
 -54 66378
 -54 66343
 124 124
 124 65660
 124 66428
 124 66365
 0 0
 0 65536
 0 66304
 0 66401
 -57 8355783
 -57 98247
 -57 66503
 -57 66473
 81 81
 81 65617
 81 66385
 81 66342
 15 143
 15 65679
 15 66447
 15 66540
 89 89
 89 65625
 89 66649
 89 66598
 -190 8355778
 -190 98242
 -190 66498
 -190 66436
 -172 8355796
 -172 98260
 -172 65748
 -172 65667
 -139 8388469
 -139 65397
 -139 65141
 -139 65057
 52 32820
 52 32820
 52 65076
 52 65026
 86 32854
 86 32854
 86 65366
 86 65337
 185 57
 185 65593
 185 65593
 185 65569
 58 58
 58 65594
 58 65594
 58 65536
 -63 8355649
 -63 98113
 -63 65601
 -63 65598
 -39 8355673
 -39 98137
 -39 66137
 -39 66071
 58 186
 58 65722
 58 66490
 58 66548
 4 132
 4 65668
 4 66692
 4 66725
 -24 8355688
 -24 98152
 -24 66920
 -24 66870
 132 4
 132 65540
 132 66820
 132 66838
 19 19
 19 65555
 19 66835
 19 66928
 -53 8355787
 -53 98251
 -53 67019
 -53 67003
 -66 8355774
 -66 98238
 -66 67006
 -66 67039
 55 55
 55 65591
 55 66871
 55 66893
 185 57
 185 65593
 185 66873
 185 66940
 105 233
 105 65769
 105 67305
 105 67275
 91 91
 91 65627
 91 67419
 91 67390
 152 152
 152 65688
 152 67224
 152 67277
 145 145
 145 65681
 145 67217
 145 67286
 -74 8355766
 -74 98230
 -74 67254
 -74 67242
 113 113
 113 65649
 113 66929
 113 66903
 145 145
 145 65681
 145 66705
 145 66790
 125 125
 125 65661
 125 67197
 125 67106
 77 205
 77 65741
 77 67277
 77 67311
 227 99
 227 65635
 227 67427
 227 67440
 149 149
 149 65685
 149 67733
 149 67738
 100 228
 100 65764
 100 68068
 100 68010
 -22 8355690
 -22 98154
 -22 68458
 -22 68352
 -40 8355800
 -40 98264
 -40 68568
 -40 68554
 59 187
 59 65723
 59 68795
 59 68790
 111 239
 111 65775
 111 68847
 111 68797
 156 156
 156 65692
 156 69020
 156 69085
 -111 8355729
 -111 98193
 -111 69265
 -111 69280
 -15 8355825
 -15 98289
 -15 69105
 -15 69098
 130 130
 130 65666
 130 68994
 130 69098
 135 7
 135 65543
 135 69127
 135 69129
 86 214
 86 65750
 86 69590
 86 69562
 -56 8355656
 -56 98120
 -56 69960
 -56 70001
 -129 8355839
 -129 98303
 -129 70143
 -129 70068
 -9 8355831
 -9 98295
 -9 70135
 -9 70093
 142 142
 142 65678
 142 69262
 142 69357
 -152 8355816
 -152 98280
 -152 68840
 -152 68835
 -16 8355696
 -16 98160
 -16 68976
 -16 68945
 -74 8355766
 -74 98230
 -74 68790
 -74 68843
 82 210
 82 65746
 82 69074
 82 69066
 159 159
 159 65695
 159 69279
 159 69298
 71 199
 71 65735
 71 69319
 71 69372
 -160 8355808
 -160 98272
 -160 69600
 -160 69588
 -58 8355782
 -58 98246
 -58 70342
 -58 70305
 121 249
 121 65785
 121 70905
 121 70890
 153 153
 153 65689
 153 71321
 153 71369
 -96 8355616
 -96 98080
 -96 71456
 -96 71504
 -189 8355779
 -189 98243
 -189 71619
 -189 71567
 -103 8355609
 -103 98073
 -103 71449
 -103 71448
 88 216
 88 65752
 88 71128
 88 71152
 236 108
 236 65644
 236 71276
 236 71290
 243 115
 243 65651
 243 71027
 243 71010
 -8 8355704
 -8 98168
 -8 70776
 -8 70778
 -108 8355732
 -108 98196
 -108 70804
 -108 70814
 -87 8355753
 -87 98217
 -87 71081
 -87 71076
 15 15
 15 65551
 15 70927
 15 70950
 -137 8355831
 -137 98295
 -137 70903
 -137 70884
 -285 8355555
 -285 98019
 -285 70883
 -285 70858
 -1 8355711
 -1 98175
 -1 70783
 -1 70745
 142 142
 142 65678
 142 70798
 142 70814
 218 218
 218 65754
 218 71130
 218 71052
 129 129
 129 65665
 129 71041
 129 71096
 222 222
 222 65758
 222 71134
 222 71164
 -22 8355690
 -22 98154
 -22 70762
 -22 70752
 -80 8355760
 -80 98224
 -80 70832
 -80 70864
 -139 8355701
 -139 98165
 -139 71029
 -139 70935
 93 93
 93 65629
 93 71261
 93 71187
 52 180
 52 65716
 52 71348
 52 71414
 -5 8355835
 -5 98299
 -5 71163
 -5 71083
 23 151
 23 65687
 23 71063
 23 71100
 65 193
 65 65729
 65 71105
 65 71094
 46 46
 46 65582
 46 71214
 46 71292
 -480 8355360
 -480 97824
 -480 70944
 -480 70921
 -339 8355373
 -339 97837
 -339 70957
 -339 70984
 -53 8355659
 -53 98123
 -53 71243
 -53 71217
 46 174
 46 65710
 46 71086
 46 71146
 -116 8355596
 -116 98060
 -116 71180
 -116 71187
 -37 8355803
 -37 98267
 -37 71387
 -37 71419
 17 17
 17 65553
 17 71441
 17 71491
 105 233
 105 65769
 105 71401
 105 71322
 -28 8355684
 -28 98148
 -28 71524
 -28 71471
 -45 8355667
 -45 98131
 -45 71763
 -45 71733
 -14 8355698
 -14 98162
 -14 71538
 -14 71526
 -41 8355671
 -41 98135
 -41 71511
 -41 71474
 -81 8355631
 -81 98095
 -81 71471
 -81 71547
 133 5
 133 65541
 133 71429
 133 71547
 140 12
 140 65548
 140 71436
 140 71484
 -53 8355787
 -53 98251
 -53 71115
 -53 71105
 -76 8355636
 -76 98100
 -76 70964
 -76 70930
 19 19
 19 65555
 19 70675
 19 70696
 255 255
 255 65791
 255 70655
 255 70580
 68 196
 68 65732
 68 70340
 68 70392
 -63 8355649
 -63 98113
 -63 70209
 -63 70151
 53 181
 53 65717
 53 70069
 53 70082
 64 64
 64 65600
 64 70208
 64 70257
 25 25
 25 65561
 25 69913
 25 69979
 -161 8355679
 -161 98143
 -161 69983
 -161 69917
 31 31
 31 65567
 31 70175
 31 70178
 127 255
 127 65791
 127 70143
 127 70131
 87 87
 87 65623
 87 70231
 87 70211
 -11 8355829
 -11 98293
 -11 70133
 -11 70107
 64 192
 64 65728
 64 69824
 64 69787
 -128 8355712
 -128 98176
 -128 69504
 -128 69572
 -156 8355684
 -156 98148
 -156 69476
 -156 69426
 142 142
 142 65678
 142 69518
 142 69553
 -28 8355684
 -28 98148
 -28 69732
 -28 69725
 -123 8355589
 -123 98053
 -123 69893
 -123 69972
 74 202
 74 65738
 74 70346
 74 70321
 116 244
 116 65780
 116 70644
 116 70610
 229 101
 229 65637
 229 70757
 229 70693
 255 255
 255 65791
 255 70655
 255 70604
 -235 8355605
 -235 98069
 -235 70677
 -235 70708
 -9 8355703
 -9 98167
 -9 70775
 -9 70737
 72 200
 72 65736
 72 70856
 72 70868
 -27 8355685
 -27 98149
 -27 71013
 -27 70982
 59 187
 59 65723
 59 71099
 59 71132
 44 172
 44 65708
 44 71340
 44 71323
 -219 8355749
 -219 98213
 -219 71333
 -219 71392
 -147 8355821
 -147 98285
 -147 71405
 -147 71417
 -59 8355653
 -59 98117
 -59 71237
 -59 71191
 -24 8355816
 -24 98280
 -24 71144
 -24 71140
 -58 8355654
 -58 98118
 -58 71494
 -58 71471
 -196 8355644
 -196 98108
 -196 71484
 -196 71528
 -189 8355651
 -189 98115
 -189 71747
 -189 71714
 -128 8355584
 -128 98048
 -128 71680
 -128 71698
 -178 8355662
 -178 98126
 -178 71502
 -178 71520
 -227 8355613
 -227 98077
 -227 71453
 -227 71511
 -61 8355651
 -61 98115
 -61 71235
 -61 71272
 217 89
 217 65625
 217 71257
 217 71207
 87 215
 87 65751
 87 71127
 87 71085
 39 167
 39 65703
 39 71079
 39 71135
 -74 8355638
 -74 98102
 -74 70966
 -74 70988
 -70 8355770
 -70 98234
 -70 70842
 -70 70832
 -33 8355807
 -33 98271
 -33 70623
 -33 70623
 9 9
 9 65545
 9 70409
 9 70493
 -152 8355688
 -152 98152
 -152 70248
 -152 70264
 -104 8355736
 -104 98200
 -104 70296
 -104 70275
 101 229
 101 65765
 101 70629
 101 70535
 -224 8355744
 -224 98208
 -224 70816
 -224 70794
 -231 8355609
 -231 98073
 -231 70937
 -231 70930
 -85 8355627
 -85 98091
 -85 70955
 -85 71023
 -25 8355687
 -25 98151
 -25 71015
 -25 70965
 165 37
 165 65573
 165 70949
 165 70943
 172 172
 172 65708
 172 70828
 172 70893
 -279 8355433
 -279 97897
 -279 71017
 -279 70995
 -250 8355590
 -250 98054
 -250 71174
 -250 71257
 -16 8355696
 -16 98160
 -16 71280
 -16 71236
 151 23
 151 65559
 151 71191
 151 71213
 -18 8355822
 -18 98286
 -18 71662
 -18 71665
 -75 8355765
 -75 98229
 -75 71605
 -75 71657
 -242 8355598
 -242 98062
 -242 71694
 -242 71687
 -141 8355699
 -141 98163
 -141 72051
 -141 71937
 231 103
 231 65639
 231 72039
 231 71953
 5 133
 5 65669
 5 71813
 5 71916
 -16 8355696
 -16 98160
 -16 72048
 -16 72003
 -87 8355625
 -87 98089
 -87 72233
 -87 72284
 -9 8355703
 -9 98167
 -9 72311
 -9 72192
 -67 8355645
 -67 98109
 -67 72253
 -67 72220
 176 48
 176 65584
 176 72496
 176 72450
 160 160
 160 65696
 160 72608
 160 72647
 17 145
 17 65681
 17 72593
 17 72653
 17 17
 17 65553
 17 72721
 17 72737
 236 108
 236 65644
 236 73068
 236 73080
 202 202
 202 65738
 202 73162
 202 73145
 -65 8355775
 -65 98239
 -65 72895
 -65 72948
 85 85
 85 65621
 85 73045
 85 72971
 116 116
 116 65652
 116 72820
 116 72819
 85 213
 85 65749
 85 72661
 85 72646
 190 190
 190 65726
 190 72638
 190 72649
 2 130
 2 65666
 2 72322
 2 72441
 156 156
 156 65692
 156 72092
 156 72153
 79 207
 79 65743
 79 72143
 79 72127
 18 146
 18 65682
 18 71826
 18 71909
 -9 8355703
 -9 98167
 -9 72055
 -9 71949
 88 216
 88 65752
 88 72152
 88 72064
 -241 8355727
 -241 98191
 -241 72079
 -241 72135
 22 22
 22 65558
 22 71958
 22 71962
 -105 8355735
 -105 98199
 -105 72087
 -105 72171
 -15 8355825
 -15 98289
 -15 72177
 -15 72090
 -141 8355699
 -141 98163
 -141 72051
 -141 72014
 -127 8355585
 -127 98049
 -127 71937
 -127 72045
 56 56
 56 65592
 56 71736
 56 71783
 85 213
 85 65749
 85 71637
 85 71652
 -178 8355662
 -178 98126
 -178 71502
 -178 71476
 -214 8355754
 -214 98218
 -214 71850
 -214 71915
 -53 8355787
 -53 98251
 -53 72395
 -53 72328
 -47 8355665
 -47 98129
 -47 72529
 -47 72479
 -190 8355778
 -190 98242
 -190 72642
 -190 72698
 33 33
 33 65569
 33 72993
 33 72965
 171 171
 171 65707
 171 72875
 171 72857
 -71 8355641
 -71 98105
 -71 72505
 -71 72571
 52 180
 52 65716
 52 72884
 52 72940
 111 111
 111 65647
 111 73071
 111 72992
 79 79
 79 65615
 79 73295
 79 73248
 34 34
 34 65570
 34 73250
 34 73225
 -91 8355749
 -91 98213
 -91 73125
 -91 73196
 -5 8355707
 -5 98171
 -5 73083
 -5 72982
 149 149
 149 65685
 149 73109
 149 73168
 -32 8355808
 -32 98272
 -32 73184
 -32 73114
 -196 8355644
 -196 98108
 -196 72764
 -196 72818
 -108 8355732
 -108 98196
 -108 73108
 -108 73160
 90 218
 90 65754
 90 73178
 90 73207
 115 243
 115 65779
 115 73459
 115 73440
 100 100
 100 65636
 100 73316
 100 73342
 -209 8355759
 -209 98223
 -209 72879
 -209 72897
 -99 8355741
 -99 98205
 -99 72861
 -99 72941
 -92 8355748
 -92 98212
 -92 72868
 -92 72849
 174 46
 174 65582
 174 72494
 174 72492
 60 60
 60 65596
 60 72252
 60 72278
 124 252
 124 65788
 124 72444
 124 72339
 27 155
 27 65691
 27 72347
 27 72344
 -191 8355649
 -191 98113
 -191 72257
 -191 72230
 -142 8355698
 -142 98162
 -142 72050
 -142 71967
 -8 8355832
 -8 98296
 -8 72184
 -8 72126
 0 0
 0 65536
 0 72192
 0 72266
 70 198
 70 65734
 70 72134
 70 72156
 -8 8355704
 -8 98168
 -8 72312
 -8 72223
 -24 8355816
 -24 98280
 -24 72680
 -24 72580
 133 5
 133 65541
 133 72453
 133 72480
 -77 8355763
 -77 98227
 -77 72371
 -77 72351
 -100 8355612
 -100 98076
 -100 72220
 -100 72288
 25 153
 25 65689
 25 72345
 25 72339
 74 74
 74 65610
 74 72266
 74 72200
 -48 8355792
 -48 98256
 -48 72144
 -48 72182
 -219 8355621
 -219 98085
 -219 71973
 -219 72028
 163 163
 163 65699
 163 72099
 163 72088
 38 38
 38 65574
 38 71974
 38 72028
 115 243
 115 65779
 115 72179
 115 72159
 5 5
 5 65541
 5 72197
 5 72290
 84 84
 84 65620
 84 72532
 84 72554
 77 205
 77 65741
 77 72653
 77 72642
 137 137
 137 65673
 137 72585
 137 72598
 -226 8355614
 -226 98078
 -226 72734
 -226 72782
 -221 8355619
 -221 98083
 -221 72995
 -221 73045
 -12 8355828
 -12 98292
 -12 72948
 -12 72849
 9 9
 9 65545
 9 72713
 9 72797
 70 70
 70 65606
 70 72774
 70 72797
 -124 8355716
 -124 98180
 -124 72836
 -124 72887
 -68 8355772
 -68 98236
 -68 73148
 -68 73165
 -41 8355799
 -41 98263
 -41 73175
 -41 73115
 165 165
 165 65701
 165 73125
 165 73097
 177 177
 177 65713
 177 73393
 177 73420
 66 66
 66 65602
 66 73282
 66 73343
 0 0
 0 65536
 0 72960
 0 73039
 -10 8355702
 -10 98166
 -10 72822
 -10 72774
 -5 8355707
 -5 98171
 -5 72827
 -5 72731
 183 183
 183 65719
 183 72887
 183 72884
 143 15
 143 65551
 143 72463
 143 72527
 -110 8355602
 -110 98066
 -110 72210
 -110 72288
 74 74
 74 65610
 74 72522
 74 72487
 155 155
 155 65691
 155 72347
 155 72428
 68 196
 68 65732
 68 72132
 68 72126
 -216 8355624
 -216 98088
 -216 71976
 -216 72045
 -162 8355806
 -162 98270
 -162 72158
 -162 72144
 -6 8355834
 -6 98298
 -6 72186
 -6 72114
 7 7
 7 65543
 7 72199
 7 72303
 -40 8355800
 -40 98264
 -40 72408
 -40 72343
 -56 8355656
 -56 98120
 -56 72264
 -56 72294
 -13 8355827
 -13 98291
 -13 72179
 -13 72154
 -253 8355587
 -253 98051
 -253 72195
 -253 72235
 -295 8355417
 -295 97881
 -295 72281
 -295 72225
 -162 8355806
 -162 98270
 -162 72414
 -162 72324
 -24 8355688
 -24 98152
 -24 72296
 -24 72302
 -189 8355779
 -189 98243
 -189 72131
 -189 72075
 -41 8355799
 -41 98263
 -41 72151
 -41 72141
 172 44
 172 65580
 172 71980
 172 71974
 214 214
 214 65750
 214 72150
 214 72081
 -59 8355653
 -59 98117
 -59 72261
 -59 72312
 -281 8355431
 -281 97895
 -281 72807
 -281 72749
 -84 8355756
 -84 98220
 -84 73132
 -84 73183
 140 140
 140 65676
 140 73100
 140 73192
 93 221
 93 65757
 93 73437
 93 73382
 -215 8355753
 -215 98217
 -215 73385
 -215 73442
 -373 8355339
 -373 97803
 -373 73739
 -373 73814
 -112 8355600
 -112 98064
 -112 73744
 -112 73840
 177 177
 177 65713
 177 73649
 177 73712
 -183 8355785
 -183 98249
 -183 73673
 -183 73682
 -104 8355608
 -104 98072
 -104 73752
 -104 73758
 -16 8355824
 -16 98288
 -16 73968
 -16 73910
 117 245
 117 65781
 117 74229
 117 74113
 -115 8355597
 -115 98061
 -115 73741
 -115 73792
 -92 8355620
 -92 98084
 -92 73252
 -92 73288
 99 227
 99 65763
 99 73187
 99 73162
 124 124
 124 65660
 124 73084
 124 73042
 164 164
 164 65700
 164 72868
 164 72942
 300 428
 300 65964
 300 72620
 300 72654
 217 217
 217 65753
 217 72665
 217 72662
 153 25
 153 65561
 153 72473
 153 72521
 8 136
 8 65672
 8 72328
 8 72435
 -117 8355723
 -117 98187
 -117 72331
 -117 72358
 -185 8355783
 -185 98247
 -185 72391
 -185 72381
 -79 8355633
 -79 98097
 -79 72241
 -79 72277
 -394 8355446
 -394 97910
 -394 72054
 -394 72014
 -17 8355823
 -17 98287
 -17 72175
 -17 72071
 74 74
 74 65610
 74 72010
 74 72024
 245 117
 245 65653
 245 72053
 245 71978
 -97 8355743
 -97 98207
 -97 72095
 -97 72165
 -153 8355815
 -153 98279
 -153 72423
 -153 72335
 -257 8355583
 -257 98047
 -257 72191
 -257 72122
 33 33
 33 65569
 33 71713
 33 71785
 166 166
 166 65702
 166 71590
 166 71628
 28 28
 28 65564
 28 71708
 28 71719
 -125 8355715
 -125 98179
 -125 71811
 -125 71880
 -121 8355591
 -121 98055
 -121 71943
 -121 72055
 26 26
 26 65562
 26 71962
 26 72035
 138 138
 138 65674
 138 72074
 138 72160
 197 69
 197 65605
 197 72517
 197 72502
 8 136
 8 65672
 8 72328
 8 72407
 -78 8355634
 -78 98098
 -78 72498
 -78 72495
 -13 8355699
 -13 98163
 -13 72819
 -13 72765
 62 62
 62 65598
 62 73022
 62 73036
 -134 8355706
 -134 98170
 -134 73082
 -134 72969
 -204 8355764
 -204 98228
 -204 72884
 -204 72874
 -24 8355816
 -24 98280
 -24 72936
 -24 72897
 34 162
 34 65698
 34 72610
 34 72645
 1 129
 1 65665
 1 72321
 1 72386
 -128 8355712
 -128 98176
 -128 72320
 -128 72343
 83 83
 83 65619
 83 72531
 83 72497
 -195 8355645
 -195 98109
 -195 72765
 -195 72718
 -118 8355594
 -118 98058
 -118 72714
 -118 72794
 -2 8355710
 -2 98174
 -2 72830
 -2 72704
 63 63
 63 65599
 63 72511
 63 72487
 39 167
 39 65703
 39 72103
 39 72184
 194 66
 194 65602
 194 72002
 194 71963
 171 43
 171 65579
 171 71723
 171 71696
 41 41
 41 65577
 41 71721
 41 71791
 14 14
 14 65550
 14 71438
 14 71441
 -144 8355696
 -144 98160
 -144 71280
 -144 71246
 -321 8355391
 -321 97855
 -321 71231
 -321 71221
 -62 8355778
 -62 98242
 -62 71106
 -62 71149
 -103 8355609
 -103 98073
 -103 70937
 -103 71013
 -229 8355611
 -229 98075
 -229 70939
 -229 71020
 -306 8355406
 -306 97870
 -306 70990
 -306 70999
 -160 8355808
 -160 98272
 -160 71136
 -160 71098
 147 19
 147 65555
 147 70931
 147 70984
 -300 8355540
 -300 98004
 -300 71124
 -300 71052
 -203 8355637
 -203 98101
 -203 70965
 -203 70956
 -38 8355674
 -38 98138
 -38 70746
 -38 70671
 17 145
 17 65681
 17 70545
 17 70530
 130 2
 130 65538
 130 70402
 130 70445
 -170 8355798
 -170 98262
 -170 70614
 -170 70548
 -64 8355776
 -64 98240
 -64 70848
 -64 70825
 24 24
 24 65560
 24 70936
 24 70942
 -148 8355820
 -148 98284
 -148 71148
 -148 71084
 -48 8355664
 -48 98128
 -48 71248
 -48 71255
 -169 8355671
 -169 98135
 -169 71255
 -169 71181
 51 179
 51 65715
 51 71091
 51 71153
 -199 8355641
 -199 98105
 -199 70969
 -199 70983
 -15 8355697
 -15 98161
 -15 71025
 -15 70952
 -32 8355680
 -32 98144
 -32 71264
 -32 71261
 -152 8355816
 -152 98280
 -152 71400
 -152 71329
 -167 8355801
 -167 98265
 -167 71385
 -167 71397
 21 149
 21 65685
 21 71061
 21 71042
 -180 8355660
 -180 98124
 -180 70988
 -180 71006
 -28 8355812
 -28 98276
 -28 71140
 -28 71133
 -12 8355828
 -12 98292
 -12 71156
 -12 71057
 -32 8355808
 -32 98272
 -32 71136
 -32 71090
 89 89
 89 65625
 89 71257
 89 71221
 158 158
 158 65694
 158 71070
 158 71105
 62 190
 62 65726
 62 71102
 62 71155
 -287 8355425
 -287 97889
 -287 71009
 -287 70972
 -41 8355671
 -41 98135
 -41 70743
 -41 70712
 1 129
 1 65665
 1 70529
 1 70544
 258 386
 258 65922
 258 70274
 258 70392
 138 10
 138 65546
 138 70154
 138 70252
 -95 8355617
 -95 98081
 -95 69921
 -95 69999
 -126 8355714
 -126 98178
 -126 69762
 -126 69871
 89 89
 89 65625
 89 69721
 89 69727
 122 122
 122 65658
 122 69498
 122 69433
 -61 8355779
 -61 98243
 -61 69571
 -61 69630
 -84 8355756
 -84 98220
 -84 69804
 -84 69836
 -1 8355839
 -1 98303
 -1 69631
 -1 69546
 115 243
 115 65779
 115 69619
 115 69593
 -28 8355684
 -28 98148
 -28 69732
 -28 69715
 102 102
 102 65638
 102 69478
 102 69470
 -70 8355642
 -70 98106
 -70 69434
 -70 69485
 119 247
 119 65783
 119 69367
 119 69284
 185 185
 185 65721
 185 69049
 185 68997
 121 121
 121 65657
 121 68985
 121 68983
 159 31
 159 65567
 159 68895
 159 68971
 -246 8355722
 -246 98186
 -246 69002
 -246 69072
 -211 8355757
 -211 98221
 -211 69293
 -211 69275
 -51 8355661
 -51 98125
 -51 69197
 -51 69210
 93 93
 93 65629
 93 69469
 93 69451
 -165 8355803
 -165 98267
 -165 69595
 -165 69510
 -95 8355745
 -95 98209
 -95 69537
 -95 69535
 -212 8355756
 -212 98220
 -212 69548
 -212 69630
 -108 8355732
 -108 98196
 -108 69780
 -108 69802
 9 137
 9 65673
 9 69769
 9 69761
 20 20
 20 65556
 20 69652
 20 69646
 35 163
 35 65699
 35 69539
 35 69509
 -80 8355760
 -80 98224
 -80 69552
 -80 69601
 66 194
 66 65730
 66 69570
 66 69509
 97 97
 97 65633
 97 69473
 97 69458
 68 68
 68 65604
 68 69444
 68 69473
 28 28
 28 65564
 28 69660
 28 69707
 -93 8355619
 -93 98083
 -93 69923
 -93 69958
 -35 8355677
 -35 98141
 -35 69725
 -35 69719
 154 154
 154 65690
 154 69530
 154 69531
 152 24
 152 65560
 152 69400
 152 69500
 52 52
 52 65588
 52 69428
 52 69419
 -152 8355816
 -152 98280
 -152 69352
 -152 69366
 -24 8355688
 -24 98152
 -24 69224
 -24 69226
 120 120
 120 65656
 120 68984
 120 68887
 -183 8355785
 -183 98249
 -183 68553
 -183 68597
 -132 8355708
 -132 98172
 -132 68732
 -132 68611
 -4 8355836
 -4 98300
 -4 68348
 -4 68258
 -47 8355793
 -47 98257
 -47 68305
 -47 68263
 72 72
 72 65608
 72 68168
 72 68120
 -111 8355601
 -111 98065
 -111 68113
 -111 68218
 -137 8355831
 -137 98295
 -137 68343
 -137 68248
 53 181
 53 65717
 53 68021
 53 68023
 127 255
 127 65791
 127 67839
 127 67723
 -216 8355624
 -216 98088
 -216 67624
 -216 67667
 -95 8355745
 -95 98209
 -95 67489
 -95 67571
 -68 8355644
 -68 98108
 -68 67388
 -68 67389
 -180 8355788
 -180 98252
 -180 67532
 -180 67547
 17 145
 17 65681
 17 67473
 17 67463
 -41 8355671
 -41 98135
 -41 67415
 -41 67339
 -385 8355583
 -385 98047
 -385 67327
 -385 67221
 -336 8355376
 -336 97840
 -336 67376
 -336 67369
 125 125
 125 65661
 125 67453
 125 67409
 -10 8355702
 -10 98166
 -10 67446
 -10 67328
 -77 8355635
 -77 98099
 -77 67379
 -77 67420
 -267 8355445
 -267 97909
 -267 67701
 -267 67624
 -108 8355604
 -108 98068
 -108 67860
 -108 67898
 -7 8355833
 -7 98297
 -7 68345
 -7 68253
 -168 8355800
 -168 98264
 -168 68312
 -168 68332
 -221 8355747
 -221 98211
 -221 68259
 -221 68274
 -141 8355699
 -141 98163
 -141 68211
 -141 68201
 26 154
 26 65690
 26 68250
 26 68228
 168 40
 168 65576
 168 68136
 168 68195
 53 53
 53 65589
 53 68149
 53 68182
 -107 8355733
 -107 98197
 -107 68245
 -107 68272
 -62 8355778
 -62 98242
 -62 68546
 -62 68490
 63 191
 63 65727
 63 68543
 63 68507
 -27 8355685
 -27 98149
 -27 68709
 -27 68611
 -82 8355758
 -82 98222
 -82 68526
 -82 68585
 -58 8355654
 -58 98118
 -58 68422
 -58 68390
 -285 8355555
 -285 98019
 -285 68067
 -285 68074
 -190 8355778
 -190 98242
 -190 67778
 -190 67758
 -6 8355706
 -6 98170
 -6 67450
 -6 67369
 146 146
 146 65682
 146 67218
 146 67277
 -48 8355792
 -48 98256
 -48 67280
 -48 67224
 -260 8355580
 -260 98044
 -260 67068
 -260 67064
 -343 8355369
 -343 97833
 -343 66857
 -343 66861
 30 30
 30 65566
 30 66846
 30 66853
 -36 8355676
 -36 98140
 -36 66652
 -36 66630
 -135 8355705
 -135 98169
 -135 66681
 -135 66611
 0 0
 0 65536
 0 66816
 0 66861
 175 175
 175 65711
 175 66735
 175 66720
 142 14
 142 65550
 142 66574
 142 66560
 146 18
 146 65554
 146 66322
 146 66372
 137 9
 137 65545
 137 66313
 137 66344
 1 1
 1 65537
 1 66049
 1 66123
 42 42
 42 65578
 42 66090
 42 66124
 207 207
 207 65743
 207 65999
 207 66034
 97 225
 97 65761
 97 66017
 97 65988
 -12 8355700
 -12 98164
 -12 66164
 -12 66075
 -157 8355811
 -157 98275
 -157 67299
 -157 67277
 -14 8355698
 -14 98162
 -14 68466
 -14 68374
 -122 8355718
 -122 98182
 -122 68998
 -122 69063
 94 222
 94 65758
 94 69598
 94 69505
 -89 8355751
 -89 98215
 -89 69543
 -89 69606
 -87 8355753
 -87 98217
 -87 69801
 -87 69768
 104 104
 104 65640
 104 69736
 104 69701
 -46 8355666
 -46 98130
 -46 69714
 -46 69697
 -233 8355607
 -233 98071
 -233 69655
 -233 69635
 -116 8355596
 -116 98060
 -116 69644
 -116 69677
 9 137
 9 65673
 9 69513
 9 69563
 81 81
 81 65617
 81 69457
 81 69457
 305 433
 305 65969
 305 69297
 305 69356
 87 215
 87 65751
 87 69335
 87 69277
 -311 8355401
 -311 97865
 -311 69449
 -311 69383
 -192 8355776
 -192 98240
 -192 69312
 -192 69257
 -196 8355644
 -196 98108
 -196 69180
 -196 69128
 -224 8355616
 -224 98080
 -224 69152
 -224 69140
 88 88
 88 65624
 88 68952
 88 68955
 39 39
 39 65575
 39 68647
 39 68647
 69 197
 69 65733
 69 68549
 69 68576
 294 422
 294 65958
 294 68262
 294 68286
 29 157
 29 65693
 29 67997
 29 67979
 -43 8355669
 -43 98133
 -43 67669
 -43 67675
 -322 8355390
 -322 97854
 -322 67646
 -322 67634
 -103 8355737
 -103 98201
 -103 67481
 -103 67546
 3 3
 3 65539
 3 67331
 3 67422
 137 9
 137 65545
 137 67593
 137 67624
 -115 8355725
 -115 98189
 -115 67469
 -115 67483
 -307 8355405
 -307 97869
 -307 67405
 -307 67390
 105 233
 105 65769
 105 67305
 105 67291
 301 429
 301 65965
 301 67501
 301 67503
 246 246
 246 65782
 246 67574
 246 67507
 -313 8355399
 -313 97863
 -313 67143
 -313 67127
 -141 8355699
 -141 98163
 -141 66931
 -141 66937
 -141 8355827
 -141 98291
 -141 66803
 -141 66782
 48 176
 48 65712
 48 66480
 48 66487
 -189 8355779
 -189 98243
 -189 66243
 -189 66218
 -274 8355438
 -274 97902
 -274 66158
 -274 66133
 -192 8355648
 -192 98112
 -192 66368
 -192 66377
 -116 8355724
 -116 98188
 -116 66444
 -116 66552
 176 48
 176 65584
 176 66352
 176 66392
 77 205
 77 65741
 77 66253
 77 66191
 -200 8355640
 -200 98104
 -200 66104
 -200 66109
 -138 8355830
 -138 98294
 -138 66038
 -138 66013
 85 85
 85 65621
 85 66133
 85 66128
 131 3
 131 65539
 131 66051
 131 66162
 -4 8355836
 -4 98300
 -4 66300
 -4 66256
 -199 8355769
 -199 98233
 -199 66489
 -199 66488
 -30 8355810
 -30 98274
 -30 66530
 -30 66436
 -6 8355706
 -6 98170
 -6 66170
 -6 66171
 -111 8355729
 -111 98193
 -111 65937
 -111 65990
 5 5
 5 65541
 5 66053
 5 66093
 20 20
 20 65556
 20 66068
 20 66100
 51 51
 51 65587
 51 66099
 51 66077
 32 160
 32 65696
 32 65952
 32 66003
 14 14
 14 65550
 14 66062
 14 66061
 -98 8355614
 -98 98078
 -98 65822
 -98 65836
 -85 8355627
 -85 98091
 -85 65579
 -85 65607
 -33 8388575
 -33 65503
 -33 65247
 -33 65209
 95 32991
 95 32991
 95 65247
 95 65175
 -74 8388406
 -74 65334
 -74 65334
 -74 65304
 -169 8388567
 -169 65495
 -169 65239
 -169 65161
 -180 8388556
 -180 65484
 -180 64972
 -180 64964
 -280 8388200
 -280 65128
 -280 64872
 -280 64866
 -168 8388440
 -168 65368
 -168 64856
 -168 64830
 -108 8388500
 -108 65428
 -108 64916
 -108 64909
 -83 8388397
 -83 65325
 -83 64557
 -83 64567
 -111 8388497
 -111 65425
 -111 64401
 -111 64430
 144 32784
 144 32784
 144 64528
 144 64608
 194 32834
 194 32834
 194 64834
 194 64850
 70 32838
 70 32838
 70 64838
 70 64853
 0 32896
 0 32896
 0 64640
 0 64761
 -43 8388565
 -43 65493
 -43 64469
 -43 64442
 -146 8388590
 -146 65518
 -146 64494
 -146 64442
 -36 8388572
 -36 65500
 -36 64476
 -36 64430
 79 32847
 79 32847
 79 64335
 79 64338
 -93 8388515
 -93 65443
 -93 64675
 -93 64643
 -14 8388594
 -14 65522
 -14 64754
 -14 64681
 86 32982
 86 32982
 86 64726
 86 64747
 7 32903
 7 32903
 7 64647
 7 64755
 -104 8388504
 -104 65432
 -104 64920
 -104 64919
 -18 8388590
 -18 65518
 -18 65262
 -18 65178
 -133 8388603
 -133 65531
 -133 65019
 -133 65019
 36 32932
 36 32932
 36 64676
 36 64760
 25 32793
 25 32793
 25 64025
 25 64042
 -47 8388561
 -47 65489
 -47 63697
 -47 63655
 57 32953
 57 32953
 57 63417
 57 63412
 147 32787
 147 32787
 147 63251
 147 63346
 -54 8388554
 -54 65482
 -54 63178
 -54 63207
 -46 8388434
 -46 65362
 -46 63058
 -46 63077
 1 32897
 1 32897
 1 62849
 1 62909
 -153 8388583
 -153 65511
 -153 62951
 -153 62975
 130 32898
 130 32898
 130 63106
 130 63223
 275 33171
 275 33171
 275 63123
 275 63193
 265 33161
 265 33161
 265 63113
 265 63169
 -26 8388582
 -26 65510
 -26 63462
 -26 63360
 -170 8388438
 -170 65366
 -170 63318
 -170 63284
 -168 8388440
 -168 65368
 -168 63064
 -168 63043
 -44 8388436
 -44 65364
 -44 63060
 -44 63092
 374 33142
 374 33142
 374 63094
 374 63029
 434 33202
 434 33202
 434 62898
 434 62894
 175 32815
 175 32815
 175 62511
 175 62584
 42 32810
 42 32810
 42 62506
 42 62570
 90 32986
 90 32986
 90 62426
 90 62435
 154 32922
 154 32922
 154 62362
 154 62383
 308 33204
 308 33204
 308 62388
 308 62417
 301 33069
 301 33069
 301 62253
 301 62305
 70 32966
 70 32966
 70 62150
 70 62114
 77 32973
 77 32973
 77 62413
 77 62347
 174 32942
 174 32942
 174 62126
 174 62136
 402 33042
 402 33042
 402 61970
 402 62038
 353 33249
 353 33249
 353 61921
 353 61895
 437 33077
 437 33077
 437 61749
 437 61816
 378 33146
 378 33146
 378 61818
 378 61793
 356 33252
 356 33252
 356 61924
 356 61829
 503 33271
 503 33271
 503 61943
 503 61945
 543 33311
 543 33311
 543 62239
 543 62225
 612 33508
 612 33508
 612 62180
 612 62201
 718 33358
 718 33358
 718 62286
 718 62255
 309 33077
 309 33077
 309 62517
 309 62494
 349 33245
 349 33245
 349 62429
 349 62423
 706 33474
 706 33474
 706 62402
 706 62425
 698 33466
 698 33466
 698 62394
 698 62456
 637 33533
 637 33533
 637 62717
 637 62639
 820 33716
 820 33716
 820 62644
 820 62703
 1023 33663
 1023 33663
 1023 62847
 1023 62832
 1094 33990
 1094 33990
 1094 62918
 1094 62916
 1174 33942
 1174 33942
 1174 62870
 1174 62964
 1186 33954
 1186 33954
 1186 63138
 1186 63109
 1108 34004
 1108 34004
 1108 63188
 1108 63153
 1302 34198
 1302 34198
 1302 63126
 1302 63152
 1616 34384
 1616 34384
 1616 63312
 1616 63254
 1682 34450
 1682 34450
 1682 63122
 1682 63142
 1530 34170
 1530 34170
 1530 63354
 1530 63258
 1891 34659
 1891 34659
 1891 63075
 1891 63082
 2257 35025
 2257 35025
 2257 62929
 2257 62889
 2119 35015
 2119 35015
 2119 62407
 2119 62394
 2124 34892
 2124 34892
 2124 62028
 2124 62052
 2516 35284
 2516 35284
 2516 61908
 2516 61893
 2788 35556
 2788 35556
 2788 61924
 2788 61853
 2987 35755
 2987 35755
 2987 61611
 2987 61639
 3007 35647
 3007 35647
 3007 61503
 3007 61513
 3016 35656
 3016 35656
 3016 61512
 3016 61488
 3441 36209
 3441 36209
 3441 61297
 3441 61270
 3641 36537
 3641 36537
 3641 61113
 3641 61174
 3709 36605
 3709 36605
 3709 61181
 3709 61105
 4299 36939
 4299 36939
 4299 60747
 4299 60675
 4625 37521
 4625 37521
 4625 60305
 4625 60406
 4741 37509
 4741 37509
 4741 60293
 4741 60293
 5282 38050
 5282 38050
 5282 60066
 5282 60054
 5680 38576
 5680 38576
 5680 59824
 5680 59879
 6055 38823
 6055 38823
 6055 59559
 6055 59638
 6698 39466
 6698 39466
 6698 59434
 6698 59501
 7161 39929
 7161 39929
 7161 59641
 7161 59589
 7351 39991
 7351 39991
 7351 59703
 7351 59679
 8086 40726
 8086 40726
 8086 59670
 8086 59716
 8494 41390
 8494 41390
 8494 59566
 8494 59625
 9255 42023
 9255 42023
 9255 59687
 9255 59659
 9674 42442
 9674 42442
 9674 59594
 9674 59585
 10234 43002
 10234 43002
 10234 59898
 10234 59781
 10948 43588
 10948 43588
 10948 59716
 10948 59654
 11855 44751
 11855 44751
 11855 59343
 11855 59368
 12449 45089
 12449 45089
 12449 59169
 12449 59188
 13270 45910
 13270 45910
 13270 59222
 13270 59152
 14046 46686
 14046 46686
 14046 59230
 14046 59244
 15068 47836
 15068 47836
 15068 59100
 15068 59034
 15702 48470
 15702 48470
 15702 58710
 15702 58735
 16684 49452
 16684 49452
 16684 58668
 16684 58674
 17901 50541
 17901 50541
 17901 58477
 17901 58411
 19135 51903
 19135 51903
 19135 58303
 19135 58267
 20217 52985
 20217 52985
 20217 58105
 20217 58089
 21219 53987
 21219 53987
 21219 58339
 21219 58331
 22615 55511
 22615 55511
 22615 58071
 22615 58084
 24140 56908
 24140 56908
 24140 57420
 24140 57407
 25867 58635
 25867 58635
 25867 57099
 25867 57090
 27332 59972
 27332 59972
 27332 56644
 27332 56669
 28810 61578
 28810 61578
 28810 56202
 28810 56317
 30416 63184
 30416 63184
 30416 56016
 30416 56061
 32168 64808
 32168 64808
 32168 55592
 32168 55599
 34063 34063
 34063 34063
 34063 55055
 34063 55050
 36245 36117
 36245 36117
 36245 54549
 36245 54626
 38156 38284
 38156 38284
 38156 54156
 38156 54221
 40111 40111
 40111 40111
 40111 53935
 40111 53997
 42579 42579
 42579 42579
 42579 53587
 42579 53531
 44898 45026
 44898 45026
 44898 53218
 44898 53164
 47435 47563
 47435 47563
 47435 52939
 47435 52873
 50025 50153
 50025 50153
 50025 52201
 50025 52175
 52666 52666
 52666 52666
 52666 51386
 52666 51435
 55572 55700
 55572 55700
 55572 50836
 55572 50924
 58564 58564
 58564 58564
 58564 50372
 58564 50340
 61797 61797
 61797 61797
 61797 49765
 61797 49759
 65079 65207
 65079 65207
 65079 49079
 65079 49041
 68532 101300
 68532 35764
 68532 48564
 68532 48549
 72044 104812
 72044 39276
 72044 48236
 72044 48202
 75503 108143
 75503 42607
 75503 47983
 75503 47886
 79501 112269
 79501 46733
 79501 47501
 79501 47526
 83830 116726
 83830 51190
 83830 46838
 83830 46822
 88197 120837
 88197 55301
 88197 45829
 88197 45886
 92624 125264
 92624 59728
 92624 45392
 92624 45314
 97109 129877
 97109 64341
 97109 44885
 97109 44903
 101732 101860
 101732 36324
 101732 44516
 101732 44436
 106579 106707
 106579 41171
 106579 43475
 106579 43458
 111709 111837
 111709 46301
 111709 42461
 111709 42487
 117193 117193
 117193 51657
 117193 41673
 117193 41692
 122923 123051
 122923 57515
 122923 40619
 122923 40695
 128890 128890
 128890 63354
 128890 40058
 128890 40027
 134784 167424
 134784 36352
 134784 38912
 134784 38945
 141096 173992
 141096 42920
 141096 37800
 141096 37822
 147602 180242
 147602 49170
 147602 36882
 147602 36938
 154402 187298
 154402 56226
 154402 35746
 154402 35779
 161192 193960
 161192 62888
 161192 34472
 161192 34555
 168137 168137
 168137 37065
 168137 33737
 168137 33740
 175789 142893
 175789 11821
 175789 32557
 175789 32515
 183451 150555
 183451 19483
 183451 31003
 183451 31021
 191310 158670
 191310 27598
 191310 29646
 191310 29580
 199592 199592
 199592 2984
 199592 27816
 199592 27889
 208035 208035
 208035 11427
 208035 26275
 208035 26352
 216981 216853
 216981 20245
 216981 24853
 216981 24920
 226100 226100
 226100 29492
 226100 23348
 226100 23358
 235338 202570
 235338 5962
 235338 21578
 235338 21582
 244926 212158
 244926 15550
 244926 19902
 244926 19876
 254971 222075
 254971 25467
 254971 18043
 254971 17923
 265231 265359
 265231 3215
 265231 16015
 265231 16095
 275799 275927
 275799 13783
 275799 14551
 275799 14581
 286589 286589
 286589 24445
 286589 12925
 286589 12875
 297559 264919
 297559 2775
 297559 11223
 297559 11174
 308778 276010
 308778 13866
 308778 9258
 308778 9337
 320615 287975
 320615 25831
 320615 7399
 320615 7301
 332462 332462
 332462 4782
 332462 5038
 332462 5037
 344715 344587
 344715 16907
 344715 2571
 344715 2635
 357560 357560
 357560 29880
 357560 440
 357560 389
 370703 -8017905
 370703 -22513
 370703 -1777
 370703 -1787
 383716 -8004892
 383716 -9500
 383716 -4124
 383716 -4102
 397192 -7958776
 397192 -28920
 397192 -6136
 397192 -6137
 411083 -7944885
 411083 -15029
 411083 -8373
 411083 -8322
 425410 -7930430
 425410 -574
 425410 -10302
 425410 -10286
 439845 -7948763
 439845 -18907
 439845 -12507
 439845 -12544
 454593 -7934143
 454593 -4287
 454593 -15039
 454593 -15019
 469727 -7886241
 469727 -21921
 469727 -17569
 469727 -17621
 484988 -7870724
 484988 -6404
 484988 -19972
 484988 -19987
 500460 -7888148
 500460 -23828
 500460 -22548
 500460 -22575
 516248 -7872488
 516248 -8168
 516248 -25576
 516248 -25555
 532681 -7823287
 532681 -24503
 532681 -28343
 532681 -28309
 549311 -7806529
 549311 -7745
 549311 -31041
 549311 -31019
 565981 -7855523
 565981 -56739
 565981 -33955
 565981 -34002
 582889 -7838615
 582889 -39831
 582889 -37271
 582889 -37365
 600061 -7788675
 600061 -55427
 600061 -40835
 600061 -40877
 617526 -7771082
 617526 -37834
 617526 -43978
 617526 -43931
 635342 -7786034
 635342 -52786
 635342 -46642
 635342 -46716
 653424 -7767952
 653424 -34704
 653424 -49552
 653424 -49653
 671538 -7716942
 671538 -49230
 671538 -53070
 671538 -53020
 689921 -7731455
 689921 -63743
 689921 -56319
 689921 -56312
 708283 -7713093
 708283 -45381
 708283 -59717
 708283 -59709
 726980 -7661628
 726980 -59452
 726980 -63292
 726980 -63330
 745787 -7609925
 745787 -73285
 745787 -67141
 745787 -67148
 764802 -7623806
 764802 -87166
 764802 -71038
 764802 -70939
 784021 -7604715
 784021 -68075
 784021 -74475
 784021 -74465
 803228 -7552740
 803228 -81636
 803228 -78052
 803228 -78005
 822694 -7566042
 822694 -94938
 822694 -81626
 822694 -81625
 842456 -7546280
 842456 -75176
 842456 -85416
 842456 -85492
 861745 -7493967
 861745 -88399
 861745 -89679
 861745 -89603
 881162 -7474678
 881162 -69110
 881162 -93430
 881162 -93420
 900750 -7487986
 900750 -82418
 900750 -97522
 900750 -97498
 920361 -7468119
 920361 -128087
 920361 -101463
 920361 -101498
 939952 -7448656
 939952 -108624
 939952 -105040
 939952 -104962
 959449 -7461927
 959449 -121895
 959449 -108583
 959449 -108635
 978950 -7442298
 978950 -102266
 978950 -112506
 978950 -112399
 998437 -7390171
 998437 -115675
 998437 -116187
 998437 -116173
 1017714 -7403534
 1017714 -129038
 1017714 -120078
 1017714 -120142
 1036702 -7384674
 1036702 -110178
 1036702 -124002
 1036702 -124005
 1055912 -7332696
 1055912 -123736
 1055912 -128088
 1055912 -128030
 1075089 -7280879
 1075089 -137455
 1075089 -131567
 1075089 -131558
 1093953 -7294527
 1093953 -151103
 1093953 -135231
 1093953 -135219
 1112352 -7276256
 1112352 -132832
 1112352 -138976
 1112352 -138948
 1130355 -7225357
 1130355 -147469
 1130355 -142349
 1130355 -142385
 1148321 -7240415
 1148321 -162527
 1148321 -145887
 1148321 -145897
 1165819 -7222917
 1165819 -145029
 1165819 -149381
 1165819 -149484
 1183097 -7172615
 1183097 -160263
 1183097 -153095
 1183097 -153168
 1200119 -7155721
 1200119 -143369
 1200119 -156681
 1200119 -156797
 1216814 -7171666
 1216814 -159314
 1216814 -160338
 1216814 -160318
 1232970 -7155638
 1232970 -143286
 1232970 -163510
 1232970 -163534
 1248500 -7140236
 1248500 -193420
 1248500 -167052
 1248500 -167062
 1263748 -7124988
 1263748 -178172
 1263748 -170748
 1263748 -170656
 1278622 -7142754
 1278622 -195938
 1278622 -174178
 1278622 -174159
 1292489 -7129015
 1292489 -182199
 1292489 -177591
 1292489 -177651
 1306261 -7115115
 1306261 -168299
 1306261 -181099
 1306261 -181040
 1319391 -7069345
 1319391 -188065
 1319391 -184225
 1319391 -184287
 1331840 -7056768
 1331840 -175488
 1331840 -187264
 1331840 -187187
 1343680 -7077696
 1343680 -196416
 1343680 -190272
 1343680 -190333
 1354792 -7066456
 1354792 -185176
 1354792 -193368
 1354792 -193291
 1365270 -7056106
 1365270 -174826
 1365270 -196330
 1365270 -196275
 1374761 -7013719
 1374761 -197975
 1374761 -198999
 1374761 -199023
 1383515 -6972325
 1383515 -222117
 1383515 -201893
 1383515 -201938
 1391912 -6963928
 1391912 -213720
 1391912 -204760
 1391912 -204730
 1399317 -6956395
 1399317 -206187
 1399317 -207467
 1399317 -207372
 1405866 -6950102
 1405866 -199894
 1405866 -209878
 1405866 -209833
 1411462 -6977274
 1411462 -227066
 1411462 -212218
 1411462 -212105
 1416444 -6972292
 1416444 -222084
 1416444 -214404
 1416444 -214426
 1420227 -6968509
 1420227 -218301
 1420227 -216765
 1420227 -216706
 1422732 -6966004
 1422732 -215796
 1422732 -218868
 1422732 -218837
 1424963 -6963645
 1424963 -213437
 1424963 -220349
 1424963 -220336
 1425908 -6962828
 1425908 -212620
 1425908 -221580
 1425908 -221668
 1425876 -6962732
 1425876 -212524
 1425876 -223276
 1425876 -223259
 1425136 -6963600
 1425136 -213392
 1425136 -224400
 1425136 -224447
 1423134 -6965474
 1423134 -215266
 1423134 -225506
 1423134 -225521
 1419857 -6968623
 1419857 -218415
 1419857 -226607
 1419857 -226608
 1415819 -6972789
 1415819 -222581
 1415819 -227445
 1415819 -227438
 1410452 -6978156
 1410452 -227948
 1410452 -228204
 1410452 -228150
 1404023 -6951689
 1404023 -201481
 1404023 -228873
 1404023 -228915
 1396592 -6959120
 1396592 -208912
 1396592 -228880
 1396592 -228985
 1388188 -6967780
 1388188 -217572
 1388188 -229092
 1388188 -229012
 1378533 -6977307
 1378533 -227099
 1378533 -228635
 1378533 -228723
 1367802 -7020806
 1367802 -205062
 1367802 -228102
 1367802 -228127
 1355838 -7032642
 1355838 -216898
 1355838 -227394
 1355838 -227445
 1342540 -7013172
 1342540 -197428
 1342540 -226612
 1342540 -226667
 1328292 -7027548
 1328292 -211804
 1328292 -225628
 1328292 -225638
 1313082 -7042630
 1313082 -226886
 1313082 -224326
 1313082 -224295
 1296446 -7092162
 1296446 -210882
 1296446 -223170
 1296446 -223122
 1278651 -7110085
 1278651 -228805
 1278651 -221637
 1278651 -221597
 1259988 -7095852
 1259988 -214572
 1259988 -219948
 1259988 -219983
 1240016 -7148592
 1240016 -201776
 1240016 -218160
 1240016 -218126
 1219113 -7169367
 1219113 -222551
 1219113 -216151
 1219113 -216076
 1196828 -7158884
 1196828 -212068
 1196828 -213604
 1196828 -213566
 1173651 -7214957
 1173651 -202605
 1173651 -211053
 1173651 -210991
 1149385 -7239223
 1149385 -226871
 1149385 -208439
 1149385 -208431
 1123810 -7232158
 1123810 -219806
 1123810 -205470
 1123810 -205561
 1097403 -7291205
 1097403 -213317
 1097403 -202309
 1097403 -202253
 1070078 -7285890
 1070078 -208002
 1070078 -198786
 1070078 -198815
 1041693 -7379683
 1041693 -170723
 1041693 -195299
 1041693 -195251
 1012257 -7376223
 1012257 -167263
 1012257 -191583
 1012257 -191589
 982057 -7439319
 982057 -164823
 982057 -187863
 982057 -187816
 950618 -7470758
 950618 -196262
 950618 -183718
 950618 -183685
 918060 -7470548
 918060 -196052
 918060 -179412
 918060 -179438
 884776 -7536472
 884776 -196440
 884776 -175192
 884776 -175185
 850764 -7570612
 850764 -165044
 850764 -170932
 850764 -170885
 815959 -7572649
 815959 -167081
 815959 -166313
 815959 -166275
 780233 -7608503
 780233 -137399
 780233 -161207
 780233 -161273
 743579 -7612389
 743579 -141285
 743579 -156389
 743579 -156309
 706460 -7682148
 706460 -145508
 706460 -151140
 706460 -151135
 668433 -7687407
 668433 -150767
 668433 -145903
 668433 -145874
 629772 -7758708
 629772 -156532
 629772 -140404
 629772 -140380
 590393 -7765447
 590393 -163271
 590393 -134343
 590393 -134394
 550292 -7838444
 550292 -105196
 550292 -128492
 550292 -128457
 509742 -7911634
 509742 -112850
 509742 -122322
 509742 -122366
 468898 -7919838
 468898 -121054
 468898 -116190
 468898 -116118
 427302 -7994074
 427302 -129754
 427302 -109786
 427302 -109743
 385280 -8035968
 385280 -106112
 385280 -103552
 385280 -103545
 343037 -8012931
 343037 -83075
 343037 -96899
 343037 -96903
 300204 -8088404
 300204 -93012
 300204 -90196
 300204 -90121
 257217 -8131391
 257217 -70463
 257217 -83007
 257217 -83039
 213714 -8142126
 213714 -81198
 213714 -75822
 213714 -75783
 169921 -8218815
 169921 -92351
 169921 -68543
 169921 -68574
 126294 -8295082
 126294 -37546
 126294 -61354
 126294 -61343
 82246 -8306234
 82246 -48698
 82246 -53818
 82246 -53885
 38231 -8383017
 38231 -59945
 38231 -46377
 38231 -46454
 -5757 -38525
 -5757 -38525
 -5757 -39037
 -5757 -39035
 -50123 -17227
 -50123 -17227
 -50123 -31307
 -50123 -31298
 -94085 -93957
 -94085 -28421
 -94085 -23813
 -94085 -23867
 -137800 -137928
 -137800 -6856
 -137800 -16072
 -137800 -16037
 -181582 -148942
 -181582 -17870
 -181582 -8398
 -181582 -8387
 -225039 -225039
 -225039 -28431
 -225039 -783
 -225039 -874
 -268031 8087809
 -268031 26881
 -268031 6657
 -268031 6752
 -310741 8077867
 -310741 16939
 -310741 14379
 -310741 14367
 -353117 8002595
 -353117 7203
 -353117 22051
 -353117 22032
 -395203 7960765
 -395203 30909
 -395203 29629
 -395203 29607
 -436639 7984737
 -436639 54881
 -436639 37217
 -436639 37223
 -477859 7910749
 -477859 46429
 -477859 45149
 -477859 45150
 -518296 7903208
 -518296 38888
 -518296 52712
 -518296 52635
 -558114 7863134
 -558114 64350
 -558114 60254
 -558114 60171
 -597680 7758288
 -597680 90576
 -597680 67536
 -597680 67459
 -636451 7752157
 -636451 84445
 -636451 74461
 -636451 74368
 -674506 7681334
 -674506 79158
 -674506 81462
 -674506 81431
 -711971 7676509
 -711971 74333
 -711971 88413
 -711971 88358
 -748839 7606873
 -748839 70233
 -748839 95065
 -748839 94995
 -784721 7636527
 -784721 99887
 -784721 101935
 -784721 101961
 -819991 7601257
 -819991 130153
 -819991 109161
 -819991 109087
 -854250 7534486
 -854250 128918
 -854250 116374
 -854250 116381
 -887890 7533358
 -887890 127790
 -887890 123950
 -887890 123932
 -920509 7435331
 -920509 160835
 -920509 131395
 -920509 131346
 -952347 7436133
 -952347 161637
 -952347 138597
 -952347 138502
 -982971 7405637
 -982971 131141
 -982971 145477
 -982971 145436
 -1012980 7342860
 -1012980 133900
 -1012980 151820
 -1012980 151861
 -1041905 7346831
 -1041905 137871
 -1041905 158351
 -1041905 158359
 -1069735 7319001
 -1069735 175577
 -1069735 164569
 -1069735 164503
 -1096828 7324548
 -1096828 181124
 -1096828 170372
 -1096828 170457
 -1122715 7266021
 -1122715 188133
 -1122715 176101
 -1122715 176067
 -1147419 7273957
 -1147419 196069
 -1147419 181733
 -1147419 181640
 -1171241 7250135
 -1171241 172247
 -1171241 187351
 -1171241 187275
 -1194233 7194375
 -1194233 182023
 -1194233 192775
 -1194233 192841
 -1215926 7172810
 -1215926 225994
 -1215926 198346
 -1215926 198323
 -1236325 7152283
 -1236325 205467
 -1236325 203931
 -1236325 204020
 -1255561 7100279
 -1255561 218999
 -1255561 209271
 -1255561 209211
 -1274060 7081908
 -1274060 200628
 -1274060 213940
 -1274060 214009
 -1291358 7097250
 -1291358 215970
 -1291358 218786
 -1291358 218786
 -1307370 7081238
 -1307370 199958
 -1307370 223254
 -1307370 223310
 -1322459 7033381
 -1322459 217637
 -1322459 227365
 -1322459 227434
 -1336428 7052052
 -1336428 236308
 -1336428 231700
 -1336428 231780
 -1349377 7071871
 -1349377 256127
 -1349377 236159
 -1349377 236094
 -1360922 7060326
 -1360922 244582
 -1360922 240230
 -1360922 240162
 -1371448 7049800
 -1371448 234056
 -1371448 243784
 -1371448 243758
 -1380916 7007564
 -1380916 257356
 -1380916 247372
 -1380916 247414
 -1389060 6999420
 -1389060 249212
 -1389060 250748
 -1389060 250681
 -1396072 6992536
 -1396072 242328
 -1396072 253592
 -1396072 253681
 -1402322 6986414
 -1402322 236206
 -1402322 256942
 -1402322 256912
 -1407605 6981003
 -1407605 230795
 -1407605 259723
 -1407605 259807
 -1411778 6976830
 -1411778 292158
 -1411778 262462
 -1411778 262445
 -1414850 6973886
 -1414850 289214
 -1414850 264894
 -1414850 264904
 -1416636 6971972
 -1416636 287300
 -1416636 267076
 -1416636 267008
 -1417454 6971282
 -1417454 286610
 -1417454 268946
 -1417454 269049
 -1417569 6971039
 -1417569 286367
 -1417569 270751
 -1417569 270822
 -1416476 6972132
 -1416476 287460
 -1416476 272356
 -1416476 272354
 -1414370 6974238
 -1414370 289566
 -1414370 273694
 -1414370 273665
 -1411292 6977444
 -1411292 292772
 -1411292 274852
 -1411292 274915
 -1407644 6948196
 -1407644 263524
 -1407644 276324
 -1407644 276278
 -1402779 6953061
 -1402779 268389
 -1402779 277093
 -1402779 277075
 -1396863 6958977
 -1396863 274305
 -1396863 277633
 -1396863 277739
 -1390316 6965524
 -1390316 280852
 -1390316 278292
 -1390316 278298
 -1383254 6972586
 -1383254 287914
 -1383254 278698
 -1383254 278739
 -1375044 7013436
 -1375044 263228
 -1375044 279100
 -1375044 279085
 -1366192 7022416
 -1366192 272208
 -1366192 279120
 -1366192 279083
 -1356535 7032201
 -1356535 281993
 -1356535 278921
 -1356535 279017
 -1346022 7042586
 -1346022 292378
 -1346022 278810
 -1346022 278813
 -1335007 7020961
 -1335007 270753
 -1335007 278689
 -1335007 278751
 -1323378 7032462
 -1323378 282254
 -1323378 278414
 -1323378 278466
 -1310871 7045097
 -1310871 294889
 -1310871 277993
 -1310871 277903
 -1297796 7090940
 -1297796 275196
 -1297796 276988
 -1297796 276906
 -1284381 7104227
 -1284381 288483
 -1284381 276195
 -1284381 276118
 -1270341 7085499
 -1270341 269755
 -1270341 275387
 -1270341 275369
 -1255610 7100230
 -1255610 284486
 -1255610 274502
 -1255610 274518
 -1240514 7148222
 -1240514 266942
 -1240514 273342
 -1240514 273400
 -1224814 7163794
 -1224814 282514
 -1224814 272274
 -1224814 272301
 -1208874 7146966
 -1208874 265686
 -1208874 271062
 -1208874 270987
 -1192512 7163200
 -1192512 281920
 -1192512 269632
 -1192512 269633
 -1175683 7213053
 -1175683 266237
 -1175683 268029
 -1175683 267920
 -1158684 7229796
 -1158684 282980
 -1158684 266340
 -1158684 266288
 -1141170 7214670
 -1141170 267854
 -1141170 264526
 -1141170 264552
 -1123388 7232324
 -1123388 285508
 -1123388 262724
 -1123388 262696
 -1105454 7315922
 -1105454 238034
 -1105454 261074
 -1105454 261031
 -1087059 7334189
 -1087059 256301
 -1087059 258861
 -1087059 258892
 -1068754 7319982
 -1068754 242094
 -1068754 256686
 -1068754 256661
 -1050022 7338714
 -1050022 260826
 -1050022 254682
 -1050022 254595
 -1031247 7390001
 -1031247 246577
 -1031247 252465
 -1031247 252524
 -1012038 7376570
 -1012038 233146
 -1012038 250298
 -1012038 250287
 -992939 7395669
 -992939 252245
 -992939 247893
 -992939 247851
 -973908 7447468
 -973908 238508
 -973908 245420
 -973908 245470
 -954732 7466644
 -954732 257684
 -954732 243092
 -954732 243167
 -935271 7453337
 -935271 244377
 -935271 240281
 -935271 240311
 -916086 7505162
 -916086 230666
 -916086 237578
 -916086 237585
 -896775 7524601
 -896775 250105
 -896775 235001
 -896775 234936
 -877474 7511262
 -877474 236766
 -877474 231902
 -877474 231933
 -857958 7497882
 -857958 223386
 -857958 229274
 -857958 229325
 -838743 7549737
 -838743 209705
 -838743 226345
 -838743 226362
 -819543 7568937
 -819543 228905
 -819543 223273
 -819543 223255
 -800321 7555519
 -800321 215487
 -800321 220351
 -800321 220411
 -781297 7607311
 -781297 201743
 -781297 217615
 -781297 217698
 -762514 7626222
 -762514 220654
 -762514 215022
 -762514 214990
 -743547 7612293
 -743547 206725
 -743547 211845
 -743547 211943
 -724898 7631070
 -724898 225502
 -724898 209118
 -724898 209026
 -706636 7681844
 -706636 210740
 -706636 206132
 -706636 206167
 -688167 7700313
 -688167 229209
 -688167 203097
 -688167 203128
 -669866 7685974
 -669866 214870
 -669866 200278
 -669866 200293
 -651982 7736754
 -651982 200114
 -651982 197298
 -651982 197306
 -634369 7786879
 -634369 184703
 -634369 194431
 -634369 194376
 -616999 7771481
 -616999 169305
 -616999 191833
 -616999 191752
 -599755 7788981
 -599755 186805
 -599755 188853
 -599755 188905
 -582691 7838685
 -582691 170973
 -582691 186333
 -582691 186269
 -565895 7855609
 -565895 187897
 -565895 183801
 -565895 183801
 -549150 7839330
 -549150 171618
 -549150 181346
 -549150 181375
 -532796 7855684
 -532796 187972
 -532796 178756
 -532796 178693
 -516880 7904496
 -516880 171248
 -516880 176112
 -516880 176031
 -501109 7920267
 -501109 187019
 -501109 173451
 -501109 173522
 -485674 7902806
 -485674 169558
 -485674 170838
 -485674 170790
 -470606 7918002
 -470606 184754
 -470606 168626
 -470606 168606
 -455655 7965721
 -455655 166937
 -455655 166169
 -455655 166180
 -441075 7947533
 -441075 148749
 -441075 163341
 -441075 163341
 -426726 7962010
 -426726 163226
 -426726 160922
 -426726 160963
 -412384 7943456
 -412384 144672
 -412384 158496
 -412384 158579
 -398823 7957145
 -398823 158361
 -398823 156057
 -398823 156056
 -385597 8002883
 -385597 138563
 -385597 153667
 -385597 153707
 -372208 8016400
 -372208 152080
 -372208 151056
 -372208 151137
 -359172 7996668
 -359172 132348
 -359172 148732
 -359172 148679
 -346819 8009021
 -346819 144701
 -346819 146493
 -346819 146535
 -334859 8020853
 -334859 156533
 -334859 144245
 -334859 144233
 -322972 8065764
 -322972 135908
 -322972 142052
 -322972 142052
 -311217 8077519
 -311217 147663
 -311217 139983
 -311217 139920
 -299828 8088780
 -299828 158924
 -299828 137676
 -299828 137703
 -288843 8066997
 -288843 137141
 -288843 135349
 -288843 135314
 -278241 8077727
 -278241 147871
 -278241 133023
 -278241 133041
 -267694 8088146
 -267694 158290
 -267694 131154
 -267694 131107
 -257707 8163669
 -257707 102741
 -257707 128853
 -257707 128889
 -247889 8173359
 -247889 112431
 -247889 126767
 -247889 126821
 -238296 8183080
 -238296 122152
 -238296 124456
 -238296 124484
 -228973 8159635
 -228973 98707
 -228973 122515
 -228973 122586
 -219973 8168635
 -219973 107707
 -219973 120763
 -219973 120730
 -211043 8177565
 -211043 116637
 -211043 118685
 -211043 118694
 -202574 8186034
 -202574 125106
 -202574 116914
 -202574 116873
 -194532 8226972
 -194532 100508
 -194532 115100
 -194532 115105
 -186673 8234575
 -186673 108111
 -186673 113487
 -186673 113434
 -178927 8242449
 -178927 115985
 -178927 111633
 -178927 111663
 -171445 8249931
 -171445 123467
 -171445 110155
 -171445 110100
 -164268 8257236
 -164268 130772
 -164268 108500
 -164268 108500
 -157522 8231086
 -157522 104622
 -157522 107182
 -157522 107171
 -150790 8237818
 -150790 111354
 -150790 105466
 -150790 105422
 -144255 8244225
 -144255 117761
 -144255 103681
 -144255 103807
 -137917 8250691
 -137917 124227
 -137917 102211
 -137917 102151
 -131739 8256997
 -131739 130533
 -131739 100837
 -131739 100834
 -126113 8295391
 -126113 103391
 -126113 99807
 -126113 99797
 -120407 8300969
 -120407 108969
 -120407 98729
 -120407 98716
 -114868 8273740
 -114868 81740
 -114868 97356
 -114868 97296
 -110031 8278577
 -110031 86577
 -110031 96305
 -110031 96380
 -105004 8283604
 -105004 91604
 -105004 95444
 -105004 95456
 -100098 8288382
 -100098 96382
 -100098 94334
 -100098 94244
 -95394 8260574
 -95394 68574
 -95394 93150
 -95394 93142
 -90937 8264903
 -90937 72903
 -90937 92103
 -90937 92060
 -86826 8269014
 -86826 77014
 -86826 91094
 -86826 91015
 -82762 8272950
 -82762 80950
 -82762 90166
 -82762 90206
 -78722 8277246
 -78722 85246
 -78722 89342
 -78722 89328
 -75012 8280828
 -75012 88828
 -75012 88572
 -75012 88536
 -71555 8284285
 -71555 92285
 -71555 87933
 -71555 87832
 -67991 8287849
 -67991 95849
 -67991 86633
 -67991 86569
 -64722 8324014
 -64722 66478
 -64722 85678
 -64722 85651
 -61592 8327016
 -61592 69480
 -61592 85096
 -61592 85102
 -58347 8330389
 -58347 72853
 -58347 84373
 -58347 84447
 -55291 8333317
 -55291 75781
 -55291 83461
 -55291 83474
 -52591 8335889
 -52591 78353
 -52591 82449
 -52591 82523
 -50032 8338576
 -50032 81040
 -50032 81808
 -50032 81827
 -47544 8341064
 -47544 83528
 -47544 81224
 -47544 81179
 -45075 8343405
 -45075 85869
 -45075 80493
 -45075 80410
 -42866 8345742
 -42866 88206
 -42866 79502
 -42866 79524
 -40649 8347959
 -40649 90423
 -40649 78647
 -40649 78714
 -38542 8350194
 -38542 92658
 -38542 78066
 -38542 78031
 -36621 8351859
 -36621 94323
 -36621 77171
 -36621 77129
 -34556 8354180
 -34556 96644
 -34556 76420
 -34556 76462
 -32636 8323076
 -32636 65540
 -32636 75780
 -32636 75798
 -31055 8324657
 -31055 67121
 -31055 75057
 -31055 75016
 -29274 8326566
 -29274 69030
 -29274 74406
 -29274 74442
 -27602 8328238
 -27602 70702
 -27602 73774
 -27602 73852
 -26281 8329687
 -26281 72151
 -26281 73431
 -26281 73361
 -24952 8330888
 -24952 73352
 -24952 73096
 -24952 73184
 -23719 8332121
 -23719 74585
 -23719 72537
 -23719 72531
 -22233 8333607
 -22233 76071
 -22233 71975
 -22233 71993
 -20917 8334923
 -20917 77387
 -20917 71499
 -20917 71489
 -19680 8336160
 -19680 78624
 -19680 70944
 -19680 71017
 -18649 8337191
 -18649 79655
 -18649 70695
 -18649 70691
 -17890 8338078
 -17890 80542
 -17890 70046
 -17890 70121
 -16701 8339011
 -16701 81475
 -16701 69699
 -16701 69732
 -15875 8339965
 -15875 82429
 -15875 69373
 -15875 69273
 -15053 8340787
 -15053 83251
 -15053 68915
 -15053 68899
 -13944 8341768
 -13944 84232
 -13944 68616
 -13944 68721
 -13215 8342625
 -13215 85089
 -13215 68705
 -13215 68624
 -12483 8343357
 -12483 85821
 -12483 68413
 -12483 68415
 -11849 8343991
 -11849 86455
 -11849 68279
 -11849 68227
 -11034 8344806
 -11034 87270
 -11034 68070
 -11034 67997
 -10429 8345411
 -10429 87875
 -10429 67907
 -10429 67862
 -9810 8345902
 -9810 88366
 -9810 67630
 -9810 67705
 -9288 8346424
 -9288 88888
 -9288 67640
 -9288 67587
 -8887 8347081
 -8887 89545
 -8887 67273
 -8887 67322
 -8470 8347242
 -8470 89706
 -8470 66922
 -8470 66851
 -7998 8347842
 -7998 90306
 -7998 66754
 -7998 66747
 -7322 8348518
 -7322 90982
 -7322 66406
 -7322 66330
 -6906 8349062
 -6906 91526
 -6906 66182
 -6906 66206
 -6761 8348951
 -6761 91415
 -6761 65815
 -6761 65905
 -6513 8349199
 -6513 91663
 -6513 65807
 -6513 65896
 -5906 8349934
 -5906 92398
 -5906 65774
 -5906 65688
 -5455 8383025
 -5455 59953
 -5455 64817
 -5455 64834
 -5235 8383373
 -5235 60301
 -5235 64397
 -5235 64406
 -4893 8383715
 -4893 60643
 -4893 63971
 -4893 63906
 -4730 8383878
 -4730 60806
 -4730 63622
 -4730 63664
 -4525 8384083
 -4525 61011
 -4525 63315
 -4525 63351
 -4313 8384423
 -4313 61351
 -4313 62887
 -4313 62904
 -3981 8384755
 -3981 61683
 -3981 62963
 -3981 62919
 -3614 8384866
 -3614 61794
 -3614 63074
 -3614 63008
 -3332 8385148
 -3332 62076
 -3332 63100
 -3332 62982
 -3160 8385320
 -3160 62248
 -3160 62760
 -3160 62786
 -2703 8386033
 -2703 62961
 -2703 62705
 -2703 62693
 -2483 8386253
 -2483 63181
 -2483 62413
 -2483 62441
 -2461 8386275
 -2461 63203
 -2461 62179
 -2461 62165
 -2314 8386294
 -2314 63222
 -2314 62198
 -2314 62121
 -2143 8386337
 -2143 63265
 -2143 61985
 -2143 61961
 -2068 8386540
 -2068 63468
 -2068 61676
 -2068 61633
 -2188 8386548
 -2188 63476
 -2188 61428
 -2188 61415
 -2263 8386473
 -2263 63401
 -2263 61097
 -2263 61115
 -2155 8386325
 -2155 63253
 -2155 60949
 -2155 60964
 -1833 8386775
 -1833 63703
 -1833 61143
 -1833 61105
 -1479 8387129
 -1479 64057
 -1479 60985
 -1479 61019
 -1181 8387427
 -1181 64355
 -1181 61027
 -1181 60939
 -1242 8387366
 -1242 64294
 -1242 60966
 -1242 61040
 -1313 8387295
 -1313 64223
 -1313 61151
 -1313 61095
 -1206 8387530
 -1206 64458
 -1206 61130
 -1206 61126
 -1215 8387393
 -1215 64321
 -1215 61249
 -1215 61259
 -1142 8387338
 -1142 64266
 -1142 61194
 -1142 61231
 -957 8387651
 -957 64579
 -957 61251
 -957 61262
 -918 8387690
 -918 64618
 -918 61290
 -918 61277
 -777 8387831
 -777 64759
 -777 61175
 -777 61158
 -813 8387795
 -813 64723
 -813 61139
 -813 61151
 -866 8387742
 -866 64670
 -866 60830
 -866 60916
 -660 8387948
 -660 64876
 -660 61036
 -660 61052
 -810 8387798
 -810 64726
 -810 61142
 -810 61110
 -708 8387900
 -708 64828
 -708 60988
 -708 60928
 -582 8388026
 -582 64954
 -582 60602
 -582 60655
 -600 8388008
 -600 64936
 -600 60584
 -600 60555
 -586 8387894
 -586 64822
 -586 60470
 -586 60510
 -748 8387988
 -748 64916
 -748 60052
 -748 60156
 -790 8387690
 -790 64618
 -790 59754
 -790 59756
 -496 8388240
 -496 65168
 -496 59792
 -496 59804
 -518 8388090
 -518 65018
 -518 59898
 -518 59855
 -533 8387947
 -533 64875
 -533 59499
 -533 59512
 -632 8387848
 -632 64776
 -632 59144
 -632 59142
 -571 8388037
 -571 64965
 -571 58821
 -571 58861
 -689 8388047
 -689 64975
 -689 58831
 -689 58844
 -483 8388253
 -483 65181
 -483 58781
 -483 58797
 -362 8388118
 -362 65046
 -362 58646
 -362 58651
 -546 8387934
 -546 64862
 -546 58462
 -546 58451
 -449 8388287
 -449 65215
 -449 58047
 -449 58036
 -262 8388218
 -262 65146
 -262 57978
 -262 57983
 -184 8388552
 -184 65480
 -184 58056
 -184 58011
 -190 8388418
 -190 65346
 -190 58178
 -190 58199
 -172 8388436
 -172 65364
 -172 58196
 -172 58234
 110 33006
 110 33006
 110 57838
 110 57841
 -134 8388474
 -134 65402
 -134 57466
 -134 57355
 -323 8388285
 -323 65213
 -323 57277
 -323 57282
 -261 8388219
 -261 65147
 -261 57467
 -261 57353
 -263 8388217
 -263 65145
 -263 57465
 -263 57373
 -150 8388586
 -150 65514
 -150 57322
 -150 57297
 -313 8388167
 -313 65095
 -313 57415
 -313 57430
 -312 8388296
 -312 65224
 -312 57800
 -312 57795
 -9 8388471
 -9 65399
 -9 57975
 -9 57909
 -302 8388178
 -302 65106
 -302 57938
 -302 57874
 -239 8388497
 -239 65425
 -239 58001
 -239 58054
 -321 8388159
 -321 65087
 -321 58175
 -321 58126
 -395 8388213
 -395 65141
 -395 58229
 -395 58208
 -247 8388361
 -247 65289
 -247 58121
 -247 58192
 -233 8388503
 -233 65431
 -233 58263
 -233 58271
 -312 8388168
 -312 65096
 -312 58184
 -312 58209
 -199 8388537
 -199 65465
 -199 58297
 -199 58257
 -418 8388190
 -418 65118
 -418 58206
 -418 58178
 -373 8388235
 -373 65163
 -373 57995
 -373 58014
 -148 8388588
 -148 65516
 -148 58348
 -148 58262
 29 32797
 29 32797
 29 58141
 29 58182
 -94 8388386
 -94 65314
 -94 58146
 -94 58134
 -284 8388324
 -284 65252
 -284 58084
 -284 58017
 -303 8388305
 -303 65233
 -303 57809
 -303 57849
 -492 8388116
 -492 65044
 -492 57620
 -492 57675
 -425 8388311
 -425 65239
 -425 57559
 -425 57474
 -270 8388210
 -270 65138
 -270 57458
 -270 57350
 -169 8388567
 -169 65495
 -169 57303
 -169 57262
 -134 8388602
 -134 65530
 -134 57082
 -134 57044
 -186 8388422
 -186 65350
 -186 56902
 -186 56915
 -137 8388599
 -137 65527
 -137 56823
 -137 56804
 -251 8388357
 -251 65285
 -251 56325
 -251 56325
 -35 8388445
 -35 65373
 -35 55901
 -35 55914
 -102 8388506
 -102 65434
 -102 55706
 -102 55799
 -142 8388594
 -142 65522
 -142 56050
 -142 55944
 -315 8388293
 -315 65221
 -315 56005
 -315 56011
 -288 8388320
 -288 65248
 -288 55776
 -288 55793
 -383 8388225
 -383 65153
 -383 55681
 -383 55682
 -139 8388597
 -139 65525
 -139 55797
 -139 55701
 -146 8388462
 -146 65390
 -146 55662
 -146 55641
 56 32952
 56 32952
 56 55480
 56 55530
 -58 8388422
 -58 65350
 -58 55110
 -58 55146
 -255 8388353
 -255 65281
 -255 55041
 -255 55063
 -39 8388441
 -39 65369
 -39 54873
 -39 54852
 23 32919
 23 32919
 23 54935
 23 55013
 60 32828
 60 32828
 60 55356
 60 55370
 19 32787
 19 32787
 19 55315
 19 55414
 79 32847
 79 32847
 79 55631
 79 55583
 -77 8388403
 -77 65331
 -77 55603
 -77 55625
 -176 8388432
 -176 65360
 -176 55632
 -176 55677
 -72 8388536
 -72 65464
 -72 55736
 -72 55695
 -222 8388514
 -222 65442
 -222 55714
 -222 55726
 -165 8388443
 -165 65371
 -165 55899
 -165 55887
 -183 8388553
 -183 65481
 -183 55753
 -183 55786
 -45 8388435
 -45 65363
 -45 55635
 -45 55614
 -38 8388442
 -38 65370
 -38 55386
 -38 55365
 -55 8388425
 -55 65353
 -55 55625
 -55 55665
 -138 8388598
 -138 65526
 -138 55798
 -138 55770
 43 32811
 43 32811
 43 55339
 43 55414
 0 32768
 0 32768
 0 55040
 0 55115
 -190 8388546
 -190 65474
 -190 55490
 -190 55532
 -333 8388275
 -333 65203
 -333 55475
 -333 55452
 -93 8388515
 -93 65443
 -93 55203
 -93 55211
 38 32806
 38 32806
 38 55078
 38 55104
 -133 8388475
 -133 65403
 -133 54907
 -133 54822
 -107 8388373
 -107 65301
 -107 54549
 -107 54635
 -168 8388568
 -168 65496
 -168 54488
 -168 54443
 -137 8388471
 -137 65399
 -137 54135
 -137 54071
 56 32824
 56 32824
 56 53560
 56 53597
 65 32833
 65 32833
 65 53313
 65 53334
 -132 8388604
 -132 65532
 -132 53244
 -132 53236
 12 32908
 12 32908
 12 53388
 12 53383
 -174 8388562
 -174 65490
 -174 53714
 -174 53719
 -105 8388375
 -105 65303
 -105 53783
 -105 53837
 -146 8388462
 -146 65390
 -146 53870
 -146 53802
 -109 8388499
 -109 65427
 -109 53651
 -109 53635
 -183 8388425
 -183 65353
 -183 53577
 -183 53568
 -49 8388431
 -49 65359
 -49 53583
 -49 53522
 -79 8388529
 -79 65457
 -79 53169
 -79 53197
 -98 8388510
 -98 65438
 -98 53150
 -98 53168
 11 32779
 11 32779
 11 53003
 11 53075
 -88 8388520
 -88 65448
 -88 52904
 -88 52986
 10 32906
 10 32906
 10 52874
 10 52941
 -96 8388384
 -96 65312
 -96 53024
 -96 53011
 -155 8388453
 -155 65381
 -155 53093
 -155 53105
 -178 8388430
 -178 65358
 -178 53326
 -178 53322
 -425 8388183
 -425 65111
 -425 53335
 -425 53353
 -135 8388601
 -135 65529
 -135 53497
 -135 53399
 241 33009
 241 33009
 241 53489
 241 53485
 56 32952
 56 32952
 56 53176
 56 53177
 5 32773
 5 32773
 5 53253
 5 53331
 132 32772
 132 32772
 132 53252
 132 53334
 -74 8388406
 -74 65334
 -74 53302
 -74 53280
 39 32935
 39 32935
 39 53415
 39 53409
 -159 8388577
 -159 65505
 -159 53473
 -159 53491
 -229 8388379
 -229 65307
 -229 53531
 -229 53560
 -168 8388568
 -168 65496
 -168 53720
 -168 53657
 52 32820
 52 32820
 52 53556
 52 53547
 -87 8388521
 -87 65449
 -87 53417
 -87 53498
 -218 8388390
 -218 65318
 -218 53542
 -218 53515
 84 32852
 84 32852
 84 53332
 84 53285
 -179 8388557
 -179 65485
 -179 53197
 -179 53203
 -66 8388542
 -66 65470
 -66 53182
 -66 53176
 53 32949
 53 32949
 53 52917
 53 52967
 -92 8388516
 -92 65444
 -92 52900
 -92 52870
 -179 8388429
 -179 65357
 -179 52557
 -179 52512
 28 32796
 28 32796
 28 52252
 28 52233
 23 32919
 23 32919
 23 52375
 23 52385
 -97 8388383
 -97 65311
 -97 52255
 -97 52258
 -136 8388600
 -136 65528
 -136 51960
 -136 51899
 -252 8388356
 -252 65284
 -252 51716
 -252 51823
 -35 8388573
 -35 65501
 -35 51677
 -35 51686
 -61 8388547
 -61 65475
 -61 51651
 -61 51594
 -108 8388500
 -108 65428
 -108 51348
 -108 51371
 -112 8388496
 -112 65424
 -112 51344
 -112 51355
 39 32807
 39 32807
 39 51239
 39 51261
 -5 8388475
 -5 65403
 -5 51323
 -5 51284
 -140 8388596
 -140 65524
 -140 51444
 -140 51389
 -259 8388221
 -259 65149
 -259 51325
 -259 51213
 -203 8388405
 -203 65333
 -203 50741
 -203 50770
 -375 8388105
 -375 65033
 -375 50441
 -375 50532
 -287 8388321
 -287 65249
 -287 50401
 -287 50386
 -75 8388405
 -75 65333
 -75 50485
 -75 50495
 -264 8388216
 -264 65144
 -264 51320
 -264 51205
 -169 8388567
 -169 65495
 -169 51415
 -169 51451
 -379 8388229
 -379 65157
 -379 51333
 -379 51345
 -198 8388410
 -198 65338
 -198 51770
 -198 51734
 -176 8388560
 -176 65488
 -176 51920
 -176 51844
 19 32915
 19 32915
 19 51859
 19 51868
 -136 8388600
 -136 65528
 -136 52216
 -136 52179
 -176 8388560
 -176 65488
 -176 52176
 -176 52182
 -125 8388483
 -125 65411
 -125 52099
 -125 52169
 -86 8388394
 -86 65322
 -86 51754
 -86 51713
 39 32807
 39 32807
 39 51751
 39 51776
 -92 8388388
 -92 65316
 -92 52004
 -92 52011
 -50 8388558
 -50 65486
 -50 51918
 -50 51855
 -33 8388575
 -33 65503
 -33 51679
 -33 51679
 -57 8388423
 -57 65351
 -57 52039
 -57 52008
 -160 8388576
 -160 65504
 -160 51936
 -160 51902
 -7 8388473
 -7 65401
 -7 52089
 -7 51978
 -34 8388574
 -34 65502
 -34 52190
 -34 52135
 239 33007
 239 33007
 239 51951
 239 51852
 -35 8388573
 -35 65501
 -35 51677
 -35 51592
 -200 8388408
 -200 65336
 -200 51512
 -200 51533
 1 32769
 1 32769
 1 51201
 1 51263
 -68 8388540
 -68 65468
 -68 51132
 -68 51196
 245 33013
 245 33013
 245 51189
 245 51191
 -55 8388425
 -55 65353
 -55 51017
 -55 51052
 13 32909
 13 32909
 13 50829
 13 50850
 -127 8388481
 -127 65409
 -127 50561
 -127 50595
 -206 8388530
 -206 65458
 -206 50354
 -206 50385
 196 32836
 196 32836
 196 50244
 196 50208
 308 33076
 308 33076
 308 50228
 308 50202
 -71 8388409
 -71 65337
 -71 50489
 -71 50549
 -191 8388545
 -191 65473
 -191 50625
 -191 50586
 -78 8388530
 -78 65458
 -78 50354
 -78 50375
 55 32951
 55 32951
 55 50359
 55 50304
 89 32857
 89 32857
 89 50009
 89 49987
 -100 8388380
 -100 65308
 -100 49692
 -100 49756
 -33 8388575
 -33 65503
 -33 49631
 -33 49628
 -159 8388577
 -159 65505
 -159 49889
 -159 49811
 -53 8388555
 -53 65483
 -53 50123
 -53 50160
 -161 8388575
 -161 65503
 -161 50143
 -161 50099
 -151 8388585
 -151 65513
 -151 50153
 -151 50115
 -95 8388385
 -95 65313
 -95 50209
 -95 50218
 59 32827
 59 32827
 59 50491
 59 50480
 -10 8388470
 -10 65398
 -10 50550
 -10 50478
 -37 8388443
 -37 65371
 -37 50523
 -37 50529
 65 32833
 65 32833
 65 50497
 65 50457
 -11 8388469
 -11 65397
 -11 50549
 -11 50525
 60 32956
 60 32956
 60 50620
 60 50641
 30 32798
 30 32798
 30 50718
 30 50815
 -185 8388551
 -185 65479
 -185 50631
 -185 50668
 -296 8388184
 -296 65112
 -296 50776
 -296 50746
 -70 8388410
 -70 65338
 -70 50490
 -70 50458
 157 32797
 157 32797
 157 50205
 157 50235
 280 33048
 280 33048
 280 50200
 280 50226
 86 32854
 86 32854
 86 50262
 86 50237
 -191 8388545
 -191 65473
 -191 49857
 -191 49882
 26 32922
 26 32922
 26 49818
 26 49841
 20 32788
 20 32788
 20 49684
 20 49685
 16 32784
 16 32784
 16 49680
 16 49678
 -54 8388426
 -54 65354
 -54 49738
 -54 49765
 -92 8388516
 -92 65444
 -92 49828
 -92 49811
 -251 8388357
 -251 65285
 -251 49669
 -251 49790
 -2 8388478
 -2 65406
 -2 49790
 -2 49771
 -207 8388401
 -207 65329
 -207 49969
 -207 50008
 -292 8388316
 -292 65244
 -292 49884
 -292 49846
 -158 8388450
 -158 65378
 -158 50018
 -158 49928
 -239 8388369
 -239 65297
 -239 49681
 -239 49767
 -122 8388358
 -122 65286
 -122 49414
 -122 49532
 -100 8388508
 -100 65436
 -100 49564
 -100 49558
 105 32873
 105 32873
 105 49513
 105 49479
 -127 8388353
 -127 65281
 -127 49409
 -127 49467
 87 32983
 87 32983
 87 49367
 87 49299
 -25 8388455
 -25 65383
 -25 49255
 -25 49208
 244 33012
 244 33012
 244 49140
 244 49058
 85 32853
 85 32853
 85 48981
 85 48962
 -231 8388505
 -231 65433
 -231 48537
 -231 48613
 53 32949
 53 32949
 53 48821
 53 48849
 28 32924
 28 32924
 28 49052
 28 49134
 56 32824
 56 32824
 56 49208
 56 49214
 -214 8388522
 -214 65450
 -214 49066
 -214 49032
 -95 8388385
 -95 65313
 -95 48929
 -95 48968
 -266 8388342
 -266 65270
 -266 48886
 -266 48778
 -115 8388493
 -115 65421
 -115 48781
 -115 48867
 -164 8388444
 -164 65372
 -164 49244
 -164 49233
 -179 8388557
 -179 65485
 -179 49357
 -179 49330
 87 32855
 87 32855
 87 49495
 87 49423
 16 32784
 16 32784
 16 49680
 16 49726
 -196 8388540
 -196 65468
 -196 49596
 -196 49611
 -214 8388522
 -214 65450
 -214 49578
 -214 49551
 -415 8388321
 -415 65249
 -415 49633
 -415 49653
 -377 8388231
 -377 65159
 -377 49543
 -377 49547
 -85 8388523
 -85 65451
 -85 49579
 -85 49538
 -75 8388405
 -75 65333
 -75 49461
 -75 49479
 61 32829
 61 32829
 61 49469
 61 49470
 -69 8388539
 -69 65467
 -69 49595
 -69 49591
 -56 8388424
 -56 65352
 -56 49480
 -56 49435
 -88 8388520
 -88 65448
 -88 49320
 -88 49348
 -200 8388536
 -200 65464
 -200 49336
 -200 49326
 -264 8388216
 -264 65144
 -264 49272
 -264 49218
 -337 8388271
 -337 65199
 -337 49071
 -337 49077
 41 32809
 41 32809
 41 48937
 41 48920
 125 32893
 125 32893
 125 48765
 125 48683
 -37 8388571
 -37 65499
 -37 48603
 -37 48559
 -142 8388594
 -142 65522
 -142 48370
 -142 48276
 -123 8388485
 -123 65413
 -123 48005
 -123 48097
 103 32871
 103 32871
 103 48231
 103 48175
 -19 8388461
 -19 65389
 -19 47981
 -19 47937
 -32 8388448
 -32 65376
 -32 47968
 -32 47910
 10 32778
 10 32778
 10 47626
 10 47669
 -198 8388410
 -198 65338
 -198 47674
 -198 47625
 -186 8388550
 -186 65478
 -186 47558
 -186 47541
 141 32909
 141 32909
 141 47501
 141 47525
 -152 8388584
 -152 65512
 -152 47592
 -152 47490
 -328 8388280
 -328 65208
 -328 47288
 -328 47353
 -243 8388493
 -243 65421
 -243 47245
 -243 47297
 -18 8388590
 -18 65518
 -18 47342
 -18 47284
 182 32950
 182 32950
 182 47542
 182 47601
 112 33008
 112 33008
 112 48112
 112 48006
 -323 8388157
 -323 65085
 -323 48189
 -323 48208
 -194 8388414
 -194 65342
 -194 48190
 -194 48231
 -91 8388389
 -91 65317
 -91 48165
 -91 48174
 14 32910
 14 32910
 14 48270
 14 48322
 -250 8388486
 -250 65414
 -250 48518
 -250 48588
 -292 8388316
 -292 65244
 -292 48604
 -292 48568
 -240 8388496
 -240 65424
 -240 48784
 -240 48860
 -134 8388602
 -134 65530
 -134 48634
 -134 48632
 119 32887
 119 32887
 119 48503
 119 48507
 -153 8388583
 -153 65511
 -153 48359
 -153 48284
 -8 8388472
 -8 65400
 -8 48504
 -8 48391
 19 32915
 19 32915
 19 48275
 19 48275
 83 32851
 83 32851
 83 48467
 83 48431
 -5 8388603
 -5 65531
 -5 48635
 -5 48536
 20 32788
 20 32788
 20 48660
 20 48646
 -347 8388261
 -347 65189
 -347 48549
 -347 48604
 -158 8388450
 -158 65378
 -158 48738
 -158 48664
 -178 8388430
 -178 65358
 -178 48718
 -178 48738
 -177 8388559
 -177 65487
 -177 48591
 -177 48619
 -45 8388563
 -45 65491
 -45 48339
 -45 48341
 -66 8388414
 -66 65342
 -66 47934
 -66 47929
 -39 8388441
 -39 65369
 -39 47705
 -39 47663
 -15 8388593
 -15 65521
 -15 47601
 -15 47500
 -202 8388406
 -202 65334
 -202 47414
 -202 47369
 -238 8388370
 -238 65298
 -238 47122
 -238 47206
 -229 8388507
 -229 65435
 -229 47003
 -229 47092
 -251 8388357
 -251 65285
 -251 46853
 -251 46918
 -85 8388395
 -85 65323
 -85 46891
 -85 46950
 -30 8388578
 -30 65506
 -30 46818
 -30 46812
 4 32900
 4 32900
 4 46724
 4 46843
 88 32984
 88 32984
 88 46808
 88 46781
 102 32998
 102 32998
 102 46566
 102 46511
 245 32885
 245 32885
 245 46453
 245 46425
 -174 8388562
 -174 65490
 -174 46290
 -174 46301
 -294 8388314
 -294 65242
 -294 46042
 -294 46007
 -50 8388558
 -50 65486
 -50 46030
 -50 46071
 80 32976
 80 32976
 80 46288
 80 46251
 34 32802
 34 32802
 34 46370
 34 46450
 -118 8388362
 -118 65290
 -118 46602
 -118 46598
 -309 8388299
 -309 65227
 -309 46795
 -309 46808
 -315 8388293
 -315 65221
 -315 46789
 -315 46773
 4 32900
 4 32900
 4 46980
 4 46979
 83 32851
 83 32851
 83 47187
 83 47205
 -76 8388404
 -76 65332
 -76 47412
 -76 47372
 -110 8388498
 -110 65426
 -110 47250
 -110 47300
 21 32789
 21 32789
 21 47125
 21 47204
 -45 8388563
 -45 65491
 -45 47315
 -45 47265
 78 32846
 78 32846
 78 47182
 78 47222
 -150 8388458
 -150 65386
 -150 47210
 -150 47160
 -22 8388458
 -22 65386
 -22 47210
 -22 47146
 63 32831
 63 32831
 63 46911
 63 46973
 59 32955
 59 32955
 59 47035
 59 47096
 35 32931
 35 32931
 35 47267
 35 47287
 -141 8388595
 -141 65523
 -141 47603
 -141 47555
 203 32971
 203 32971
 203 47563
 203 47544
 162 32930
 162 32930
 162 47778
 162 47769
 136 32904
 136 32904
 136 47496
 136 47579
 24 32792
 24 32792
 24 47384
 24 47373
 31 32927
 31 32927
 31 47263
 31 47331
 115 32883
 115 32883
 115 47219
 115 47136
 -39 8388569
 -39 65497
 -39 47065
 -39 47020
 61 32957
 61 32957
 61 47037
 61 47074
 -145 8388591
 -145 65519
 -145 46831
 -145 46765
 -148 8388588
 -148 65516
 -148 46572
 -148 46477
 -253 8388483
 -253 65411
 -253 46211
 -253 46330
 -73 8388407
 -73 65335
 -73 46135
 -73 46111
 -34 8388446
 -34 65374
 -34 46174
 -34 46165
 114 33010
 114 33010
 114 46322
 114 46230
 -114 8388494
 -114 65422
 -114 46222
 -114 46303
 41 32937
 41 32937
 41 46249
 41 46324
 -141 8388467
 -141 65395
 -141 46451
 -141 46372
 0 32896
 0 32896
 0 46208
 0 46232
 -25 8388455
 -25 65383
 -25 46183
 -25 46117
 -322 8388286
 -322 65214
 -322 45758
 -322 45821
 -95 8388385
 -95 65313
 -95 45857
 -95 45828
 47 32943
 47 32943
 47 45999
 47 45959
 149 32917
 149 32917
 149 45973
 149 46061
 -119 8388489
 -119 65417
 -119 45961
 -119 45960
 -31 8388449
 -31 65377
 -31 46433
 -31 46378
 -13 8388467
 -13 65395
 -13 46195
 -13 46093
 258 33026
 258 33026
 258 46338
 258 46371
 307 33075
 307 33075
 307 46387
 307 46452
 -81 8388527
 -81 65455
 -81 46511
 -81 46550
 -311 8388169
 -311 65097
 -311 46665
 -311 46678
 -33 8388447
 -33 65375
 -33 46687
 -33 46654
 99 32995
 99 32995
 99 46819
 99 46746
 22 32918
 22 32918
 22 46742
 22 46744
 101 32997
 101 32997
 101 46821
 101 46802
 87 32855
 87 32855
 87 46935
 87 46865
 -97 8388511
 -97 65439
 -97 46751
 -97 46760
 -137 8388599
 -137 65527
 -137 46839
 -137 46787
 -189 8388419
 -189 65347
 -189 46915
 -189 46887
 -300 8388308
 -300 65236
 -300 46804
 -300 46822
 -236 8388500
 -236 65428
 -236 46740
 -236 46809
 -228 8388508
 -228 65436
 -228 47260
 -228 47271
 -80 8388400
 -80 65328
 -80 47152
 -80 47208
 -12 8388596
 -12 65524
 -12 46836
 -12 46826
 -198 8388538
 -198 65466
 -198 46778
 -198 46754
 -120 8388488
 -120 65416
 -120 46472
 -120 46536
 -92 8388388
 -92 65316
 -92 46372
 -92 46446
 -31 8388449
 -31 65377
 -31 46433
 -31 46445
 -197 8388539
 -197 65467
 -197 46267
 -197 46239
 -253 8388355
 -253 65283
 -253 46339
 -253 46339
 -209 8388527
 -209 65455
 -209 45999
 -209 46025
 -52 8388556
 -52 65484
 -52 46028
 -52 45987
 20 32788
 20 32788
 20 45588
 20 45622
 26 32794
 26 32794
 26 45594
 26 45664
 31 32927
 31 32927
 31 45727
 31 45720
 -158 8388578
 -158 65506
 -158 45538
 -158 45519
 -24 8388456
 -24 65384
 -24 45672
 -24 45639
 -23 8388585
 -23 65513
 -23 45801
 -23 45771
 212 32980
 212 32980
 212 45780
 212 45705
 -49 8388431
 -49 65359
 -49 45391
 -49 45325
 -115 8388493
 -115 65421
 -115 45197
 -115 45260
 70 32838
 70 32838
 70 45382
 70 45372
 124 33020
 124 33020
 124 45564
 124 45562
 -82 8388526
 -82 65454
 -82 45486
 -82 45467
 -116 8388492
 -116 65420
 -116 45708
 -116 45781
 31 32927
 31 32927
 31 45983
 31 45998
 163 32803
 163 32803
 163 46115
 163 46126
 258 33026
 258 33026
 258 46082
 258 46120
 25 32793
 25 32793
 25 45849
 25 45902
 45 32813
 45 32813
 45 46125
 45 46080
 -76 8388532
 -76 65460
 -76 46260
 -76 46239
 -64 8388544
 -64 65472
 -64 46272
 -64 46257
 -54 8388554
 -54 65482
 -54 46282
 -54 46281
 -84 8388396
 -84 65324
 -84 46124
 -84 46204
 -373 8388107
 -373 65035
 -373 46091
 -373 46174
 -204 8388404
 -204 65332
 -204 46388
 -204 46432
 111 32879
 111 32879
 111 46703
 111 46612
 102 32870
 102 32870
 102 46694
 102 46594
 0 32768
 0 32768
 0 46848
 0 46858
 -71 8388537
 -71 65465
 -71 47033
 -71 47011
 124 33020
 124 33020
 124 46844
 124 46733
 91 32987
 91 32987
 91 46299
 91 46305
 7 32903
 7 32903
 7 45959
 7 46041
 -196 8388412
 -196 65340
 -196 46140
 -196 46101
 -110 8388498
 -110 65426
 -110 45714
 -110 45810
 163 32931
 163 32931
 163 45731
 163 45756
 75 32971
 75 32971
 75 45771
 75 45705
 -55 8388553
 -55 65481
 -55 45513
 -55 45467
 -77 8388531
 -77 65459
 -77 45235
 -77 45301
 -196 8388540
 -196 65468
 -196 45244
 -196 45234
 -219 8388517
 -219 65445
 -219 45221
 -219 45229
 41 32809
 41 32809
 41 45097
 41 45136
 -81 8388527
 -81 65455
 -81 44975
 -81 44997
 -188 8388548
 -188 65476
 -188 44996
 -188 44955
 -205 8388403
 -205 65331
 -205 45107
 -205 45057
 -168 8388568
 -168 65496
 -168 45016
 -168 44961
 -121 8388359
 -121 65287
 -121 44807
 -121 44883
 -314 8388166
 -314 65094
 -314 44870
 -314 44824
 -163 8388573
 -163 65501
 -163 44765
 -163 44683
 -183 8388425
 -183 65353
 -183 44617
 -183 44565
 -21 8388587
 -21 65515
 -21 44523
 -21 44521
 -125 8388483
 -125 65411
 -125 44419
 -125 44453
 -20 8388460
 -20 65388
 -20 44652
 -20 44560
 -149 8388587
 -149 65515
 -149 44779
 -149 44793
 -156 8388452
 -156 65380
 -156 44900
 -156 44916
 40 32936
 40 32936
 40 44968
 40 44948
 -169 8388439
 -169 65367
 -169 45143
 -169 45179
 -228 8388380
 -228 65308
 -228 45084
 -228 45116
 -179 8388557
 -179 65485
 -179 45261
 -179 45214
 -64 8388416
 -64 65344
 -64 45376
 -64 45339
 -43 8388565
 -43 65493
 -43 45781
 -43 45757
 248 33016
 248 33016
 248 45816
 248 45806
 -34 8388446
 -34 65374
 -34 45918
 -34 45946
 -66 8388414
 -66 65342
 -66 45886
 -66 45831
 -156 8388452
 -156 65380
 -156 45924
 -156 45839
 94 32990
 94 32990
 94 45534
 94 45518
 -63 8388545
 -63 65473
 -63 45249
 -63 45288
 -158 8388450
 -158 65378
 -158 45410
 -158 45414
 -118 8388490
 -118 65418
 -118 45450
 -118 45535
 -230 8388506
 -230 65434
 -230 45466
 -230 45531
 -72 8388536
 -72 65464
 -72 45496
 -72 45503
 -180 8388428
 -180 65356
 -180 45388
 -180 45436
 -346 8388262
 -346 65190
 -346 45478
 -346 45502
 -213 8388395
 -213 65323
 -213 45099
 -213 45158
 -168 8388568
 -168 65496
 -168 45016
 -168 44961
 -290 8388318
 -290 65246
 -290 44766
 -290 44746
 -141 8388467
 -141 65395
 -141 44659
 -141 44573
 -270 8388338
 -270 65266
 -270 44530
 -270 44464
 -273 8388207
 -273 65135
 -273 44399
 -273 44394
 -42 8388438
 -42 65366
 -42 44374
 -42 44370
 -5 8388475
 -5 65403
 -5 44411
 -5 44371
 -173 8388435
 -173 65363
 -173 44115
 -173 44150
 -49 8388431
 -49 65359
 -49 43855
 -49 43862
 50 32818
 50 32818
 50 43826
 50 43886
 45 32941
 45 32941
 45 43949
 45 44003
 -179 8388557
 -179 65485
 -179 43981
 -179 43906
 -170 8388566
 -170 65494
 -170 43734
 -170 43687
 -46 8388434
 -46 65362
 -46 43346
 -46 43290
 0 32768
 0 32768
 0 43008
 0 43130
 55 32823
 55 32823
 55 42807
 55 42854
 121 33017
 121 33017
 121 43001
 121 42954
 -6 8388474
 -6 65402
 -6 43386
 -6 43378
 -86 8388394
 -86 65322
 -86 43562
 -86 43590
 54 32950
 54 32950
 54 43958
 54 43996
 122 33018
 122 33018
 122 44282
 122 44160
 -191 8388417
 -191 65345
 -191 44353
 -191 44356
 -96 8388512
 -96 65440
 -96 44448
 -96 44469
 -215 8388521
 -215 65449
 -215 44457
 -215 44524
 -57 8388551
 -57 65479
 -57 44487
 -57 44523
 -191 8388545
 -191 65473
 -191 44481
 -191 44473
 -108 8388500
 -108 65428
 -108 44436
 -108 44483
 -180 8388428
 -180 65356
 -180 44620
 -180 44553
 -248 8388488
 -248 65416
 -248 44424
 -248 44495
 89 32985
 89 32985
 89 44505
 89 44447
 40 32936
 40 32936
 40 44456
 40 44453
 63 32831
 63 32831
 63 44351
 63 44376
 -103 8388505
 -103 65433
 -103 44185
 -103 44275
 -23 8388585
 -23 65513
 -23 44521
 -23 44458
 -36 8388572
 -36 65500
 -36 44508
 -36 44450
 31 32927
 31 32927
 31 44447
 31 44499
 -134 8388474
 -134 65402
 -134 44410
 -134 44401
 -219 8388517
 -219 65445
 -219 44197
 -219 44164
 -348 8388132
 -348 65060
 -348 44068
 -348 44155
 26 32794
 26 32794
 26 43802
 26 43842
 13 32781
 13 32781
 13 43533
 13 43638
 -161 8388447
 -161 65375
 -161 43615
 -161 43537
 -126 8388482
 -126 65410
 -126 43394
 -126 43450
 120 33016
 120 33016
 120 43256
 120 43261
 66 32962
 66 32962
 66 43202
 66 43138
 26 32922
 26 32922
 26 43162
 26 43145
 57 32953
 57 32953
 57 43193
 57 43162
 4 32900
 4 32900
 4 43140
 4 43152
 82 32850
 82 32850
 82 43090
 82 43086
 210 32850
 210 32850
 210 43090
 210 43024
 49 32945
 49 32945
 49 42929
 49 43005
 -192 8388416
 -192 65344
 -192 43072
 -192 43062
 -274 8388206
 -274 65134
 -274 42606
 -274 42511
 -68 8388540
 -68 65468
 -68 42172
 -68 42190
 138 32906
 138 32906
 138 42122
 138 42204
 237 33005
 237 33005
 237 42221
 237 42162
 -349 8388259
 -349 65187
 -349 42147
 -349 42182
 -374 8388106
 -374 65034
 -374 42250
 -374 42295
 -39 8388441
 -39 65369
 -39 42841
 -39 42811
 -109 8388499
 -109 65427
 -109 42899
 -109 42967
 -203 8388405
 -203 65333
 -203 43061
 -203 43044
 134 32774
 134 32774
 134 43014
 134 43063
 -58 8388422
 -58 65350
 -58 43078
 -58 43119
 -192 8388544
 -192 65472
 -192 43200
 -192 43139
 -17 8388463
 -17 65391
 -17 42863
 -17 42829
 -60 8388548
 -60 65476
 -60 42948
 -60 43000
 133 32773
 133 32773
 133 43013
 133 43132
 180 32820
 180 32820
 180 42804
 180 42814
 63 32831
 63 32831
 63 42559
 63 42608
 71 32839
 71 32839
 71 42567
 71 42534
 145 32785
 145 32785
 145 42513
 145 42573
 -119 8388361
 -119 65289
 -119 42505
 -119 42550
 3 32899
 3 32899
 3 42883
 3 42884
 -2 8388606
 -2 65534
 -2 43006
 -2 42923
 -142 8388594
 -142 65522
 -142 42738
 -142 42718
 -111 8388497
 -111 65425
 -111 42385
 -111 42483
 -203 8388405
 -203 65333
 -203 42293
 -203 42338
 94 32990
 94 32990
 94 42206
 94 42236
 121 33017
 121 33017
 121 42489
 121 42438
 88 32856
 88 32856
 88 42072
 88 42071
 -114 8388366
 -114 65294
 -114 41998
 -114 42017
 -107 8388501
 -107 65429
 -107 42133
 -107 42131
 -96 8388384
 -96 65312
 -96 42016
 -96 42092
 -79 8388401
 -79 65329
 -79 42033
 -79 41985
 15 32783
 15 32783
 15 41999
 15 41992
 -18 8388462
 -18 65390
 -18 42094
 -18 42082
 -188 8388420
 -188 65348
 -188 41796
 -188 41842
 -169 8388439
 -169 65367
 -169 41303
 -169 41333
 42 32810
 42 32810
 42 41002
 42 41031
 -121 8388487
 -121 65415
 -121 41095
 -121 41126
 -134 8388474
 -134 65402
 -134 41082
 -134 41068
 -31 8388449
 -31 65377
 -31 40801
 -31 40825
 10 32778
 10 32778
 10 40458
 10 40548
 -139 8388597
 -139 65525
 -139 40437
 -139 40339
 -192 8388416
 -192 65344
 -192 40256
 -192 40217
 -220 8388516
 -220 65444
 -220 40356
 -220 40357
 -93 8388387
 -93 65315
 -93 40739
 -93 40724
 108 32876
 108 32876
 108 40812
 108 40773
 120 32888
 120 32888
 120 41080
 120 40981
 4 32900
 4 32900
 4 40836
 4 40958
 -75 8388533
 -75 65461
 -75 40885
 -75 40944
 -64 8388544
 -64 65472
 -64 41152
 -64 41123
 -93 8388387
 -93 65315
 -93 40995
 -93 40962
 201 32969
 201 32969
 201 40905
 201 40921
 190 32830
 190 32830
 190 41022
 190 41056
 -69 8388411
 -69 65339
 -69 41019
 -69 41034
 20 32788
 20 32788
 20 40980
 20 41079
 73 32841
 73 32841
 73 41289
 73 41314
 -15 8388465
 -15 65393
 -15 41073
 -15 41083
 37 32805
 37 32805
 37 40741
 37 40728
 -198 8388538
 -198 65466
 -198 40890
 -198 40923
 -135 8388601
 -135 65529
 -135 41209
 -135 41120
 175 32943
 175 32943
 175 41135
 175 41122
 -43 8388565
 -43 65493
 -43 40917
 -43 40913
 -9 8388599
 -9 65527
 -9 40951
 -9 40847
 11 32779
 11 32779
 11 40459
 11 40504
 -145 8388463
 -145 65391
 -145 40303
 -145 40260
 -254 8388354
 -254 65282
 -254 40194
 -254 40245
 90 32858
 90 32858
 90 40026
 90 39955
 -34 8388446
 -34 65374
 -34 39774
 -34 39761
 -22 8388458
 -22 65386
 -22 39786
 -22 39775
 51 32819
 51 32819
 51 39731
 51 39695
 -96 8388512
 -96 65440
 -96 39584
 -96 39652
 -87 8388521
 -87 65449
 -87 39593
 -87 39588
 -210 8388526
 -210 65454
 -210 39598
 -210 39630
 -139 8388469
 -139 65397
 -139 39541
 -139 39434
 -23 8388457
 -23 65385
 -23 39529
 -23 39521
 64 32960
 64 32960
 64 39360
 64 39415
 64 32832
 64 32832
 64 39232
 64 39179
 101 32869
 101 32869
 101 39269
 101 39209
 52 32948
 52 32948
 52 39092
 52 39111
 16 32784
 16 32784
 16 38928
 16 39035
 199 32839
 199 32839
 199 38727
 199 38775
 20 32788
 20 32788
 20 38932
 20 39026
 75 32971
 75 32971
 75 39115
 75 39145
 -42 8388438
 -42 65366
 -42 39254
 -42 39198
 2 32770
 2 32770
 2 39170
 2 39293
 181 32821
 181 32821
 181 39221
 181 39189
 90 32858
 90 32858
 90 39258
 90 39249
 -80 8388400
 -80 65328
 -80 39472
 -80 39519
 -87 8388521
 -87 65449
 -87 39337
 -87 39421
 -35 8388445
 -35 65373
 -35 39517
 -35 39452
 32 32928
 32 32928
 32 39328
 32 39318
 122 32890
 122 32890
 122 39546
 122 39536
 -193 8388415
 -193 65343
 -193 39487
 -193 39465
 -67 8388541
 -67 65469
 -67 39357
 -67 39421
 24 32920
 24 32920
 24 39320
 24 39327
 125 32893
 125 32893
 125 39293
 125 39280
 -54 8388554
 -54 65482
 -54 39370
 -54 39375
 -41 8388439
 -41 65367
 -41 39511
 -41 39496
 146 32914
 146 32914
 146 39570
 146 39666
 -63 8388417
 -63 65345
 -63 39745
 -63 39695
 24 32920
 24 32920
 24 39576
 24 39641
 -234 8388502
 -234 65430
 -234 39318
 -234 39415
 -41 8388439
 -41 65367
 -41 39255
 -41 39174
 -194 8388414
 -194 65342
 -194 38974
 -194 39029
 -25 8388583
 -25 65511
 -25 38887
 -25 38847
 -75 8388533
 -75 65461
 -75 38581
 -75 38592
 106 33002
 106 33002
 106 38634
 106 38622
 -168 8388440
 -168 65368
 -168 38488
 -168 38472
 -157 8388451
 -157 65379
 -157 38499
 -157 38415
 118 32886
 118 32886
 118 38262
 118 38183
 172 32940
 172 32940
 172 38060
 172 38124
 69 32837
 69 32837
 69 38213
 69 38160
 -126 8388482
 -126 65410
 -126 38018
 -126 38042
 -241 8388367
 -241 65295
 -241 38159
 -241 38230
 31 32799
 31 32799
 31 37919
 31 37972
 196 32964
 196 32964
 196 37828
 196 37794
 -173 8388563
 -173 65491
 -173 37843
 -173 37778
 -418 8388190
 -418 65118
 -418 37726
 -418 37667
 -226 8388510
 -226 65438
 -226 37534
 -226 37518
 -271 8388209
 -271 65137
 -271 37489
 -271 37471
 -273 8388335
 -273 65263
 -273 37615
 -273 37522
 -224 8388512
 -224 65440
 -224 37536
 -224 37607
 -82 8388526
 -82 65454
 -82 37806
 -82 37760
 -57 8388551
 -57 65479
 -57 37831
 -57 37864
 -100 8388380
 -100 65308
 -100 37916
 -100 37903
 -176 8388432
 -176 65360
 -176 38224
 -176 38160
 -60 8388420
 -60 65348
 -60 38212
 -60 38163
 32 32800
 32 32800
 32 37920
 32 37986
 32 32800
 32 32800
 32 37920
 32 37898
 -83 8388397
 -83 65325
 -83 37933
 -83 37950
 -42 8388566
 -42 65494
 -42 38358
 -42 38396
 -212 8388524
 -212 65452
 -212 38572
 -212 38561
 -162 8388574
 -162 65502
 -162 38878
 -162 38830
 105 33001
 105 33001
 105 38889
 105 38855
 172 32940
 172 32940
 172 38828
 172 38859
 9 32905
 9 32905
 9 39049
 9 39046
 -174 8388434
 -174 65362
 -174 38994
 -174 39010
 -184 8388424
 -184 65352
 -184 39240
 -184 39196
 -68 8388412
 -68 65340
 -68 39484
 -68 39431
 210 32978
 210 32978
 210 39378
 210 39377
 1 32769
 1 32769
 1 39169
 1 39217
 -130 8388606
 -130 65534
 -130 39166
 -130 39059
 -147 8388589
 -147 65517
 -147 38893
 -147 38903
 -161 8388575
 -161 65503
 -161 38879
 -161 38860
 -23 8388585
 -23 65513
 -23 38377
 -23 38311
 -178 8388558
 -178 65486
 -178 38094
 -178 38068
 -20 8388588
 -20 65516
 -20 38124
 -20 38050
 -40 8388568
 -40 65496
 -40 38104
 -40 38122
 186 32826
 186 32826
 186 38202
 186 38235
 128 32768
 128 32768
 128 38144
 128 38162
 117 32885
 117 32885
 117 38005
 117 37980
 -45 8388435
 -45 65363
 -45 37715
 -45 37636
 -88 8388392
 -88 65320
 -88 37672
 -88 37727
 -19 8388589
 -19 65517
 -19 37613
 -19 37510
 101 32997
 101 32997
 101 37349
 101 37357
 44 32940
 44 32940
 44 37548
 44 37536
 44 32940
 44 32940
 44 37292
 44 37342
 53 32949
 53 32949
 53 37301
 53 37372
 61 32829
 61 32829
 61 37437
 61 37400
 162 32930
 162 32930
 162 37538
 162 37508
 155 32795
 155 32795
 155 37659
 155 37668
 143 32783
 143 32783
 143 37647
 143 37718
 -268 8388340
 -268 65268
 -268 38132
 -268 38057
 -40 8388568
 -40 65496
 -40 38104
 -40 38082
 115 33011
 115 33011
 115 38131
 115 38023
 -214 8388522
 -214 65450
 -214 38058
 -214 38097
 -183 8388553
 -183 65481
 -183 38345
 -183 38362
 -108 8388372
 -108 65300
 -108 38676
 -108 38710
 171 32939
 171 32939
 171 38315
 171 38372
 -5 8388603
 -5 65531
 -5 38395
 -5 38280
 157 32925
 157 32925
 157 38557
 157 38558
 -92 8388516
 -92 65444
 -92 38564
 -92 38631
 201 32969
 201 32969
 201 38345
 201 38336
 177 32817
 177 32817
 177 38193
 177 38199
 4 32900
 4 32900
 4 38276
 4 38335
 -86 8388522
 -86 65450
 -86 38314
 -86 38399
 -126 8388482
 -126 65410
 -126 38274
 -126 38363
 8 32776
 8 32776
 8 38152
 8 38267
 74 32970
 74 32970
 74 38346
 74 38354
 91 32987
 91 32987
 91 38363
 91 38383
 -159 8388449
 -159 65377
 -159 38241
 -159 38252
 -225 8388511
 -225 65439
 -225 38047
 -225 38137
 -231 8388377
 -231 65305
 -231 37913
 -231 37968
 -78 8388530
 -78 65458
 -78 37810
 -78 37882
 -250 8388486
 -250 65414
 -250 37766
 -250 37871
 -2 8388606
 -2 65534
 -2 37886
 -2 37764
 -97 8388511
 -97 65439
 -97 37535
 -97 37602
 -31 8388449
 -31 65377
 -31 37473
 -31 37480
 -68 8388540
 -68 65468
 -68 37564
 -68 37514
 -303 8388177
 -303 65105
 -303 37457
 -303 37426
 -229 8388507
 -229 65435
 -229 37275
 -229 37352
 -103 8388505
 -103 65433
 -103 37273
 -103 37281
 136 32904
 136 32904
 136 37256
 136 37370
 -28 8388580
 -28 65508
 -28 37348
 -28 37272
 46 32942
 46 32942
 46 37294
 46 37291
 -169 8388439
 -169 65367
 -169 36951
 -169 36938
 -131 8388605
 -131 65533
 -131 36861
 -131 36831
 76 32972
 76 32972
 76 36812
 76 36773
 187 32955
 187 32955
 187 36539
 187 36604
 -57 8388423
 -57 65351
 -57 36935
 -57 36976
 -224 8388512
 -224 65440
 -224 37024
 -224 37117
 -243 8388493
 -243 65421
 -243 37261
 -243 37304
 -75 8388405
 -75 65333
 -75 37429
 -75 37446
 -60 8388548
 -60 65476
 -60 37572
 -60 37607
 -342 8388138
 -342 65066
 -342 37674
 -342 37741
 -44 8388436
 -44 65364
 -44 37972
 -44 37991
 233 33001
 233 33001
 233 38121
 233 38070
 147 32915
 147 32915
 147 38035
 147 38066
 -127 8388481
 -127 65409
 -127 38017
 -127 38018
 -40 8388568
 -40 65496
 -40 37848
 -40 37861
 -97 8388383
 -97 65311
 -97 37919
 -97 37901
 -45 8388435
 -45 65363
 -45 37715
 -45 37734
 204 32972
 204 32972
 204 38092
 204 38032
 -101 8388379
 -101 65307
 -101 38171
 -101 38255
 -127 8388353
 -127 65281
 -127 38401
 -127 38476
 -49 8388559
 -49 65487
 -49 38607
 -49 38577
 51 32819
 51 32819
 51 38451
 51 38480
 75 32971
 75 32971
 75 38347
 75 38384
 43 32811
 43 32811
 43 38187
 43 38172
 -102 8388506
 -102 65434
 -102 38042
 -102 38059
 -192 8388416
 -192 65344
 -192 37952
 -192 37972
 36 32932
 36 32932
 36 37540
 36 37601
 171 32939
 171 32939
 171 37291
 171 37352
 206 32846
 206 32846
 206 37454
 206 37389
 37 32933
 37 32933
 37 37285
 37 37318
 -142 8388594
 -142 65522
 -142 37106
 -142 37051
 -101 8388507
 -101 65435
 -101 36763
 -101 36857
 156 32924
 156 32924
 156 36764
 156 36840
 -112 8388368
 -112 65296
 -112 36624
 -112 36648
 -246 8388490
 -246 65418
 -246 36746
 -246 36772
 -258 8388350
 -258 65278
 -258 36862
 -258 36859
 28 32924
 28 32924
 28 36764
 28 36758
 103 32871
 103 32871
 103 36711
 103 36683
 66 32834
 66 32834
 66 36930
 66 36878
 58 32826
 58 32826
 58 36666
 58 36620
 -293 8388315
 -293 65243
 -293 36315
 -293 36333
 -283 8388197
 -283 65125
 -283 36197
 -283 36185
 -126 8388482
 -126 65410
 -126 36226
 -126 36280
 -60 8388420
 -60 65348
 -60 36420
 -60 36384
