 -111 -32879
 -111 -32879
 -111 -54383
 -111 -54351
 -145 -32913
 -145 -32913
 -145 -54417
 -145 -54421
 -73 -32969
 -73 -32969
 -73 -54729
 -73 -54682
 -217 -32857
 -217 -32857
 -217 -54617
 -217 -54564
 -24 -32920
 -24 -32920
 -24 -54424
 -24 -54482
 111 -8388497
 111 -65425
 111 -54417
 111 -54485
 238 -8388370
 238 -65298
 238 -54546
 238 -54535
 28 -8388580
 28 -65508
 28 -54244
 28 -54240
 -126 -33022
 -126 -33022
 -126 -53758
 -126 -53745
 -30 -32926
 -30 -32926
 -30 -53150
 -30 -53224
 -235 -32875
 -235 -32875
 -235 -52843
 -235 -52860
 -72 -32968
 -72 -32968
 -72 -52168
 -72 -52185
 67 -8388413
 67 -65341
 67 -51517
 67 -51512
 32 -8388448
 32 -65376
 32 -51296
 32 -51204
 -121 -32889
 -121 -32889
 -121 -51065
 -121 -50945
 -130 -32770
 -130 -32770
 -130 -51202
 -130 -51204
 20 -8388588
 20 -65516
 20 -51436
 20 -51454
 -37 -32933
 -37 -32933
 -37 -51621
 -37 -51592
 -306 -33202
 -306 -33202
 -306 -51634
 -306 -51599
 43 -8388565
 43 -65493
 43 -51413
 43 -51385
 62 -8388546
 62 -65474
 62 -51138
 62 -51171
 -187 -32827
 -187 -32827
 -187 -51003
 -187 -50986
 -233 -33001
 -233 -33001
 -233 -50665
 -233 -50591
 -398 -33038
 -398 -33038
 -398 -49934
 -398 -49959
 -3 -32899
 -3 -32899
 -3 -49539
 -3 -49614
 -275 -33043
 -275 -33043
 -275 -49427
 -275 -49456
 -107 -32875
 -107 -32875
 -107 -49259
 -107 -49223
 76 -8388404
 76 -65332
 76 -48948
 76 -48940
 -158 -32798
 -158 -32798
 -158 -48670
 -158 -48720
 -267 -33035
 -267 -33035
 -267 -48395
 -267 -48486
 32 -8388448
 32 -65376
 32 -48480
 32 -48414
 24 -8388584
 24 -65512
 24 -48360
 24 -48352
 -83 -32851
 -83 -32851
 -83 -48211
 -83 -48131
 114 -8388366
 114 -65294
 114 -47886
 114 -47874
 99 -8388381
 99 -65309
 99 -47901
 99 -47936
 175 -8388433
 175 -65361
 175 -47697
 175 -47738
 307 -8388301
 307 -65229
 307 -47309
 307 -47325
 264 -8388216
 264 -65144
 264 -47224
 264 -47157
 115 -8388493
 115 -65421
 115 -46989
 115 -47064
 -119 -33015
 -119 -33015
 -119 -47095
 -119 -47015
 128 -8388480
 128 -65408
 128 -47232
 128 -47125
 102 -8388378
 102 -65306
 102 -47642
 102 -47617
 -115 -33011
 -115 -33011
 -115 -47859
 -115 -47780
 -101 -32869
 -101 -32869
 -101 -47973
 -101 -47968
 -183 -32823
 -183 -32823
 -183 -47927
 -183 -47960
 -146 -32786
 -146 -32786
 -146 -48146
 -146 -48185
 -64 -32960
 -64 -32960
 -64 -48320
 -64 -48382
 -204 -32972
 -204 -32972
 -204 -48588
 -204 -48575
 -46 -32942
 -46 -32942
 -46 -48558
 -46 -48588
 -81 -32977
 -81 -32977
 -81 -48593
 -81 -48534
 -41 -32937
 -41 -32937
 -41 -48553
 -41 -48601
 -147 -32915
 -147 -32915
 -147 -48787
 -147 -48858
 -102 -32870
 -102 -32870
 -102 -48742
 -102 -48729
 -12 -32908
 -12 -32908
 -12 -48780
 -12 -48785
 58 -8388422
 58 -65350
 58 -48966
 58 -49000
 125 -8388355
 125 -65283
 125 -49155
 125 -49245
 -61 -32829
 -61 -32829
 -61 -49725
 -61 -49727
 -171 -32939
 -171 -32939
 -171 -50091
 -171 -50128
 -147 -32787
 -147 -32787
 -147 -50451
 -147 -50556
 -8 -32776
 -8 -32776
 -8 -50696
 -8 -50696
 47 -8388561
 47 -65489
 47 -50641
 47 -50601
 11 -8388597
 11 -65525
 11 -50677
 11 -50630
 -248 -33016
 -248 -33016
 -248 -50936
 -248 -50872
 -230 -32998
 -230 -32998
 -230 -50662
 -230 -50637
 59 -8388549
 59 -65477
 59 -50373
 59 -50364
 139 -8388469
 139 -65397
 139 -50293
 139 -50201
 18 -8388590
 18 -65518
 18 -49902
 18 -49855
 -73 -32969
 -73 -32969
 -73 -49865
 -73 -49836
 179 -8388429
 179 -65357
 179 -49485
 179 -49512
 -42 -32938
 -42 -32938
 -42 -49066
 -42 -49149
 154 -8388582
 154 -65510
 154 -49126
 154 -49034
 81 -8388399
 81 -65327
 81 -48687
 81 -48677
 -196 -32964
 -196 -32964
 -196 -48580
 -196 -48528
 -138 -32778
 -138 -32778
 -138 -48394
 -138 -48494
 32 -8388576
 32 -65504
 32 -48352
 32 -48313
 105 -8388375
 105 -65303
 105 -47639
 105 -47716
 13 -8388467
 13 -65395
 13 -47475
 13 -47416
 -74 -32970
 -74 -32970
 -74 -47306
 -74 -47311
 109 -8388499
 109 -65427
 109 -46995
 109 -47071
 355 -8388125
 355 -65053
 355 -47133
 355 -47188
 278 -8388202
 278 -65130
 278 -47210
 278 -47113
 68 -8388540
 68 -65468
 68 -47292
 68 -47261
 -119 -33015
 -119 -33015
 -119 -47351
 -119 -47315
 74 -8388534
 74 -65462
 74 -47286
 74 -47247
 20 -8388588
 20 -65516
 20 -47340
 20 -47261
 -161 -32801
 -161 -32801
 -161 -47393
 -161 -47455
 19 -8388461
 19 -65389
 19 -47725
 19 -47622
 -142 -32910
 -142 -32910
 -142 -47502
 -142 -47562
 -146 -32914
 -146 -32914
 -146 -47250
 -146 -47303
 27 -8388453
 27 -65381
 27 -47205
 27 -47207
 93 -8388515
 93 -65443
 93 -47267
 93 -47299
 30 -8388450
 30 -65378
 30 -46946
 30 -46976
 60 -8388548
 60 -65476
 60 -46532
 60 -46561
 13 -8388467
 13 -65395
 13 -46707
 13 -46709
 181 -8388555
 181 -65483
 181 -47051
 181 -47010
 36 -8388444
 36 -65372
 36 -46940
 36 -46950
 -50 -32818
 -50 -32818
 -50 -46898
 -50 -46916
 11 -8388469
 11 -65397
 11 -46965
 11 -46890
 202 -8388406
 202 -65334
 202 -46390
 202 -46415
 280 -8388200
 280 -65128
 280 -46184
 280 -46170
 151 -8388457
 151 -65385
 151 -45417
 151 -45429
 -42 -32938
 -42 -32938
 -42 -44970
 -42 -44968
 -41 -32937
 -41 -32937
 -41 -44969
 -41 -45056
 -87 -32983
 -87 -32983
 -87 -46039
 -87 -46011
 11 -8388597
 11 -65525
 11 -46837
 11 -46810
 137 -8388471
 137 -65399
 137 -47223
 137 -47222
 -141 -32909
 -141 -32909
 -141 -47501
 -141 -47524
 21 -8388587
 21 -65515
 21 -47595
 21 -47547
 -98 -32994
 -98 -32994
 -98 -47330
 -98 -47308
 124 -8388484
 124 -65412
 124 -46980
 124 -47078
 324 -8388156
 324 -65084
 324 -46908
 324 -46933
 -87 -32855
 -87 -32855
 -87 -46679
 -87 -46718
 -72 -32840
 -72 -32840
 -72 -46664
 -72 -46608
 -61 -32829
 -61 -32829
 -61 -46141
 -61 -46189
 21 -8388459
 21 -65387
 21 -45931
 21 -45939
 -57 -32953
 -57 -32953
 -57 -45497
 -57 -45563
 -174 -32814
 -174 -32814
 -174 -45102
 -174 -45183
 -161 -32801
 -161 -32801
 -161 -45089
 -161 -45064
 129 -8388479
 129 -65407
 129 -45439
 129 -45337
 171 -8388565
 171 -65493
 171 -45525
 171 -45485
 57 -8388423
 57 -65351
 57 -45639
 57 -45658
 -101 -32997
 -101 -32997
 -101 -46053
 -101 -45965
 -166 -32934
 -166 -32934
 -166 -46246
 -166 -46223
 185 -8388423
 185 -65351
 185 -46151
 185 -46191
 -22 -32918
 -22 -32918
 -22 -45974
 -22 -46077
 -139 -32907
 -139 -32907
 -139 -45963
 -139 -46001
 -130 -32898
 -130 -32898
 -130 -45954
 -130 -45990
 -103 -32999
 -103 -32999
 -103 -46055
 -103 -45955
 3 -8388477
 3 -65405
 3 -45949
 3 -45880
 84 -8388524
 84 -65452
 84 -45996
 84 -46020
 -28 -32796
 -28 -32796
 -28 -45852
 -28 -45861
 24 -8388456
 24 -65384
 24 -45672
 24 -45632
 23 -8388457
 23 -65385
 23 -45673
 23 -45584
 -114 -33010
 -114 -33010
 -114 -46066
 -114 -45960
 141 -8388467
 141 -65395
 141 -46195
 141 -46138
 -159 -32927
 -159 -32927
 -159 -45983
 -159 -46078
 -293 -33061
 -293 -33061
 -293 -46117
 -293 -46125
 -174 -32814
 -174 -32814
 -174 -45870
 -174 -45832
 66 -8388414
 66 -65342
 66 -45374
 66 -45318
 71 -8388409
 71 -65337
 71 -44857
 71 -44893
 202 -8388534
 202 -65462
 202 -44470
 202 -44471
 61 -8388547
 61 -65475
 61 -43971
 61 -44005
 -77 -32845
 -77 -32845
 -77 -43853
 -77 -43817
 266 -8388342
 266 -65270
 266 -43510
 266 -43447
 105 -8388375
 105 -65303
 105 -43031
 105 -43131
 -36 -32932
 -36 -32932
 -36 -42916
 -36 -42902
 -8 -32904
 -8 -32904
 -8 -42888
 -8 -42955
 -52 -32948
 -52 -32948
 -52 -42676
 -52 -42745
 60 -8388548
 60 -65476
 60 -42436
 60 -42424
 138 -8388470
 138 -65398
 138 -42358
 138 -42243
 -37 -32933
 -37 -32933
 -37 -42149
 -37 -42147
 -167 -32935
 -167 -32935
 -167 -42151
 -167 -42143
 37 -8388443
 37 -65371
 37 -41819
 37 -41799
 -86 -32854
 -86 -32854
 -86 -41302
 -86 -41258
 -15 -32911
 -15 -32911
 -15 -41103
 -15 -41105
 -255 -33023
 -255 -33023
 -255 -40959
 -255 -40875
 37 -8388443
 37 -65371
 37 -40795
 37 -40793
 -103 -32871
 -103 -32871
 -103 -41063
 -103 -40962
 -18 -32914
 -18 -32914
 -18 -41106
 -18 -41207
 53 -8388555
 53 -65483
 53 -41419
 53 -41372
 -107 -33003
 -107 -33003
 -107 -41451
 -107 -41464
 -6 -32902
 -6 -32902
 -6 -41350
 -6 -41395
 28 -8388580
 28 -65508
 28 -41700
 28 -41649
 -64 -32960
 -64 -32960
 -64 -41664
 -64 -41724
 -143 -32783
 -143 -32783
 -143 -41743
 -143 -41775
 -157 -32797
 -157 -32797
 -157 -41757
 -157 -41805
 -204 -32844
 -204 -32844
 -204 -42060
 -204 -42028
 -119 -32887
 -119 -32887
 -119 -41847
 -119 -41769
 -221 -32989
 -221 -32989
 -221 -41437
 -221 -41436
 28 -8388452
 28 -65380
 28 -41316
 28 -41319
 -95 -32991
 -95 -32991
 -95 -41439
 -95 -41381
 -161 -32929
 -161 -32929
 -161 -41121
 -161 -41168
 -137 -32905
 -137 -32905
 -137 -41353
 -137 -41406
 -174 -32942
 -174 -32942
 -174 -41646
 -174 -41687
 -318 -33086
 -318 -33086
 -318 -42046
 -318 -42002
 -389 -33157
 -389 -33157
 -389 -42117
 -389 -42123
 3 -8388605
 3 -65533
 3 -41981
 3 -41952
 4 -8388476
 4 -65404
 4 -41596
 4 -41595
 -211 -32979
 -211 -32979
 -211 -41171
 -211 -41116
 -417 -33185
 -417 -33185
 -417 -40609
 -417 -40591
 -231 -32871
 -231 -32871
 -231 -40039
 -231 -39989
 -126 -32894
 -126 -32894
 -126 -40062
 -126 -39954
 123 -8388485
 123 -65413
 123 -39557
 123 -39598
 -303 -33199
 -303 -33199
 -303 -39343
 -303 -39374
 -362 -33130
 -362 -33130
 -362 -39018
 -362 -38995
 -63 -32831
 -63 -32831
 -63 -38719
 -63 -38728
 163 -8388573
 163 -65501
 163 -38621
 163 -38574
 191 -8388545
 191 -65473
 191 -38337
 191 -38298
 96 -8388384
 96 -65312
 96 -38176
 96 -38255
 101 -8388507
 101 -65435
 101 -38043
 101 -38086
 -216 -32984
 -216 -32984
 -216 -38104
 -216 -38098
 -58 -32954
 -58 -32954
 -58 -38074
 -58 -38040
 -20 -32788
 -20 -32788
 -20 -37652
 -20 -37686
 -19 -32915
 -19 -32915
 -19 -37267
 -19 -37356
 -138 -32906
 -138 -32906
 -138 -37002
 -138 -37075
 36 -8388444
 36 -65372
 36 -36956
 36 -36874
 -27 -32923
 -27 -32923
 -27 -36763
 -27 -36827
 13 -8388467
 13 -65395
 13 -37235
 13 -37168
 178 -8388558
 178 -65486
 178 -37326
 178 -37279
 -96 -32864
 -96 -32864
 -96 -37472
 -96 -37495
 -140 -32908
 -140 -32908
 -140 -37516
 -140 -37590
 14 -8388466
 14 -65394
 14 -37746
 14 -37744
 1 -8388607
 1 -65535
 1 -37887
 1 -37851
 -211 -32979
 -211 -32979
 -211 -37843
 -211 -37801
 196 -8388540
 196 -65468
 196 -37564
 196 -37522
 45 -8388435
 45 -65363
 45 -37459
 45 -37459
 -59 -32955
 -59 -32955
 -59 -37307
 -59 -37285
 38 -8388442
 38 -65370
 38 -37466
 38 -37431
 -90 -32986
 -90 -32986
 -90 -37338
 -90 -37290
 104 -8388376
 104 -65304
 104 -37144
 104 -37222
 -158 -32798
 -158 -32798
 -158 -37406
 -158 -37412
 -82 -32850
 -82 -32850
 -82 -37458
 -82 -37483
 -30 -32926
 -30 -32926
 -30 -37790
 -30 -37761
 131 -8388477
 131 -65405
 131 -38013
 131 -38005
 -150 -32790
 -150 -32790
 -150 -37910
 -150 -37992
 -151 -32791
 -151 -32791
 -151 -37399
 -151 -37395
 74 -8388406
 74 -65334
 74 -36918
 74 -36985
 73 -8388535
 73 -65463
 73 -36791
 73 -36759
 -107 -33003
 -107 -33003
 -107 -36331
 -107 -36239
 -248 -32888
 -248 -32888
 -248 -35960
 -248 -35862
 -249 -32889
 -249 -32889
 -249 -35961
 -249 -35842
 -89 -32857
 -89 -32857
 -89 -35929
 -89 -35852
 -16 -32912
 -16 -32912
 -16 -35728
 -16 -35794
 -215 -32855
 -215 -32855
 -215 -35415
 -215 -35420
 70 -8388410
 70 -65338
 70 -35130
 70 -35165
 56 -8388552
 56 -65480
 56 -35016
 56 -34976
 108 -8388500
 108 -65428
 108 -34708
 108 -34806
 117 -8388491
 117 -65419
 117 -34699
 117 -34748
 45 -8388563
 45 -65491
 45 -34771
 45 -34770
 -7 -32903
 -7 -32903
 -7 -34695
 -7 -34749
 82 -8388526
 82 -65454
 82 -34478
 82 -34545
 222 -8388386
 222 -65314
 222 -34082
 222 -34103
 115 -8388493
 115 -65421
 115 -33933
 115 -33945
 126 -8388482
 126 -65410
 126 -33666
 126 -33770
 16 -8388464
 16 -65392
 16 -33904
 16 -33838
 40 -8388440
 40 -65368
 40 -34136
 40 -34132
 26 -8388582
 26 -65510
 26 -34534
 26 -34532
 -226 -32994
 -226 -32994
 -226 -34786
 -226 -34786
 -249 -33017
 -249 -33017
 -249 -34809
 -249 -34712
 -138 -32906
 -138 -32906
 -138 -34954
 -138 -34958
 106 -8388502
 106 -65430
 106 -34966
 106 -34977
 68 -8388540
 68 -65468
 68 -35004
 68 -35004
 -134 -32902
 -134 -32902
 -134 -35206
 -134 -35244
 -273 -33041
 -273 -33041
 -273 -35345
 -273 -35361
 -135 -32903
 -135 -32903
 -135 -35207
 -135 -35205
 -16 -32912
 -16 -32912
 -16 -35216
 -16 -35235
 174 -8388562
 174 -65490
 174 -35282
 174 -35279
 142 -8388466
 142 -65394
 142 -35442
 142 -35369
 121 -8388487
 121 -65415
 121 -35207
 121 -35254
 22 -8388458
 22 -65386
 22 -35178
 22 -35078
 89 -8388391
 89 -65319
 89 -35111
 89 -35186
 21 -8388587
 21 -65515
 21 -35307
 21 -35299
 177 -8388431
 177 -65359
 177 -35663
 177 -35685
 -86 -32854
 -86 -32854
 -86 -35670
 -86 -35682
 -46 -32942
 -46 -32942
 -46 -35246
 -46 -35224
 200 -8388408
 200 -65336
 200 -34872
 200 -34822
 15 -8388465
 15 -65393
 15 -34673
 15 -34561
 -76 -32844
 -76 -32844
 -76 -34124
 -76 -34140
 -131 -32899
 -131 -32899
 -131 -33923
 -131 -33975
 -76 -32844
 -76 -32844
 -76 -33868
 -76 -33795
 -12 -32908
 -12 -32908
 -12 -33676
 -12 -33772
 141 -8388595
 141 -65523
 141 -33779
 141 -33765
 -50 -32818
 -50 -32818
 -50 -33586
 -50 -33612
 -271 -33167
 -271 -33167
 -271 -33423
 -271 -33440
 -261 -33157
 -261 -33157
 -261 -33413
 -261 -33492
 -35 -32803
 -35 -32803
 -35 -33315
 -35 -33393
 130 -8388606
 130 -65534
 130 -33278
 130 -33192
 -37 -32805
 -37 -32805
 -37 -33061
 -37 -33067
 -114 -242
 -114 -242
 -114 -32754
 -114 -32717
 -156 -28
 -156 -28
 -156 -32540
 -156 -32580
 -50 -50
 -50 -50
 -50 -32050
 -50 -32083
 42 -8355670
 42 -32598
 42 -32086
 42 -32008
 32 -8355808
 32 -32736
 32 -31712
 32 -31676
 -11 -139
 -11 -139
 -11 -31371
 -11 -31375
 -11 -11
 -11 -11
 -11 -32011
 -11 -32009
 -11 -139
 -11 -139
 -11 -32651
 -11 -32709
 -87 -32983
 -87 -32983
 -87 -32983
 -87 -32931
 -47 -32815
 -47 -32815
 -47 -33071
 -47 -33114
 -122 -33018
 -122 -33018
 -122 -33274
 -122 -33236
 33 -8388447
 33 -65375
 33 -33375
 33 -33399
 113 -8388495
 113 -65423
 113 -33423
 113 -33491
 -76 -32972
 -76 -32972
 -76 -33484
 -76 -33528
 12 -8388596
 12 -65524
 12 -33524
 12 -33491
 122 -8388486
 122 -65414
 122 -33670
 122 -33686
 -41 -32937
 -41 -32937
 -41 -33705
 -41 -33693
 35 -8388445
 35 -65373
 35 -33885
 35 -33872
 160 -8388576
 160 -65504
 160 -33760
 160 -33687
 37 -8388443
 37 -65371
 37 -33627
 37 -33580
 -35 -32931
 -35 -32931
 -35 -33699
 -35 -33668
 -90 -32858
 -90 -32858
 -90 -33626
 -90 -33613
 193 -8388543
 193 -65471
 193 -33983
 193 -33955
 72 -8388536
 72 -65464
 72 -34232
 72 -34264
 -193 -32833
 -193 -32833
 -193 -34369
 -193 -34394
 -198 -32966
 -198 -32966
 -198 -34246
 -198 -34202
 -93 -32989
 -93 -32989
 -93 -33757
 -93 -33706
 2 -8388606
 2 -65534
 2 -33278
 2 -33183
 1 -8388607
 1 -65535
 1 -33023
 1 -33016
 125 -8355715
 125 -32643
 125 -32643
 125 -32694
 -85 -85
 -85 -85
 -85 -32597
 -85 -32564
 -139 -139
 -139 -139
 -139 -32395
 -139 -32388
 86 -8355754
 86 -32682
 86 -32170
 86 -32212
 -36 -36
 -36 -36
 -36 -32036
 -36 -32018
 -207 -79
 -207 -79
 -207 -31823
 -207 -31816
 -166 -38
 -166 -38
 -166 -31782
 -166 -31810
 -140 -140
 -140 -140
 -140 -31884
 -140 -31922
 -45 -173
 -45 -173
 -45 -31917
 -45 -31953
 -8 -8
 -8 -8
 -8 -32008
 -8 -32072
 -22 -22
 -22 -22
 -22 -31766
 -22 -31762
 13 -8355699
 13 -32627
 13 -31347
 13 -31269
 44 -8355796
 44 -32724
 44 -31188
 44 -31153
 231 -8355737
 231 -32665
 231 -30873
 231 -30969
 -247 -119
 -247 -119
 -247 -30839
 -247 -30787
 5 -8355707
 5 -32635
 5 -30843
 5 -30755
 -26 -26
 -26 -26
 -26 -31002
 -26 -30984
 73 -8355767
 73 -32695
 73 -31415
 73 -31474
 37 -8355803
 37 -32731
 37 -31707
 37 -31684
 -69 -69
 -69 -69
 -69 -31813
 -69 -31794
 -45 -45
 -45 -45
 -45 -31533
 -45 -31536
 31 -8355681
 31 -32609
 31 -31841
 31 -31815
 72 -8355640
 72 -32568
 72 -32056
 72 -32003
 148 -8355692
 148 -32620
 148 -32108
 148 -32062
 250 -8355590
 250 -32518
 250 -32262
 250 -32377
 30 -8355682
 30 -32610
 30 -32354
 30 -32333
 149 -8355819
 149 -32747
 149 -32491
 149 -32405
 66 -8355646
 66 -32574
 66 -32318
 66 -32367
 124 -8355716
 124 -32644
 124 -32132
 124 -32188
 -6 -6
 -6 -6
 -6 -32262
 -6 -32321
 -127 -127
 -127 -127
 -127 -32383
 -127 -32259
 79 -8355761
 79 -32689
 79 -32433
 79 -32506
 -56 -184
 -56 -184
 -56 -32696
 -56 -32704
 -3 -32899
 -3 -32899
 -3 -32899
 -3 -32905
 -44 -32812
 -44 -32812
 -44 -33068
 -44 -33110
 -87 -32855
 -87 -32855
 -87 -32855
 -87 -32792
 -149 -149
 -149 -149
 -149 -32405
 -149 -32429
 28 -8355812
 28 -32740
 28 -32228
 28 -32162
 68 -8355772
 68 -32700
 68 -31932
 68 -31885
 78 -8355634
 78 -32562
 78 -31538
 78 -31506
 -135 -135
 -135 -135
 -135 -31367
 -135 -31392
 -21 -21
 -21 -21
 -21 -30997
 -21 -31097
 187 -8355781
 187 -32709
 187 -30917
 187 -30897
 56 -8355656
 56 -32584
 56 -30792
 56 -30745
 112 -8355600
 112 -32528
 112 -30736
 112 -30813
 -47 -47
 -47 -47
 -47 -30767
 -47 -30770
 60 -8355652
 60 -32580
 60 -30532
 60 -30587
 26 -8355814
 26 -32742
 26 -30438
 26 -30413
 118 -8355594
 118 -32522
 118 -30474
 118 -30478
 -224 -224
 -224 -224
 -224 -30432
 -224 -30401
 21 -8355819
 21 -32747
 21 -30187
 21 -30204
 154 -8355814
 154 -32742
 154 -29926
 154 -29933
 160 -8355808
 160 -32736
 160 -29920
 160 -29892
 27 -8355685
 27 -32613
 27 -29541
 27 -29562
 -153 -25
 -153 -25
 -153 -29465
 -153 -29489
 -137 -9
 -137 -9
 -137 -29449
 -137 -29448
 -67 -195
 -67 -195
 -67 -29891
 -67 -29938
 -7 -7
 -7 -7
 -7 -30471
 -7 -30476
 113 -8355727
 113 -32655
 113 -30351
 113 -30424
 -16 -144
 -16 -144
 -16 -30352
 -16 -30424
 -63 -63
 -63 -63
 -63 -30783
 -63 -30806
 58 -8355782
 58 -32710
 58 -30918
 58 -30910
 180 -8355660
 180 -32588
 180 -31308
 180 -31297
 228 -8355740
 228 -32668
 228 -31388
 228 -31389
 83 -8355629
 83 -32557
 83 -31277
 83 -31318
 -16 -16
 -16 -16
 -16 -31248
 -16 -31285
 -6 -134
 -6 -134
 -6 -31366
 -6 -31424
 215 -8355753
 215 -32681
 215 -31145
 215 -31172
 352 -8355488
 352 -32416
 352 -31136
 352 -31216
 78 -8355762
 78 -32690
 78 -31154
 78 -31109
 129 -8355839
 129 -32767
 129 -31231
 129 -31228
 397 -8355571
 397 -32499
 397 -31731
 397 -31624
 390 -8355450
 390 -32378
 390 -31866
 390 -31821
 66 -8355774
 66 -32702
 66 -31678
 66 -31697
 -167 -39
 -167 -39
 -167 -31783
 -167 -31757
 -175 -47
 -175 -47
 -175 -31279
 -175 -31318
 -53 -181
 -53 -181
 -53 -30901
 -53 -30954
 115 -8355725
 115 -32653
 115 -30605
 115 -30673
 -4 -4
 -4 -4
 -4 -30212
 -4 -30300
 62 -8355650
 62 -32578
 62 -30018
 62 -30044
 101 -8355611
 101 -32539
 101 -29979
 101 -29998
 82 -8355630
 82 -32558
 82 -29998
 82 -30044
 353 -8355487
 353 -32415
 353 -29855
 353 -29937
 230 -8355610
 230 -32538
 230 -29722
 230 -29771
 -198 -70
 -198 -70
 -198 -29510
 -198 -29538
 -285 -413
 -285 -413
 -285 -29341
 -285 -29414
 7 -8355833
 7 -32761
 7 -29177
 7 -29111
 91 -8355749
 91 -32677
 91 -29093
 91 -29058
 -54 -182
 -54 -182
 -54 -29366
 -54 -29331
 -305 -433
 -305 -433
 -305 -29361
 -305 -29377
 -113 -113
 -113 -113
 -113 -29041
 -113 -29012
 -93 -93
 -93 -93
 -93 -28765
 -93 -28732
 9 -8355703
 9 -32631
 9 -28535
 9 -28486
 -156 -28
 -156 -28
 -156 -28700
 -156 -28683
 -323 -451
 -323 -451
 -323 -28867
 -323 -28874
 30 -8355810
 30 -32738
 30 -29154
 30 -29079
 -7 -7
 -7 -7
 -7 -29191
 -7 -29277
 -19 -147
 -19 -147
 -19 -29331
 -19 -29345
 16 -8355696
 16 -32624
 16 -29552
 16 -29523
 81 -8355631
 81 -32559
 81 -29743
 81 -29790
 139 -8355829
 139 -32757
 139 -29941
 139 -29833
 133 -8355835
 133 -32763
 133 -29947
 133 -29905
 -86 -86
 -86 -86
 -86 -30038
 -86 -30002
 -63 -63
 -63 -63
 -63 -30271
 -63 -30285
 17 -8355695
 17 -32623
 17 -30319
 17 -30276
 42 -8355798
 42 -32726
 42 -30166
 42 -30082
 95 -8355617
 95 -32545
 95 -30241
 95 -30219
 68 -8355772
 68 -32700
 68 -30396
 68 -30384
 94 -8355618
 94 -32546
 94 -30242
 94 -30293
 2 -8355710
 2 -32638
 2 -30590
 2 -30561
 21 -8355691
 21 -32619
 21 -30827
 21 -30757
 -34 -162
 -34 -162
 -34 -30882
 -34 -30907
 -95 -223
 -95 -223
 -95 -30943
 -95 -30889
 -251 -123
 -251 -123
 -251 -30843
 -251 -30808
 -88 -216
 -88 -216
 -88 -30680
 -88 -30630
 -59 -59
 -59 -59
 -59 -30267
 -59 -30268
 215 -8355625
 215 -32553
 215 -29737
 215 -29697
 103 -8355609
 103 -32537
 103 -29465
 103 -29565
 21 -8355819
 21 -32747
 21 -29419
 21 -29374
 -26 -154
 -26 -154
 -26 -29082
 -26 -29069
 -180 -180
 -180 -180
 -180 -28852
 -180 -28854
 13 -8355699
 13 -32627
 13 -28787
 13 -28771
 -64 -64
 -64 -64
 -64 -28736
 -64 -28770
 -6 -134
 -6 -134
 -6 -28550
 -6 -28610
 156 -8355812
 156 -32740
 156 -28388
 156 -28344
 26 -8355814
 26 -32742
 26 -28390
 26 -28351
 -187 -187
 -187 -187
 -187 -28347
 -187 -28413
 -257 -385
 -257 -385
 -257 -28289
 -257 -28348
 -41 -41
 -41 -41
 -41 -28201
 -41 -28216
 -71 -71
 -71 -71
 -71 -28231
 -71 -28221
 -74 -74
 -74 -74
 -74 -28234
 -74 -28204
 -37 -165
 -37 -165
 -37 -28069
 -37 -28158
 18 -8355822
 18 -32750
 18 -28398
 18 -28327
 -125 -125
 -125 -125
 -125 -28285
 -125 -28229
 24 -8355816
 24 -32744
 24 -28392
 24 -28391
 93 -8355747
 93 -32675
 93 -28579
 93 -28620
 125 -8355715
 125 -32643
 125 -28547
 125 -28650
 36 -8355676
 36 -32604
 36 -28764
 36 -28784
 -73 -201
 -73 -201
 -73 -29129
 -73 -29144
 -83 -83
 -83 -83
 -83 -29523
 -83 -29517
 5 -8355707
 5 -32635
 5 -29819
 5 -29758
 -8 -8
 -8 -8
 -8 -29704
 -8 -29813
 -197 -197
 -197 -197
 -197 -29893
 -197 -29926
 -162 -34
 -162 -34
 -162 -29730
 -162 -29797
 -123 -251
 -123 -251
 -123 -29691
 -123 -29591
 150 -8355690
 150 -32618
 150 -29802
 150 -29751
 204 -8355636
 204 -32564
 204 -29492
 204 -29521
 28 -8355812
 28 -32740
 28 -29924
 28 -29826
 68 -8355772
 68 -32700
 68 -29884
 68 -29856
 109 -8355731
 109 -32659
 109 -30355
 109 -30368
 191 -8355777
 191 -32705
 191 -30657
 191 -30711
 195 -8355773
 195 -32701
 195 -30653
 195 -30693
 84 -8355756
 84 -32684
 84 -30380
 84 -30451
 -122 -122
 -122 -122
 -122 -30074
 -122 -30037
 -86 -214
 -86 -214
 -86 -29654
 -86 -29643
 67 -8355645
 67 -32573
 67 -29245
 67 -29277
 181 -8355659
 181 -32587
 181 -29003
 181 -28961
 -221 -221
 -221 -221
 -221 -28893
 -221 -28818
 -39 -167
 -39 -167
 -39 -28583
 -39 -28627
 95 -8355745
 95 -32673
 95 -28577
 95 -28659
 157 -8355811
 157 -32739
 157 -28387
 157 -28392
 233 -8355607
 233 -32535
 233 -28183
 233 -28279
 -100 -100
 -100 -100
 -100 -28516
 -100 -28422
 -125 -125
 -125 -125
 -125 -28285
 -125 -28161
 -158 -158
 -158 -158
 -158 -28062
 -158 -28082
 -122 -250
 -122 -250
 -122 -28154
 -122 -28109
 36 -8355804
 36 -32732
 36 -28124
 36 -28085
 24 -8355816
 24 -32744
 24 -27880
 24 -27829
 214 -8355754
 214 -32682
 214 -27562
 214 -27619
 424 -8355416
 424 -32344
 424 -27224
 424 -27186
 322 -8355518
 322 -32446
 322 -27326
 322 -27286
 -165 -37
 -165 -37
 -165 -27429
 -165 -27398
 -266 -394
 -266 -394
 -266 -27274
 -266 -27308
 -149 -149
 -149 -149
 -149 -27541
 -149 -27592
 -88 -216
 -88 -216
 -88 -27864
 -88 -27779
 -117 -245
 -117 -245
 -117 -27893
 -117 -27884
 -136 -136
 -136 -136
 -136 -28040
 -136 -28042
 -298 -298
 -298 -298
 -298 -28458
 -298 -28487
 -72 -200
 -72 -200
 -72 -28360
 -72 -28398
 -21 -21
 -21 -21
 -21 -28693
 -21 -28726
 112 -8355728
 112 -32656
 112 -29072
 112 -29058
 232 -8355736
 232 -32664
 232 -29080
 232 -29070
 -123 -251
 -123 -251
 -123 -29179
 -123 -29081
 -101 -229
 -101 -229
 -101 -29157
 -101 -29079
 26 -8355814
 26 -32742
 26 -29158
 26 -29136
 126 -8355586
 126 -32514
 126 -29186
 126 -29187
 199 -8355641
 199 -32569
 199 -29241
 199 -29203
 51 -8355661
 51 -32589
 51 -29261
 51 -29276
 -71 -199
 -71 -199
 -71 -29639
 -71 -29656
 127 -8355585
 127 -32513
 127 -29697
 127 -29782
 118 -8355722
 118 -32650
 118 -29578
 118 -29584
 11 -8355701
 11 -32629
 11 -29557
 11 -29491
 -140 -12
 -140 -12
 -140 -29196
 -140 -29237
 -76 -204
 -76 -204
 -76 -28876
 -76 -28846
 270 -8355570
 270 -32498
 270 -28658
 270 -28641
 364 -8355348
 364 -32276
 364 -28180
 364 -28238
 132 -8355836
 132 -32764
 132 -28156
 132 -28134
 -116 -244
 -116 -244
 -116 -28404
 -116 -28354
 -40 -168
 -40 -168
 -40 -28072
 -40 -28090
 0 -8355712
 0 -32640
 0 -27776
 0 -27761
 -77 -205
 -77 -205
 -77 -27597
 -77 -27522
 -57 -185
 -57 -185
 -57 -27577
 -57 -27521
 -55 -183
 -55 -183
 -55 -27319
 -55 -27346
 -106 -234
 -106 -234
 -106 -27114
 -106 -27113
 47 -8355665
 47 -32593
 47 -27217
 47 -27148
 186 -8355654
 186 -32582
 186 -27206
 186 -27138
 -4 -132
 -4 -132
 -4 -27012
 -4 -27125
 12 -8355700
 12 -32628
 12 -26996
 12 -26937
 -7 -135
 -7 -135
 -7 -26503
 -7 -26582
 75 -8355637
 75 -32565
 75 -26165
 75 -26238
 -17 -17
 -17 -17
 -17 -26129
 -17 -26200
 -185 -185
 -185 -185
 -185 -26553
 -185 -26511
 -66 -194
 -66 -194
 -66 -26818
 -66 -26756
 -34 -34
 -34 -34
 -34 -26914
 -34 -26911
 110 -8355730
 110 -32658
 110 -27026
 110 -27085
 -308 -436
 -308 -436
 -308 -27060
 -308 -27113
 -40 -40
 -40 -40
 -40 -27176
 -40 -27202
 -139 -139
 -139 -139
 -139 -27275
 -139 -27268
 91 -8355621
 91 -32549
 91 -27429
 91 -27429
 227 -8355613
 227 -32541
 227 -27421
 227 -27482
 334 -8355506
 334 -32434
 334 -27570
 334 -27553
 21 -8355819
 21 -32747
 21 -27627
 21 -27609
 -115 -115
 -115 -115
 -115 -27763
 -115 -27756
 180 -8355660
 180 -32588
 180 -27980
 180 -27946
 136 -8355704
 136 -32632
 136 -27768
 136 -27675
 -207 -79
 -207 -79
 -207 -27727
 -207 -27691
 -314 -314
 -314 -314
 -314 -27706
 -314 -27674
 -157 -157
 -157 -157
 -157 -27805
 -157 -27891
 -155 -27
 -155 -27
 -155 -27931
 -155 -27925
 8 -8355704
 8 -32632
 8 -28024
 8 -27942
 -130 -130
 -130 -130
 -130 -28034
 -130 -28064
 -208 -208
 -208 -208
 -208 -27600
 -208 -27581
 12 -8355828
 12 -32756
 12 -27380
 12 -27303
 117 -8355595
 117 -32523
 117 -26891
 117 -26912
 -97 -97
 -97 -97
 -97 -26721
 -97 -26698
 -142 -142
 -142 -142
 -142 -26510
 -142 -26593
 -65 -65
 -65 -65
 -65 -26433
 -65 -26491
 -123 -123
 -123 -123
 -123 -26491
 -123 -26382
 -25 -153
 -25 -153
 -25 -26009
 -25 -26087
 28 -8355684
 28 -32612
 28 -25956
 28 -25868
 156 -8355684
 156 -32612
 156 -25956
 156 -25927
 35 -8355805
 35 -32733
 35 -25821
 35 -25773
 -21 -149
 -21 -149
 -21 -25749
 -21 -25745
 -100 -228
 -100 -228
 -100 -25572
 -100 -25561
 199 -8355769
 199 -32697
 199 -25273
 199 -25310
 70 -8355770
 70 -32698
 70 -25274
 70 -25226
 -235 -235
 -235 -235
 -235 -25067
 -235 -25058
 -100 -228
 -100 -228
 -100 -24548
 -100 -24455
 47 -8355793
 47 -32721
 47 -24273
 47 -24198
 40 -8355800
 40 -32728
 40 -24280
 40 -24221
 -152 -152
 -152 -152
 -152 -24472
 -152 -24518
 -41 -41
 -41 -41
 -41 -24873
 -41 -24939
 46 -8355666
 46 -32594
 46 -24914
 46 -24946
 247 -8355593
 247 -32521
 247 -25097
 247 -25117
 74 -8355766
 74 -32694
 74 -25014
 74 -25025
 42 -8355798
 42 -32726
 42 -25302
 42 -25259
 3 -8355837
 3 -32765
 3 -25597
 3 -25520
 -13 -141
 -13 -141
 -13 -25741
 -13 -25783
 66 -8355646
 66 -32574
 66 -26174
 66 -26116
 92 -8355620
 92 -32548
 92 -25892
 92 -25978
 125 -8355587
 125 -32515
 125 -25859
 125 -25916
 40 -8355672
 40 -32600
 40 -25944
 40 -25978
 -36 -36
 -36 -36
 -36 -26148
 -36 -26190
 -45 -173
 -45 -173
 -45 -26285
 -45 -26269
 -48 -176
 -48 -176
 -48 -26032
 -48 -26043
 -162 -34
 -162 -34
 -162 -26146
 -162 -26151
 -59 -187
 -59 -187
 -59 -26299
 -59 -26338
 -67 -195
 -67 -195
 -67 -26563
 -67 -26592
 165 -8355675
 165 -32603
 165 -26715
 165 -26722
 -31 -159
 -31 -159
 -31 -26527
 -31 -26541
 -295 -423
 -295 -423
 -295 -26279
 -295 -26320
 -15 -143
 -15 -143
 -15 -25743
 -15 -25772
 125 -8355715
 125 -32643
 125 -25475
 125 -25561
 335 -8355377
 335 -32305
 335 -25137
 335 -25177
 150 -8355818
 150 -32746
 150 -25066
 150 -25081
 -69 -197
 -69 -197
 -69 -25029
 -69 -24986
 -55 -183
 -55 -183
 -55 -24759
 -55 -24714
 67 -8355773
 67 -32701
 67 -24509
 67 -24496
 156 -8355812
 156 -32740
 156 -24292
 156 -24201
 -168 -168
 -168 -168
 -168 -24232
 -168 -24229
 -135 -135
 -135 -135
 -135 -23943
 -135 -23976
 -107 -107
 -107 -107
 -107 -23915
 -107 -23858
 -42 -170
 -42 -170
 -42 -23978
 -42 -23993
 122 -8355590
 122 -32518
 122 -23814
 122 -23913
 130 -8355710
 130 -32638
 130 -24190
 130 -24142
 -153 -153
 -153 -153
 -153 -23705
 -153 -23697
 -206 -78
 -206 -78
 -206 -23374
 -206 -23417
 132 -8355708
 132 -32636
 132 -23164
 132 -23057
 38 -8355674
 38 -32602
 38 -23130
 38 -23087
 -24 -24
 -24 -24
 -24 -23320
 -24 -23332
 -83 -83
 -83 -83
 -83 -23635
 -83 -23607
 41 -8355799
 41 -32727
 41 -23767
 41 -23802
 86 -8355626
 86 -32554
 86 -23850
 86 -23842
 71 -8355769
 71 -32697
 71 -23993
 71 -23998
 -102 -230
 -102 -230
 -102 -24294
 -102 -24224
 -24 -152
 -24 -152
 -24 -24472
 -24 -24498
 -43 -171
 -43 -171
 -43 -24491
 -43 -24524
 115 -8355597
 115 -32525
 115 -24589
 115 -24623
 136 -8355832
 136 -32760
 136 -24824
 136 -24714
 118 -8355722
 118 -32650
 118 -24714
 118 -24772
 49 -8355663
 49 -32591
 49 -24911
 49 -24857
 60 -8355652
 60 -32580
 60 -25156
 60 -25160
 165 -8355803
 165 -32731
 165 -25051
 165 -24963
 30 -8355682
 30 -32610
 30 -24930
 30 -24911
 -135 -7
 -135 -7
 -135 -25095
 -135 -25095
 54 -8355658
 54 -32586
 54 -25162
 54 -25187
 -98 -226
 -98 -226
 -98 -25570
 -98 -25590
 -9 -137
 -9 -137
 -9 -25481
 -9 -25500
 55 -8355657
 55 -32585
 55 -25161
 55 -25180
 -82 -210
 -82 -210
 -82 -24786
 -82 -24768
 -254 -254
 -254 -254
 -254 -24574
 -254 -24517
 35 -8355677
 35 -32605
 35 -24157
 35 -24190
 227 -8355741
 227 -32669
 227 -23709
 227 -23701
 52 -8355788
 52 -32716
 52 -23500
 52 -23477
 -111 -239
 -111 -239
 -111 -23791
 -111 -23752
 -200 -72
 -200 -72
 -200 -23880
 -200 -23855
 -194 -66
 -194 -66
 -194 -23618
 -194 -23565
 98 -8355742
 98 -32670
 98 -23198
 98 -23246
 -102 -102
 -102 -102
 -102 -23142
 -102 -23047
 182 -8355786
 182 -32714
 182 -22986
 182 -22996
 141 -8355827
 141 -32755
 141 -23027
 141 -22988
 118 -8355594
 118 -32522
 118 -23050
 118 -23164
 128 -8355712
 128 -32640
 128 -23168
 128 -23107
 -39 -167
 -39 -167
 -39 -23207
 -39 -23218
 44 -8355668
 44 -32596
 44 -22868
 44 -22877
 -213 -213
 -213 -213
 -213 -22741
 -213 -22698
 -135 -135
 -135 -135
 -135 -22407
 -135 -22466
 -12 -12
 -12 -12
 -12 -22540
 -12 -22541
 -77 -77
 -77 -77
 -77 -22605
 -77 -22573
 -177 -49
 -177 -49
 -177 -22833
 -177 -22900
 -142 -142
 -142 -142
 -142 -23182
 -142 -23221
 -83 -83
 -83 -83
 -83 -23379
 -83 -23308
 -92 -92
 -92 -92
 -92 -23644
 -92 -23670
 -104 -104
 -104 -104
 -104 -23912
 -104 -23843
 -184 -56
 -184 -56
 -184 -23864
 -184 -23880
 94 -8355618
 94 -32546
 94 -23842
 94 -23858
 -43 -171
 -43 -171
 -43 -23979
 -43 -23952
 4 -8355708
 4 -32636
 4 -24188
 4 -24093
 -234 -106
 -234 -106
 -234 -24426
 -234 -24397
 -76 -204
 -76 -204
 -76 -24524
 -76 -24527
 -139 -139
 -139 -139
 -139 -24459
 -139 -24493
 0 -8355712
 0 -32640
 0 -24704
 0 -24659
 136 -8355832
 136 -32760
 136 -24568
 136 -24498
 -127 -127
 -127 -127
 -127 -24447
 -127 -24347
 -137 -137
 -137 -137
 -137 -24457
 -137 -24555
 -161 -161
 -161 -161
 -161 -24737
 -161 -24718
 176 -8355664
 176 -32592
 176 -24656
 176 -24699
 -21 -21
 -21 -21
 -21 -24597
 -21 -24593
 -120 -248
 -120 -248
 -120 -24568
 -120 -24540
 -348 -348
 -348 -348
 -348 -24412
 -348 -24398
 -69 -197
 -69 -197
 -69 -24005
 -69 -24009
 164 -8355676
 164 -32604
 164 -24156
 164 -24083
 140 -8355700
 140 -32628
 140 -23924
 140 -23841
 80 -8355632
 80 -32560
 80 -23344
 80 -23379
 -89 -217
 -89 -217
 -89 -23257
 -89 -23267
 4 -8355836
 4 -32764
 4 -23036
 4 -22989
 114 -8355598
 114 -32526
 114 -22798
 114 -22874
 223 -8355745
 223 -32673
 223 -22689
 223 -22708
 18 -8355822
 18 -32750
 18 -22254
 18 -22268
 72 -8355768
 72 -32696
 72 -21944
 72 -21913
 121 -8355719
 121 -32647
 121 -21895
 121 -21974
 128 -8355840
 128 -32768
 128 -22272
 128 -22160
 -12 -140
 -12 -140
 -12 -22156
 -12 -22244
 -37 -37
 -37 -37
 -37 -21797
 -37 -21874
 123 -8355589
 123 -32517
 123 -21253
 123 -21362
 81 -8355759
 81 -32687
 81 -21167
 81 -21126
 -56 -56
 -56 -56
 -56 -21048
 -56 -21112
 -136 -136
 -136 -136
 -136 -21128
 -136 -21124
 -111 -239
 -111 -239
 -111 -21743
 -111 -21685
 47 -8355665
 47 -32593
 47 -22097
 47 -22045
 -76 -204
 -76 -204
 -76 -22220
 -76 -22208
 38 -8355802
 38 -32730
 38 -22234
 38 -22169
 107 -8355733
 107 -32661
 107 -22165
 107 -22209
 -198 -198
 -198 -198
 -198 -22470
 -198 -22443
 71 -8355769
 71 -32697
 71 -22457
 71 -22480
 138 -8355702
 138 -32630
 138 -22646
 138 -22645
 46 -8355794
 46 -32722
 46 -22994
 46 -22937
 117 -8355595
 117 -32523
 117 -22795
 117 -22832
 -123 -251
 -123 -251
 -123 -23035
 -123 -22967
 -99 -227
 -99 -227
 -99 -23011
 -99 -23040
 42 -8355798
 42 -32726
 42 -22998
 42 -22946
 169 -8355671
 169 -32599
 169 -23127
 169 -23129
 -157 -157
 -157 -157
 -157 -22941
 -157 -23015
 -85 -213
 -85 -213
 -85 -23509
 -85 -23512
 -104 -104
 -104 -104
 -104 -23912
 -104 -23863
 -72 -72
 -72 -72
 -72 -24136
 -72 -24092
 -14 -14
 -14 -14
 -14 -23822
 -14 -23935
 -50 -178
 -50 -178
 -50 -23474
 -50 -23534
 -339 -339
 -339 -339
 -339 -23123
 -339 -23116
 -287 -415
 -287 -415
 -287 -22687
 -287 -22682
 125 -8355587
 125 -32515
 125 -22275
 125 -22311
 -52 -180
 -52 -180
 -52 -22452
 -52 -22499
 -140 -140
 -140 -140
 -140 -22412
 -140 -22479
 -182 -182
 -182 -182
 -182 -22454
 -182 -22460
 -15 -143
 -15 -143
 -15 -22159
 -15 -22227
 -52 -52
 -52 -52
 -52 -22068
 -52 -22132
 27 -8355813
 27 -32741
 27 -21989
 27 -22015
 30 -8355810
 30 -32738
 30 -22242
 30 -22190
 -86 -86
 -86 -86
 -86 -22102
 -86 -22081
 -58 -186
 -58 -186
 -58 -21946
 -58 -22002
 21 -8355691
 21 -32619
 21 -21867
 21 -21806
 158 -8355682
 158 -32610
 158 -21858
 158 -21875
 -122 -250
 -122 -250
 -122 -22010
 -122 -21926
 -288 -416
 -288 -416
 -288 -21664
 -288 -21706
 -338 -338
 -338 -338
 -338 -21330
 -338 -21372
 -214 -214
 -214 -214
 -214 -21462
 -214 -21504
 -4 -132
 -4 -132
 -4 -21636
 -4 -21643
 41 -8355671
 41 -32599
 41 -21847
 41 -21868
 146 -8355822
 146 -32750
 146 -21998
 146 -21995
 123 -8355717
 123 -32645
 123 -22149
 123 -22253
 57 -8355783
 57 -32711
 57 -22471
 57 -22502
 49 -8355791
 49 -32719
 49 -22735
 49 -22709
 204 -8355636
 204 -32564
 204 -22836
 204 -22910
 113 -8355599
 113 -32527
 113 -22799
 113 -22837
 20 -8355820
 20 -32748
 20 -23276
 20 -23293
 -160 -160
 -160 -160
 -160 -23456
 -160 -23500
 -266 -266
 -266 -266
 -266 -23818
 -266 -23835
 -226 -98
 -226 -98
 -226 -24162
 -226 -24080
 226 -8355614
 226 -32542
 226 -24094
 226 -24097
 164 -8355676
 164 -32604
 164 -24156
 164 -24145
 128 -8355712
 128 -32640
 128 -24192
 128 -24139
 125 -8355587
 125 -32515
 125 -24067
 125 -24126
 64 -8355648
 64 -32576
 64 -24384
 64 -24374
 21 -8355691
 21 -32619
 21 -24683
 21 -24672
 226 -8355614
 226 -32542
 226 -24606
 226 -24619
 346 -8355366
 346 -32294
 346 -24614
 346 -24681
 215 -8355625
 215 -32553
 215 -24361
 215 -24333
 180 -8355788
 180 -32716
 180 -24012
 180 -23998
 -88 -88
 -88 -88
 -88 -23640
 -88 -23562
 32 -8355680
 32 -32608
 32 -23648
 32 -23584
 301 -8355411
 301 -32339
 301 -23891
 301 -23843
 371 -8355341
 371 -32269
 371 -23821
 371 -23849
 265 -8355575
 265 -32503
 265 -23287
 265 -23275
 41 -8355671
 41 -32599
 41 -22871
 41 -22817
 165 -8355675
 165 -32603
 165 -22875
 165 -22862
 244 -8355596
 244 -32524
 244 -22540
 244 -22603
 571 -8355269
 571 -32197
 571 -22725
 571 -22678
 290 -8355422
 290 -32350
 290 -22622
 290 -22634
 158 -8355810
 158 -32738
 158 -22498
 158 -22500
 177 -8355663
 177 -32591
 177 -22351
 177 -22354
 206 -8355634
 206 -32562
 206 -22322
 206 -22274
 322 -8355390
 322 -32318
 322 -22334
 322 -22294
 375 -8355337
 375 -32265
 375 -22025
 375 -22076
 321 -8355391
 321 -32319
 321 -21567
 321 -21549
 275 -8355437
 275 -32365
 275 -21357
 275 -21346
 547 -8355165
 547 -32093
 547 -21597
 547 -21582
 571 -8355141
 571 -32069
 571 -22341
 571 -22296
 693 -8355275
 693 -32203
 693 -22731
 693 -22770
 742 -8355226
 742 -32154
 742 -22938
 742 -22954
 684 -8355156
 684 -32084
 684 -22868
 684 -22845
 628 -8355212
 628 -32140
 628 -22668
 628 -22778
 708 -8355132
 708 -32060
 708 -22844
 708 -22848
 668 -8355172
 668 -32100
 668 -23140
 668 -23043
 793 -8354919
 793 -31847
 793 -23399
 793 -23395
 1031 -8354809
 1031 -31737
 1031 -23545
 1031 -23478
 1029 -8354811
 1029 -31739
 1029 -23547
 1029 -23490
 1079 -8354633
 1079 -31561
 1079 -23625
 1079 -23566
 1247 -8354721
 1247 -31649
 1247 -23713
 1247 -23743
 1355 -8354357
 1355 -31285
 1355 -23605
 1355 -23568
 1363 -8354349
 1363 -31277
 1363 -23341
 1363 -23391
 1293 -8354419
 1293 -31347
 1293 -23667
 1293 -23596
 1573 -8354139
 1573 -31067
 1573 -23899
 1573 -23906
 1933 -8353907
 1933 -30835
 1933 -24435
 1933 -24367
 2094 -8353746
 2094 -30674
 2094 -24530
 2094 -24469
 2168 -8353544
 2168 -30472
 2168 -24584
 2168 -24643
 1969 -8353871
 1969 -30799
 1969 -24399
 1969 -24400
 2330 -8353510
 2330 -30438
 2330 -23782
 2330 -23786
 2270 -8353570
 2270 -30498
 2270 -23330
 2270 -23325
 2609 -8353231
 2609 -30159
 2609 -22991
 2609 -23034
 2859 -8352853
 2859 -29781
 2859 -22869
 2859 -22836
 3109 -8352603
 3109 -29531
 3109 -22619
 3109 -22624
 3414 -8352426
 3414 -29354
 3414 -22442
 3414 -22467
 3608 -8352104
 3608 -29032
 3608 -22120
 3608 -22074
 3790 -8352050
 3790 -28978
 3790 -22066
 3790 -22067
 4222 -8351618
 4222 -28546
 4222 -21890
 4222 -21996
 4505 -8351463
 4505 -28391
 4505 -21991
 4505 -21946
 4577 -8351391
 4577 -28319
 4577 -21919
 4577 -21949
 4888 -8350824
 4888 -27752
 4888 -22120
 4888 -22037
 5335 -8350505
 5335 -27433
 5335 -22057
 5335 -22072
 5881 -8350087
 5881 -27015
 5881 -21895
 5881 -21925
 6294 -8349674
 6294 -26602
 6294 -21994
 6294 -21923
 6580 -8349260
 6580 -26188
 6580 -21580
 6580 -21597
 7093 -8348747
 7093 -25675
 7093 -21323
 7093 -21297
 7340 -8348628
 7340 -25556
 7340 -21204
 7340 -21179
 7863 -8347977
 7863 -24905
 7863 -21321
 7863 -21293
 8637 -8347331
 8637 -24259
 8637 -21699
 8637 -21651
 9042 -8346670
 9042 -23598
 9042 -22062
 9042 -22055
 9540 -8346300
 9540 -23228
 9540 -22460
 9540 -22412
 10217 -8345751
 10217 -22679
 10217 -22423
 10217 -22466
 10915 -8344925
 10915 -21853
 10915 -22621
 10915 -22627
 11584 -8344256
 11584 -21184
 11584 -22976
 11584 -22977
 12310 -8343530
 12310 -20458
 12310 -23274
 12310 -23263
 13181 -8342659
 13181 -19587
 13181 -23683
 13181 -23737
 14312 -8341656
 14312 -18584
 14312 -23960
 14312 -23974
 15011 -8340957
 15011 -17885
 15011 -24029
 15011 -23968
 15800 -8340040
 15800 -16968
 15800 -23880
 15800 -23886
 17110 -8338858
 17110 -15786
 17110 -23722
 17110 -23759
 17983 -8337857
 17983 -14785
 17983 -24001
 17983 -23971
 18924 -8336916
 18924 -13844
 18924 -23828
 18924 -23904
 20220 -8335620
 20220 -12548
 20220 -24068
 20220 -24173
 21603 -8334237
 21603 -11165
 21603 -24733
 21603 -24747
 23155 -8332685
 23155 -9613
 23155 -25229
 23155 -25265
 24380 -8331332
 24380 -8260
 24380 -25668
 24380 -25606
 25813 -8330027
 25813 -6955
 25813 -25387
 25813 -25465
 27155 -8328685
 27155 -5613
 27155 -25325
 27155 -25319
 28766 -8326946
 28766 -3874
 28766 -25122
 28766 -25131
 30408 -8325560
 30408 -2488
 30408 -25016
 30408 -24986
 32329 -8323511
 32329 -439
 32329 -25015
 32329 -24965
 34172 -8354308
 34172 -31236
 34172 -24836
 34172 -24910
 35877 -8352603
 35877 -29531
 35877 -24923
 35877 -24855
 38044 -8350564
 38044 -27492
 38044 -24932
 38044 -24935
 40353 -8348383
 40353 -25311
 40353 -24543
 40353 -24558
 42492 -8346116
 42492 -23044
 42492 -24580
 42492 -24631
 44934 -8343802
 44934 -20730
 44934 -25082
 44934 -25082
 47492 -8341116
 47492 -18044
 47492 -25468
 47492 -25418
 50110 -8338626
 50110 -15554
 50110 -25794
 50110 -25784
 52829 -8335651
 52829 -12579
 52829 -25891
 52829 -25979
 55839 -8332769
 55839 -9697
 55839 -26337
 55839 -26300
 58792 -8329944
 58792 -6872
 58792 -26328
 58792 -26347
 61799 -8326681
 61799 -3609
 61799 -26137
 61799 -26200
 65061 -8323547
 65061 -475
 65061 -26075
 65061 -26089
 68674 -8287166
 68674 -29630
 68674 -26302
 68674 -26246
 72321 -8283519
 72321 -25983
 72321 -26751
 72321 -26750
 75918 -8280050
 75918 -22514
 75918 -27634
 75918 -27526
 79773 -8276067
 79773 -18531
 79773 -28003
 79773 -27921
 83924 -8271916
 83924 -14380
 83924 -28204
 83924 -28243
 88119 -8267721
 88119 -10185
 88119 -29129
 88119 -29081
 92605 -8263363
 92605 -5827
 92605 -29635
 92605 -29593
 97035 -8258677
 97035 -1141
 97035 -30069
 97035 -30035
 101925 -8286555
 101925 -29019
 101925 -30299
 101925 -30334
 106736 -8282000
 106736 -24464
 106736 -31120
 106736 -31206
 111906 -8276702
 111906 -19166
 111906 -32222
 111906 -32243
 117470 -8304034
 117470 -46498
 117470 -32930
 117470 -33002
 123022 -8298482
 123022 -40946
 123022 -33522
 123022 -33431
 128509 -8292995
 128509 -35459
 128509 -33923
 128509 -33968
 134780 -8253700
 134780 -61700
 134780 -34308
 134780 -34367
 141152 -8247328
 141152 -55328
 141152 -34848
 141152 -34910
 147529 -8241079
 147529 -49079
 147529 -35511
 147529 -35525
 154341 -8234395
 154341 -42395
 154341 -35995
 154341 -36060
 161375 -8227233
 161375 -35233
 161375 -36769
 161375 -36776
 168555 -8252821
 168555 -60821
 168555 -37781
 168555 -37851
 176009 -8245367
 176009 -53367
 176009 -38775
 176009 -38722
 183878 -8237370
 183878 -45370
 183878 -39482
 183878 -39464
 191916 -8229460
 191916 -37460
 191916 -40276
 191916 -40292
 200157 -8188579
 200157 -62115
 200157 -40867
 200157 -40930
 208581 -8180155
 208581 -53691
 208581 -41403
 208581 -41422
 217404 -8171076
 217404 -44612
 217404 -41796
 217404 -41853
 226318 -8162290
 226318 -35826
 226318 -42482
 226318 -42466
 235781 -8185595
 235781 -59131
 235781 -43259
 235781 -43179
 245508 -8175868
 245508 -49404
 245508 -43772
 245508 -43700
 255370 -8166006
 255370 -39542
 255370 -44662
 255370 -44546
 265734 -8122874
 265734 -61946
 265734 -45562
 265734 -45452
 276265 -8112215
 276265 -51287
 276265 -46423
 276265 -46366
 286839 -8101769
 286839 -40841
 286839 -47497
 286839 -47558
 297780 -8123596
 297780 -62668
 297780 -48844
 297780 -48775
 309090 -8112286
 309090 -51358
 309090 -49566
 309090 -49598
 321142 -8100234
 321142 -39306
 321142 -50314
 321142 -50373
 333087 -8055521
 333087 -60129
 333087 -51681
 333087 -51673
 345418 -8043062
 345418 -47670
 345418 -52790
 345418 -52858
 357930 -8030550
 357930 -35158
 357930 -53590
 357930 -53534
 370974 -8050274
 370974 -54882
 370974 -54626
 370974 -54566
 384261 -8036987
 384261 -41595
 384261 -55931
 384261 -55919
 397603 -7991005
 397603 -61149
 397603 -57053
 397603 -56973
 411475 -7977005
 411475 -47149
 411475 -58669
 411475 -58627
 425945 -7962791
 425945 -32935
 425945 -60583
 425945 -60625
 440333 -7981043
 440333 -51187
 440333 -62195
 440333 -62157
 454741 -7966507
 454741 -36651
 454741 -63531
 454741 -63554
 469765 -7918715
 469765 -54395
 469765 -65403
 469765 -65282
 485259 -7870581
 485259 -71797
 485259 -67189
 485259 -67123
 500925 -7887683
 500925 -88899
 500925 -68931
 500925 -68933
 516787 -7871949
 516787 -73165
 516787 -70605
 516787 -70644
 533265 -7822575
 533265 -89327
 533265 -72431
 533265 -72338
 549627 -7806341
 549627 -73093
 549627 -73861
 549627 -73883
 566206 -7822530
 566206 -89282
 566206 -75970
 566206 -75909
 583215 -7805265
 583215 -72017
 583215 -77393
 583215 -77412
 600458 -7755382
 600458 -87670
 600458 -79222
 600458 -79130
 617911 -7737929
 617911 -70217
 617911 -80969
 617911 -80987
 635539 -7753069
 635539 -85357
 635539 -82797
 635539 -82784
 653519 -7735217
 653519 -67505
 653519 -84657
 653519 -84615
 671715 -7684253
 671715 -82077
 671715 -86685
 671715 -86740
 690021 -7698587
 690021 -96411
 690021 -88731
 690021 -88760
 708680 -7679928
 708680 -77752
 708680 -90808
 708680 -90833
 727435 -7628533
 727435 -91893
 727435 -92917
 727435 -92816
 746142 -7609698
 746142 -73058
 746142 -94306
 746142 -94320
 764989 -7623491
 764989 -86851
 764989 -96067
 764989 -96032
 784215 -7604393
 784215 -67753
 784215 -97705
 784215 -97755
 803352 -7585128
 803352 -114024
 803352 -99432
 803352 -99432
 822808 -7598440
 822808 -127336
 822808 -101224
 822808 -101230
 842219 -7579157
 842219 -108053
 842219 -103189
 842219 -103289
 861750 -7526858
 861750 -121290
 861750 -105162
 861750 -105125
 881306 -7507302
 881306 -101734
 881306 -107110
 881306 -107030
 900818 -7520686
 900818 -115118
 900818 -108974
 900818 -108960
 920430 -7468050
 920430 -128018
 920430 -110866
 920430 -110867
 939943 -7448793
 939943 -108761
 939943 -112857
 939943 -112896
 959701 -7461803
 959701 -121771
 959701 -114859
 959701 -114890
 979312 -7442064
 979312 -102032
 979312 -116880
 979312 -116934
 998802 -7389806
 998802 -115310
 998802 -119150
 998802 -119088
 1018083 -7403421
 1018083 -128925
 1018083 -121245
 1018083 -121265
 1037283 -7384221
 1037283 -109725
 1037283 -123293
 1037283 -123275
 1056245 -7332491
 1056245 -123531
 1056245 -125067
 1056245 -125058
 1075180 -7313428
 1075180 -104468
 1075180 -126996
 1075180 -127098
 1093812 -7327564
 1093812 -118604
 1093812 -129100
 1093812 -129139
 1112271 -7276465
 1112271 -133041
 1112271 -131505
 1112271 -131457
 1130357 -7225483
 1130357 -147595
 1130357 -133771
 1130357 -133801
 1148060 -7240548
 1148060 -162660
 1148060 -136292
 1148060 -136271
 1165813 -7222795
 1165813 -144907
 1165813 -138251
 1165813 -138253
 1183031 -7172681
 1183031 -160329
 1183031 -140617
 1183031 -140661
 1200034 -7155934
 1200034 -143582
 1200034 -142814
 1200034 -142842
 1216686 -7172050
 1216686 -159698
 1216686 -144850
 1216686 -144825
 1232614 -7156122
 1232614 -143770
 1232614 -146586
 1232614 -146673
 1248281 -7107431
 1248281 -160615
 1248281 -148583
 1248281 -148514
 1263554 -7092414
 1263554 -145598
 1263554 -150462
 1263554 -150434
 1278248 -7110232
 1278248 -163416
 1278248 -152664
 1278248 -152671
 1292313 -7096295
 1292313 -149479
 1292313 -154855
 1292313 -154789
 1305864 -7082616
 1305864 -135800
 1305864 -156792
 1305864 -156713
 1318932 -7036780
 1318932 -155500
 1318932 -158316
 1318932 -158274
 1331234 -7024478
 1331234 -143198
 1331234 -159838
 1331234 -159810
 1343030 -7012682
 1343030 -131402
 1343030 -161610
 1343030 -161635
 1354170 -7034438
 1354170 -153158
 1354170 -163654
 1354170 -163605
 1364632 -7056872
 1364632 -175592
 1364632 -165352
 1364632 -165372
 1374425 -7047079
 1374425 -165799
 1374425 -166567
 1374425 -166639
 1383206 -7005402
 1383206 -189658
 1383206 -167898
 1383206 -167809
 1391451 -6997029
 1391451 -181285
 1391451 -168997
 1391451 -169035
 1398808 -6989800
 1398808 -174056
 1398808 -169960
 1398808 -169896
 1405372 -6983364
 1405372 -167620
 1405372 -170692
 1405372 -170719
 1410983 -7010521
 1410983 -194777
 1410983 -171481
 1410983 -171432
 1415772 -7005476
 1415772 -189732
 1415772 -172068
 1415772 -172085
 1419506 -7001870
 1419506 -186126
 1419506 -173070
 1419506 -173066
 1422507 -6998997
 1422507 -183253
 1422507 -174037
 1422507 -173968
 1424416 -6996832
 1424416 -181088
 1424416 -174944
 1424416 -174951
 1425524 -6995852
 1425524 -180108
 1425524 -175756
 1425524 -175787
 1425535 -6995713
 1425535 -179969
 1425535 -176385
 1425535 -176440
 1424571 -6996805
 1424571 -181061
 1424571 -176709
 1424571 -176761
 1422501 -6998875
 1422501 -183131
 1422501 -177243
 1422501 -177230
 1419646 -7001730
 1419646 -185986
 1419646 -177282
 1419646 -177400
 1415177 -7006071
 1415177 -190327
 1415177 -177527
 1415177 -177519
 1409902 -7011474
 1409902 -195730
 1409902 -177298
 1409902 -177296
 1403767 -6984841
 1403767 -169097
 1403767 -177033
 1403767 -177053
 1396338 -6992270
 1396338 -176526
 1396338 -176782
 1396338 -176881
 1387836 -7000772
 1387836 -185028
 1387836 -176580
 1387836 -176553
 1377974 -7010634
 1377974 -194890
 1377974 -176202
 1377974 -176234
 1367203 -7054173
 1367203 -172893
 1367203 -176221
 1367203 -176134
 1354975 -7066529
 1354975 -185249
 1354975 -176033
 1354975 -176050
 1341979 -7046629
 1341979 -165349
 1341979 -175845
 1341979 -175780
 1327868 -7060740
 1327868 -179460
 1327868 -175108
 1327868 -175151
 1312455 -7076281
 1312455 -195001
 1312455 -174521
 1312455 -174553
 1295935 -7125313
 1295935 -178497
 1295935 -173633
 1295935 -173693
 1278258 -7142990
 1278258 -196174
 1278258 -172622
 1278258 -172627
 1259505 -7129103
 1259505 -182287
 1259505 -171535
 1259505 -171626
 1239539 -7181837
 1239539 -169485
 1239539 -170509
 1239539 -170575
 1218493 -7202883
 1218493 -190531
 1218493 -169539
 1218493 -169474
 1196445 -7192163
 1196445 -179811
 1196445 -168035
 1196445 -168019
 1173265 -7248111
 1173265 -170223
 1173265 -166383
 1173265 -166363
 1149019 -7272357
 1149019 -194469
 1149019 -164773
 1149019 -164754
 1123534 -7232306
 1123534 -154418
 1123534 -162866
 1123534 -162899
 1096984 -7291496
 1096984 -148072
 1096984 -161128
 1096984 -161110
 1069502 -7286466
 1069502 -143042
 1069502 -159426
 1069502 -159421
 1040913 -7347567
 1040913 -138607
 1040913 -157551
 1040913 -157464
 1011414 -7344426
 1011414 -135466
 1011414 -155178
 1011414 -155205
 981111 -7407369
 981111 -132873
 981111 -152841
 981111 -152948
 949822 -7406018
 949822 -131522
 949822 -150466
 949822 -150424
 917534 -7438178
 917534 -163682
 917534 -147554
 917534 -147570
 884426 -7471542
 884426 -131510
 884426 -144310
 884426 -144341
 850074 -7538662
 850074 -133094
 850074 -141030
 850074 -141014
 815102 -7540866
 815102 -135298
 815102 -137858
 815102 -137878
 779459 -7609149
 779459 -138045
 779459 -135229
 779459 -135272
 742865 -7612975
 742865 -141871
 742865 -132399
 742865 -132425
 705362 -7715886
 705362 -113710
 705362 -129326
 705362 -129351
 667378 -7721230
 667378 -119054
 667378 -125966
 667378 -126062
 628742 -7792506
 628742 -124794
 628742 -122490
 628742 -122381
 589365 -7832011
 589365 -98763
 589365 -118731
 589365 -118709
 549643 -7838837
 549643 -105589
 549643 -114805
 549643 -114710
 509067 -7912309
 509067 -113525
 509067 -110965
 509067 -110921
 467952 -7920656
 467952 -121872
 467952 -107280
 467952 -107273
 426543 -7994705
 426543 -130385
 426543 -103761
 426543 -103708
 384579 -8036797
 384579 -106941
 384579 -100029
 384579 -99995
 342149 -8013691
 342149 -83835
 342149 -96123
 342149 -96017
 299341 -8089139
 299341 -93747
 299341 -91699
 299341 -91680
 256196 -8132540
 256196 -71612
 256196 -87484
 256196 -87510
 212770 -8142942
 212770 -82014
 212770 -83550
 212770 -83522
 169164 -8219444
 169164 -92980
 169164 -79412
 169164 -79486
 125363 -8263373
 125363 -71373
 125363 -75725
 125363 -75674
 81160 -8274552
 81160 -82552
 81160 -71800
 81160 -71798
 36791 -8351945
 36791 -94409
 36791 -67785
 36791 -67807
 -7196 -40092
 -7196 -40092
 -7196 -63388
 -7196 -63449
 -51395 -51267
 -51395 -51267
 -51395 -59459
 -51395 -59403
 -95467 -128107
 -95467 -62571
 -95467 -55147
 -95467 -55167
 -139325 -172221
 -139325 -41149
 -139325 -51133
 -139325 -51085
 -182930 -182802
 -182930 -51730
 -182930 -46866
 -182930 -46892
 -226224 -258864
 -226224 -62256
 -226224 -42544
 -226224 -42543
 -269290 -301930
 -269290 -39786
 -269290 -38250
 -269290 -38176
 -312058 -312058
 -312058 -49914
 -312058 -33786
 -312058 -33719
 -354484 -354484
 -354484 -26804
 -354484 -29364
 -354484 -29334
 -396300 -396300
 -396300 -3084
 -396300 -24844
 -396300 -24927
 -437790 -405022
 -437790 -11806
 -437790 -20510
 -437790 -20554
 -478789 -478917
 -478789 -20165
 -478789 -16325
 -478789 -16377
 -519472 -486832
 -519472 -28080
 -519472 -12208
 -519472 -12214
 -559383 -526743
 -559383 -2455
 -559383 -8087
 -559383 -8175
 -598598 -598726
 -598598 -8902
 -598598 -4038
 -598598 -4065
 -637319 7751289
 -637319 18041
 -637319 377
 -637319 322
 -675329 7680511
 -675329 12799
 -675329 4863
 -675329 4800
 -712594 7676142
 -712594 8430
 -712594 9198
 -712594 9151
 -749387 7606325
 -749387 4149
 -749387 13365
 -749387 13369
 -785176 7603432
 -785176 1256
 -785176 17896
 -785176 17825
 -820323 7568157
 -820323 31517
 -820323 21789
 -820323 21839
 -854671 7501297
 -854671 30193
 -854671 26097
 -854671 26070
 -888231 7500505
 -888231 29401
 -888231 30425
 -888231 30358
 -920537 7468199
 -920537 62631
 -920537 34471
 -920537 34550
 -952381 7468867
 -952381 63299
 -952381 38467
 -952381 38428
 -983121 7405359
 -983121 65327
 -983121 42031
 -983121 42048
 -1012965 7375771
 -1012965 35739
 -1012965 45723
 -1012965 45696
 -1041806 7379570
 -1041806 39538
 -1041806 49266
 -1041806 49178
 -1069885 7318595
 -1069885 44099
 -1069885 52803
 -1069885 52817
 -1096584 7324920
 -1096584 50424
 -1096584 56312
 -1096584 56212
 -1122267 7266341
 -1122267 57381
 -1122267 59685
 -1122267 59731
 -1147185 7274191
 -1147185 65231
 -1147185 63439
 -1147185 63464
 -1170901 7217707
 -1170901 74283
 -1170901 66859
 -1170901 66860
 -1193632 7162208
 -1193632 84320
 -1193632 70240
 -1193632 70147
 -1215611 7172997
 -1215611 95109
 -1215611 72837
 -1215611 72894
 -1235891 7152845
 -1235891 74957
 -1235891 75725
 -1235891 75739
 -1255217 7100495
 -1255217 88143
 -1255217 78159
 -1255217 78118
 -1273601 7082239
 -1273601 69887
 -1273601 80383
 -1273601 80351
 -1290587 7097893
 -1290587 85541
 -1290587 82725
 -1290587 82750
 -1306990 7081618
 -1306990 69266
 -1306990 85138
 -1306990 85121
 -1321762 7034078
 -1321762 87262
 -1321762 87518
 -1321762 87459
 -1335724 7020116
 -1335724 73300
 -1335724 89684
 -1335724 89608
 -1348689 7039791
 -1348689 92975
 -1348689 91695
 -1348689 91748
 -1360000 7028480
 -1360000 81664
 -1360000 93696
 -1360000 93707
 -1370454 7018026
 -1370454 71210
 -1370454 95786
 -1370454 95801
 -1380051 6975917
 -1380051 94637
 -1380051 97709
 -1380051 97790
 -1388345 7000135
 -1388345 118855
 -1388345 99399
 -1388345 99334
 -1395307 6993301
 -1395307 112021
 -1395307 101013
 -1395307 101048
 -1401654 6986954
 -1401654 105674
 -1401654 102858
 -1401654 102801
 -1406791 6981817
 -1406791 100537
 -1406791 104121
 -1406791 104110
 -1410689 7010815
 -1410689 129535
 -1410689 104959
 -1410689 104924
 -1413837 7007539
 -1413837 126259
 -1413837 105779
 -1413837 105783
 -1415645 7005859
 -1415645 124579
 -1415645 106403
 -1415645 106475
 -1416639 7004737
 -1416639 123457
 -1416639 107841
 -1416639 107782
 -1416646 7004730
 -1416646 123450
 -1416646 108858
 -1416646 108821
 -1415584 7005920
 -1415584 124640
 -1415584 110048
 -1415584 109971
 -1413680 7007568
 -1413680 126288
 -1413680 111184
 -1413680 111117
 -1410595 7010781
 -1410595 129501
 -1410595 112093
 -1410595 112082
 -1406924 6981812
 -1406924 100532
 -1406924 112820
 -1406924 112816
 -1402089 6986519
 -1402089 105239
 -1402089 113431
 -1402089 113482
 -1396649 6992087
 -1396649 110807
 -1396649 114135
 -1396649 114060
 -1390158 6998322
 -1390158 117042
 -1390158 114226
 -1390158 114292
 -1382854 7005754
 -1382854 124474
 -1382854 114490
 -1382854 114468
 -1374679 7046825
 -1374679 100009
 -1374679 114857
 -1374679 114850
 -1365633 7055743
 -1365633 108927
 -1365633 114815
 -1365633 114746
 -1355790 7065586
 -1355790 118770
 -1355790 114674
 -1355790 114650
 -1345425 7076079
 -1345425 129263
 -1345425 114415
 -1345425 114347
 -1334562 7054046
 -1334562 107230
 -1334562 114398
 -1334562 114358
 -1322885 7065851
 -1322885 119035
 -1322885 114171
 -1322885 114164
 -1310593 7110911
 -1310593 98559
 -1310593 113919
 -1310593 113830
 -1297495 7123753
 -1297495 111401
 -1297495 113449
 -1297495 113528
 -1284233 7137271
 -1284233 124919
 -1284233 113399
 -1284233 113386
 -1270300 7118180
 -1270300 105828
 -1270300 112740
 -1270300 112678
 -1255655 7132953
 -1255655 120601
 -1255655 111641
 -1255655 111739
 -1240411 7180837
 -1240411 102949
 -1240411 110629
 -1240411 110682
 -1224764 7196612
 -1224764 118724
 -1224764 109508
 -1224764 109519
 -1208913 7179567
 -1208913 101679
 -1208913 108335
 -1208913 108385
 -1192675 7195933
 -1192675 118045
 -1192675 107037
 -1192675 107099
 -1175912 7245336
 -1175912 101912
 -1175912 106008
 -1175912 106095
 -1158625 7262751
 -1158625 119327
 -1158625 104735
 -1158625 104772
 -1140977 7247631
 -1140977 104207
 -1140977 103183
 -1140977 103267
 -1123199 7265409
 -1123199 121985
 -1123199 102017
 -1123199 102021
 -1105259 7316117
 -1105259 107157
 -1105259 100501
 -1105259 100509
 -1087044 7334332
 -1087044 125372
 -1087044 99260
 -1087044 99224
 -1068731 7287109
 -1068731 78149
 -1068731 97861
 -1068731 97915
 -1049835 7306005
 -1049835 97045
 -1049835 96533
 -1049835 96631
 -1031184 7357424
 -1031184 82928
 -1031184 95216
 -1031184 95170
 -1012087 7343753
 -1012087 69257
 -1012087 93577
 -1012087 93608
 -992957 7362883
 -992957 88387
 -992957 92227
 -992957 92274
 -973733 7415003
 -973733 74971
 -973733 90587
 -973733 90592
 -954615 7433993
 -954615 93961
 -954615 88841
 -954615 88904
 -935519 7420321
 -935519 80289
 -935519 86945
 -935519 86999
 -916006 7472602
 -916006 67034
 -916006 85210
 -916006 85243
 -896574 7492034
 -896574 86466
 -896574 83394
 -896574 83369
 -877186 7478782
 -877186 73214
 -877186 81918
 -877186 81804
 -857848 7498120
 -857848 92552
 -857848 80520
 -857848 80631
 -838407 7550201
 -838407 79097
 -838407 79609
 -838407 79589
 -819207 7569401
 -819207 98297
 -819207 78329
 -819207 78241
 -800174 7555666
 -800174 84562
 -800174 76626
 -800174 76569
 -781249 7607487
 -781249 70847
 -781249 74943
 -781249 74945
 -762278 7626458
 -762278 89818
 -762278 73178
 -762278 73162
 -743451 7612389
 -743451 75749
 -743451 71653
 -743451 71617
 -724776 7630936
 -724776 94296
 -724776 70232
 -724776 70152
 -706386 7682222
 -706386 80046
 -706386 68782
 -706386 68836
 -688010 7667830
 -688010 65654
 -688010 67190
 -688010 67147
 -669988 7718492
 -669988 50780
 -669988 65372
 -669988 65292
 -651988 7769388
 -651988 36140
 -651988 63532
 -651988 63577
 -634250 7787254
 -634250 54006
 -634250 61686
 -634250 61683
 -616597 7772139
 -616597 38891
 -616597 60139
 -616597 60105
 -599271 7789337
 -599271 56089
 -599271 58649
 -599271 58708
 -582150 7839226
 -582150 40442
 -582150 57338
 -582150 57276
 -565577 7855799
 -565577 57015
 -565577 55735
 -565577 55755
 -549224 7839384
 -549224 40600
 -549224 54168
 -549224 54265
 -532690 7855918
 -532690 57134
 -532690 52526
 -532690 52567
 -516604 7904900
 -516604 40580
 -516604 50564
 -516604 50604
 -500946 7920558
 -500946 56238
 -500946 48558
 -500946 48634
 -485613 7902995
 -485613 38675
 -485613 46611
 -485613 46666
 -470254 7918482
 -470254 54162
 -470254 45202
 -470254 45213
 -455302 7966202
 -455302 36346
 -455302 43514
 -455302 43479
 -440604 7980772
 -440604 50916
 -440604 41444
 -440604 41458
 -426302 7995074
 -426302 65218
 -426302 39874
 -426302 39860
 -412530 7975950
 -412530 46094
 -412530 38158
 -412530 38228
 -398674 7989934
 -398674 60078
 -398674 36782
 -398674 36766
 -385267 8036109
 -385267 40717
 -385267 35341
 -385267 35337
 -372180 8049196
 -372180 53804
 -372180 33836
 -372180 33811
 -359412 7996556
 -359412 1164
 -359412 32396
 -359412 32448
 -346928 8008784
 -346928 13392
 -346928 31056
 -346928 31012
 -334623 8021089
 -334623 25697
 -334623 29793
 -334623 29728
 -322704 8065904
 -322704 4976
 -322704 28272
 -322704 28212
 -310908 8077572
 -310908 16644
 -310908 26372
 -310908 26448
 -299731 8089005
 -299731 28077
 -299731 25005
 -299731 24978
 -288737 8067103
 -288737 6175
 -288737 23583
 -288737 23622
 -278012 8077828
 -278012 16900
 -278012 22276
 -278012 22275
 -267717 8088123
 -267717 27195
 -267717 21307
 -267717 21323
 -257590 8130890
 -257590 4426
 -257590 20810
 -257590 20783
 -247718 8141018
 -247718 14554
 -247718 19930
 -247718 19851
 -238269 8150467
 -238269 24003
 -238269 18883
 -238269 18894
 -228873 8126967
 -228873 503
 -228873 17911
 -228873 17917
 -219885 8136083
 -219885 9619
 -219885 17043
 -219885 17149
 -210939 8144901
 -210939 18437
 -210939 16133
 -210939 16221
 -202371 8153597
 -202371 27133
 -202371 15357
 -202371 15353
 -194163 8194317
 -194163 2317
 -194163 14349
 -194163 14344
 -186351 8202257
 -186351 10257
 -186351 13585
 -186351 13680
 -178863 8209873
 -178863 17873
 -178863 12497
 -178863 12453
 -171386 8217222
 -171386 25222
 -171386 11142
 -171386 11175
 -164279 8224457
 -164279 32457
 -164279 10441
 -164279 10449
 -157226 8198486
 -157226 6486
 -157226 9814
 -157226 9810
 -150367 8205473
 -150367 13473
 -150367 8865
 -150367 8891
 -144159 8211553
 -144159 19553
 -144159 8289
 -144159 8234
 -137916 8217924
 -137916 25924
 -137916 7748
 -137916 7770
 -131548 8224420
 -131548 32420
 -131548 7076
 -131548 7093
 -125816 8262792
 -125816 5256
 -125816 6280
 -125816 6398
 -120341 8268139
 -120341 10603
 -120341 5483
 -120341 5487
 -114978 8273630
 -114978 16094
 -114978 4574
 -114978 4491
 -109860 8278620
 -109860 21084
 -109860 3676
 -109860 3622
 -104876 8283732
 -104876 26196
 -104876 2644
 -104876 2596
 -99995 8288741
 -99995 31205
 -99995 1765
 -99995 1770
 -95306 8260534
 -95306 2998
 -95306 950
 -95306 954
 -90985 8264727
 -90985 7191
 -90985 23
 -90985 17
 -86763 -86763
 -86763 -21227
 -86763 -747
 -86763 -767
 -82519 -82519
 -82519 -16983
 -82519 -1623
 -82519 -1638
 -78475 -78347
 -78475 -12811
 -78475 -2315
 -78475 -2374
 -74881 -74753
 -74881 -9217
 -74881 -2817
 -74881 -2821
 -71289 -71417
 -71289 -5881
 -71289 -3321
 -71289 -3325
 -67822 -67694
 -67822 -2158
 -67822 -4206
 -67822 -4209
 -64332 -31564
 -64332 -31564
 -64332 -4684
 -64332 -4625
 -61163 -28267
 -61163 -28267
 -61163 -4971
 -61163 -4985
 -58328 -25432
 -58328 -25432
 -58328 -5464
 -58328 -5429
 -55365 -22597
 -55365 -22597
 -55365 -6213
 -55365 -6221
 -52655 -19887
 -52655 -19887
 -52655 -7087
 -52655 -7116
 -49865 -17097
 -49865 -17097
 -49865 -7625
 -49865 -7669
 -47465 -14697
 -47465 -14697
 -47465 -8041
 -47465 -7974
 -44979 -12211
 -44979 -12211
 -44979 -8115
 -44979 -8078
 -42738 -9970
 -42738 -9970
 -42738 -8178
 -42738 -8075
 -40495 -7855
 -40495 -7855
 -40495 -8367
 -40495 -8367
 -38543 -5647
 -38543 -5647
 -38543 -8463
 -38543 -8467
 -36633 -3865
 -36633 -3865
 -36633 -8729
 -36633 -8726
 -34321 -1553
 -34321 -1553
 -34321 -8977
 -34321 -9072
 -32600 -32728
 -32600 -32728
 -32600 -9432
 -32600 -9364
 -30940 -30940
 -30940 -30940
 -30940 -9436
 -30940 -9455
 -29299 -29427
 -29299 -29427
 -29299 -9459
 -29299 -9469
 -27638 -27638
 -27638 -27638
 -27638 -9974
 -27638 -9915
 -26074 -26074
 -26074 -26074
 -26074 -9946
 -26074 -9919
 -24564 -24564
 -24564 -24564
 -24564 -10228
 -24564 -10217
 -23401 -23401
 -23401 -23401
 -23401 -10345
 -23401 -10366
 -22072 -22072
 -22072 -22072
 -22072 -10552
 -22072 -10615
 -20874 -20874
 -20874 -20874
 -20874 -10890
 -20874 -10899
 -19923 -19923
 -19923 -19923
 -19923 -10963
 -19923 -10943
 -18773 -18773
 -18773 -18773
 -18773 -11093
 -18773 -11095
 -17555 -17427
 -17555 -17427
 -17555 -11027
 -17555 -11051
 -16659 -16787
 -16659 -16787
 -16659 -11155
 -16659 -11210
 -15669 -15797
 -15669 -15797
 -15669 -11701
 -15669 -11731
 -14755 -14627
 -14755 -14627
 -14755 -12067
 -14755 -12135
 -13825 -13953
 -13825 -13953
 -13825 -12673
 -13825 -12773
 -13252 -13252
 -13252 -13252
 -13252 -13252
 -13252 -13233
 -12350 -12478
 -12350 -12478
 -12350 -13502
 -12350 -13535
 -11809 -11937
 -11809 -11937
 -11809 -13729
 -11809 -13744
 -11089 -11217
 -11089 -11217
 -11089 -14033
 -11089 -14029
 -10414 -10414
 -10414 -10414
 -10414 -14254
 -10414 -14253
 -9838 -9838
 -9838 -9838
 -9838 -14702
 -9838 -14647
 -9136 -9136
 -9136 -9136
 -9136 -15024
 -9136 -15050
 -8785 -8913
 -8785 -8913
 -8785 -15313
 -8785 -15272
 -8065 -8065
 -8065 -8065
 -8065 -15233
 -8065 -15343
 -7515 -7643
 -7515 -7643
 -7515 -15579
 -7515 -15547
 -7003 -7003
 -7003 -7003
 -7003 -15451
 -7003 -15463
 -6579 -6579
 -6579 -6579
 -6579 -15795
 -6579 -15840
 -6205 -6205
 -6205 -6205
 -6205 -16189
 -6205 -16248
 -5814 -5814
 -5814 -5814
 -5814 -16566
 -5814 -16621
 -5558 -5558
 -5558 -5558
 -5558 -17078
 -5558 -17059
 -5210 -5338
 -5210 -5338
 -5210 -17370
 -5210 -17396
 -4785 -4657
 -4785 -4657
 -4785 -17457
 -4785 -17444
 -4455 -4455
 -4455 -4455
 -4455 -16999
 -4455 -16975
 -4435 -4435
 -4435 -4435
 -4435 -16723
 -4435 -16748
 -4083 -4083
 -4083 -4083
 -4083 -16371
 -4083 -16278
 -3702 -3830
 -3702 -3830
 -3702 -16374
 -3702 -16271
 -3543 -3543
 -3543 -3543
 -3543 -16087
 -3543 -16060
 -3424 -3552
 -3424 -3552
 -3424 -16096
 -3424 -16035
 -3424 -3552
 -3424 -3552
 -3424 -16096
 -3424 -16098
 -2997 -2869
 -2997 -2869
 -2997 -16181
 -2997 -16211
 -2850 -2978
 -2850 -2978
 -2850 -16290
 -2850 -16288
 -2613 -2741
 -2613 -2741
 -2613 -16309
 -2613 -16264
 -2643 -2643
 -2643 -2643
 -2643 -16211
 -2643 -16185
 -2457 -2457
 -2457 -2457
 -2457 -16025
 -2457 -16018
 -2101 -2101
 -2101 -2101
 -2101 -15925
 -2101 -15980
 -1859 -1859
 -1859 -1859
 -1859 -16195
 -1859 -16230
 -2001 -2001
 -2001 -2001
 -2001 -16337
 -2001 -16332
 -1868 -1868
 -1868 -1868
 -1868 -16204
 -1868 -16220
 -1829 -1829
 -1829 -1829
 -1829 -15653
 -1829 -15744
 -1613 -1741
 -1613 -1741
 -1613 -15309
 -1613 -15290
 -1565 -1565
 -1565 -1565
 -1565 -15133
 -1565 -15215
 -1686 -1686
 -1686 -1686
 -1686 -15254
 -1686 -15306
 -1540 -1668
 -1540 -1668
 -1540 -15748
 -1540 -15847
 -1241 -1113
 -1241 -1113
 -1241 -16729
 -1241 -16643
 -1233 -1105
 -1233 -1105
 -1233 -17233
 -1233 -17184
 -1305 -1305
 -1305 -1305
 -1305 -17177
 -1305 -17167
 -1290 -1290
 -1290 -1290
 -1290 -17418
 -1290 -17448
 -1166 -1166
 -1166 -1166
 -1166 -17550
 -1166 -17604
 -876 -876
 -876 -876
 -876 -17772
 -876 -17753
 -815 -943
 -815 -943
 -815 -17839
 -815 -17815
 -832 -832
 -832 -832
 -832 -17984
 -832 -18001
 -701 -573
 -701 -573
 -701 -18237
 -701 -18187
 -630 -758
 -630 -758
 -630 -18422
 -630 -18374
 -753 -753
 -753 -753
 -753 -18673
 -753 -18599
 -697 -697
 -697 -697
 -697 -18617
 -697 -18616
 -676 -676
 -676 -676
 -676 -18596
 -676 -18645
 -697 -569
 -697 -569
 -697 -18489
 -697 -18557
 -510 -510
 -510 -510
 -510 -18942
 -510 -18887
 -390 -262
 -390 -262
 -390 -19462
 -390 -19496
 -707 -707
 -707 -707
 -707 -19651
 -707 -19606
 -636 -764
 -636 -764
 -636 -19708
 -636 -19633
 -682 -554
 -682 -554
 -682 -19498
 -682 -19477
 -336 -336
 -336 -336
 -336 -19024
 -336 -18980
 -283 -411
 -283 -411
 -283 -18587
 -283 -18664
 -290 -418
 -290 -418
 -290 -18338
 -290 -18422
 -319 -447
 -319 -447
 -319 -18367
 -319 -18314
 -413 -413
 -413 -413
 -413 -18077
 -413 -18111
 -387 -259
 -387 -259
 -387 -18179
 -387 -18194
 -431 -431
 -431 -431
 -431 -18351
 -431 -18389
 -498 -370
 -498 -370
 -498 -18290
 -498 -18186
 -303 -431
 -303 -431
 -303 -18095
 -303 -18074
 -311 -311
 -311 -311
 -311 -17975
 -311 -17949
 -512 -512
 -512 -512
 -512 -17920
 -512 -17831
 -399 -399
 -399 -399
 -399 -17807
 -399 -17795
 -409 -409
 -409 -409
 -409 -17817
 -409 -17867
 -379 -507
 -379 -507
 -379 -17915
 -379 -17812
 -616 -616
 -616 -616
 -616 -17768
 -616 -17691
 -194 -66
 -194 -66
 -194 -17730
 -194 -17711
 -158 -30
 -158 -30
 -158 -17438
 -158 -17478
 -393 -393
 -393 -393
 -393 -17289
 -393 -17315
 -612 -612
 -612 -612
 -612 -17508
 -612 -17471
 -584 -584
 -584 -584
 -584 -17992
 -584 -17931
 -265 -393
 -265 -393
 -265 -18313
 -265 -18342
 -201 -201
 -201 -201
 -201 -18633
 -201 -18607
 -386 -386
 -386 -386
 -386 -18818
 -386 -18921
 -465 -465
 -465 -465
 -465 -19153
 -465 -19119
 -139 -139
 -139 -139
 -139 -19339
 -139 -19358
 -76 -204
 -76 -204
 -76 -19660
 -76 -19693
 -94 -222
 -94 -222
 -94 -19678
 -94 -19683
 -362 -362
 -362 -362
 -362 -19818
 -362 -19748
 -150 -22
 -150 -22
 -150 -19734
 -150 -19771
 -209 -81
 -209 -81
 -209 -20049
 -209 -20040
 -3 -131
 -3 -131
 -3 -20099
 -3 -20127
 -102 -230
 -102 -230
 -102 -20198
 -102 -20151
 58 -8355654
 58 -32582
 58 -20294
 58 -20314
 111 -8355601
 111 -32529
 111 -20497
 111 -20604
 13 -8355699
 13 -32627
 13 -20595
 13 -20607
 -24 -152
 -24 -152
 -24 -20888
 -24 -20985
 -84 -212
 -84 -212
 -84 -20948
 -84 -20973
 -327 -327
 -327 -327
 -327 -20807
 -327 -20766
 -538 -538
 -538 -538
 -538 -20506
 -538 -20553
 -342 -342
 -342 -342
 -342 -20310
 -342 -20297
 -110 -110
 -110 -110
 -110 -20078
 -110 -20072
 -103 -103
 -103 -103
 -103 -19815
 -103 -19803
 -649 -521
 -649 -521
 -649 -19721
 -649 -19762
 -237 -237
 -237 -237
 -237 -19693
 -237 -19641
 -191 -191
 -191 -191
 -191 -19391
 -191 -19415
 -261 -389
 -261 -389
 -261 -19333
 -261 -19397
 -274 -402
 -274 -402
 -274 -19090
 -274 -19185
 -233 -105
 -233 -105
 -233 -19049
 -233 -19055
 -306 -434
 -306 -434
 -306 -19122
 -306 -19082
 -346 -346
 -346 -346
 -346 -19034
 -346 -19035
 -231 -103
 -231 -103
 -231 -19047
 -231 -19026
 -454 -326
 -454 -326
 -454 -19014
 -454 -19046
 -189 -61
 -189 -61
 -189 -18749
 -189 -18703
 24 -8355816
 24 -32744
 24 -18408
 24 -18343
 99 -8355613
 99 -32541
 99 -18205
 99 -18269
 21 -8355819
 21 -32747
 21 -18411
 21 -18357
 -105 -105
 -105 -105
 -105 -18793
 -105 -18696
 -260 -388
 -260 -388
 -260 -19076
 -260 -19100
 17 -8355823
 17 -32751
 17 -19439
 17 -19383
 -167 -167
 -167 -167
 -167 -19623
 -167 -19711
 -331 -459
 -331 -459
 -331 -19659
 -331 -19694
 -430 -430
 -430 -430
 -430 -19630
 -430 -19641
 -515 -643
 -515 -643
 -515 -19843
 -515 -19848
 -178 -50
 -178 -50
 -178 -20018
 -178 -19978
 -132 -4
 -132 -4
 -132 -19972
 -132 -20057
 23 -8355817
 23 -32745
 23 -20201
 23 -20209
 -287 -415
 -287 -415
 -287 -20383
 -287 -20443
 -99 -227
 -99 -227
 -99 -20707
 -99 -20658
 -252 -124
 -252 -124
 -252 -20860
 -252 -20791
 -424 -424
 -424 -424
 -424 -20904
 -424 -20892
 -549 -549
 -549 -549
 -549 -21029
 -549 -21003
 -522 -650
 -522 -650
 -522 -20874
 -522 -20897
 -246 -246
 -246 -246
 -246 -20982
 -246 -20888
 -166 -166
 -166 -166
 -166 -21158
 -166 -21144
 -150 -150
 -150 -150
 -150 -21398
 -150 -21444
 -369 -369
 -369 -369
 -369 -21617
 -369 -21628
 -343 -343
 -343 -343
 -343 -21591
 -343 -21615
 -280 -408
 -280 -408
 -280 -21400
 -280 -21449
 -214 -86
 -214 -86
 -214 -21078
 -214 -21054
 -183 -183
 -183 -183
 -183 -20919
 -183 -20924
 -158 -158
 -158 -158
 -158 -20638
 -158 -20718
 38 -8355802
 38 -32730
 38 -20442
 38 -20444
 -5 -5
 -5 -5
 -5 -20485
 -5 -20492
 -107 -107
 -107 -107
 -107 -20331
 -107 -20303
 -173 -173
 -173 -173
 -173 -20141
 -173 -20215
 40 -8355672
 40 -32600
 40 -20056
 40 -20091
 -84 -212
 -84 -212
 -84 -19924
 -84 -19925
 -240 -240
 -240 -240
 -240 -19952
 -240 -19931
 -220 -220
 -220 -220
 -220 -19676
 -220 -19691
 -120 -120
 -120 -120
 -120 -19832
 -120 -19734
 -106 -234
 -106 -234
 -106 -19946
 -106 -19867
 -86 -86
 -86 -86
 -86 -20054
 -86 -20019
 -16 -144
 -16 -144
 -16 -19600
 -16 -19672
 -181 -181
 -181 -181
 -181 -19381
 -181 -19449
 -385 -257
 -385 -257
 -385 -19201
 -385 -19251
 -281 -409
 -281 -409
 -281 -19097
 -281 -19195
 15 -8355825
 15 -32753
 15 -19441
 15 -19332
 79 -8355761
 79 -32689
 79 -19633
 79 -19680
 -63 -63
 -63 -63
 -63 -20031
 -63 -20015
 -198 -198
 -198 -198
 -198 -20166
 -198 -20135
 -163 -163
 -163 -163
 -163 -20131
 -163 -20193
 -125 -253
 -125 -253
 -125 -20221
 -125 -20220
 -63 -191
 -63 -191
 -63 -20671
 -63 -20730
 -164 -36
 -164 -36
 -164 -21028
 -164 -21031
 -374 -374
 -374 -374
 -374 -21366
 -374 -21267
 -293 -421
 -293 -421
 -293 -21669
 -293 -21687
 -60 -188
 -60 -188
 -60 -21692
 -60 -21702
 -25 -25
 -25 -25
 -25 -21785
 -25 -21799
 -219 -219
 -219 -219
 -219 -21979
 -219 -21900
 -201 -201
 -201 -201
 -201 -21961
 -201 -21995
 -299 -299
 -299 -299
 -299 -22059
 -299 -22089
 -201 -73
 -201 -73
 -201 -22089
 -201 -22077
 -69 -197
 -69 -197
 -69 -22469
 -69 -22432
 -198 -70
 -198 -70
 -198 -22854
 -198 -22893
 -271 -399
 -271 -399
 -271 -22927
 -271 -23016
 -27 -155
 -27 -155
 -27 -22683
 -27 -22744
 -132 -4
 -132 -4
 -132 -22788
 -132 -22819
 -135 -135
 -135 -135
 -135 -22663
 -135 -22706
 -340 -468
 -340 -468
 -340 -22484
 -340 -22431
 -440 -312
 -440 -312
 -440 -22328
 -440 -22372
 -301 -301
 -301 -301
 -301 -22061
 -301 -22111
 -63 -63
 -63 -63
 -63 -21823
 -63 -21805
 34 -8355678
 34 -32606
 34 -21598
 34 -21619
 -244 -244
 -244 -244
 -244 -21236
 -244 -21184
 -212 -212
 -212 -212
 -212 -20948
 -212 -20943
 -127 -127
 -127 -127
 -127 -20863
 -127 -20737
 121 -8355591
 121 -32519
 121 -20743
 121 -20810
 20 -8355692
 20 -32620
 20 -21100
 20 -21003
 -117 -117
 -117 -117
 -117 -21109
 -117 -21102
 -113 -241
 -113 -241
 -113 -21233
 -113 -21190
 -122 -250
 -122 -250
 -122 -21242
 -122 -21225
 -162 -162
 -162 -162
 -162 -20898
 -162 -20880
 -216 -88
 -216 -88
 -216 -20568
 -216 -20565
 -260 -388
 -260 -388
 -260 -20356
 -260 -20434
 -461 -333
 -461 -333
 -461 -20301
 -461 -20233
 -1 -129
 -1 -129
 -1 -20353
 -1 -20438
 -35 -163
 -35 -163
 -35 -20899
 -35 -20984
 46 -8355666
 46 -32594
 46 -21074
 46 -21002
 -166 -166
 -166 -166
 -166 -21158
 -166 -21233
 -154 -26
 -154 -26
 -154 -21530
 -154 -21554
 -368 -496
 -368 -496
 -368 -22000
 -368 -21921
 -238 -238
 -238 -238
 -238 -21998
 -238 -21947
 -169 -41
 -169 -41
 -169 -22057
 -169 -22131
 -342 -470
 -342 -470
 -342 -22486
 -342 -22498
 -151 -151
 -151 -151
 -151 -22423
 -151 -22498
 -151 -23
 -151 -23
 -151 -22551
 -151 -22567
 -142 -142
 -142 -142
 -142 -22670
 -142 -22766
 -253 -253
 -253 -253
 -253 -23037
 -253 -22986
 -238 -238
 -238 -238
 -238 -23278
 -238 -23290
 -316 -444
 -316 -444
 -316 -23228
 -316 -23289
 -144 -16
 -144 -16
 -144 -23312
 -144 -23339
 -190 -62
 -190 -62
 -190 -23614
 -190 -23625
 -157 -157
 -157 -157
 -157 -23709
 -157 -23780
 -237 -109
 -237 -109
 -237 -24173
 -237 -24173
 -20 -20
 -20 -20
 -20 -24340
 -20 -24442
 36 -8355676
 36 -32604
 36 -24156
 36 -24174
 -97 -97
 -97 -97
 -97 -23649
 -97 -23623
 -91 -219
 -91 -219
 -91 -23259
 -91 -23290
 -134 -6
 -134 -6
 -134 -23046
 -134 -23093
 -222 -94
 -222 -94
 -222 -22622
 -222 -22652
 -288 -416
 -288 -416
 -288 -22432
 -288 -22492
 -117 -245
 -117 -245
 -117 -22517
 -117 -22482
 14 -8355698
 14 -32626
 14 -22130
 14 -22031
 135 -8355833
 135 -32761
 135 -22009
 135 -21995
 26 -8355814
 26 -32742
 26 -21990
 26 -21915
 -55 -55
 -55 -55
 -55 -21815
 -55 -21832
 36 -8355804
 36 -32732
 36 -21980
 36 -21902
 -124 -124
 -124 -124
 -124 -21884
 -124 -21769
 -98 -98
 -98 -98
 -98 -21602
 -98 -21629
 -52 -180
 -52 -180
 -52 -21684
 -52 -21752
 8 -8355832
 8 -32760
 8 -21752
 8 -21678
 -390 -390
 -390 -390
 -390 -21382
 -390 -21427
 -358 -486
 -358 -486
 -358 -21222
 -358 -21171
 -253 -253
 -253 -253
 -253 -21245
 -253 -21157
 54 -8355786
 54 -32714
 54 -21194
 54 -21222
 -150 -22
 -150 -22
 -150 -21270
 -150 -21316
 163 -8355677
 163 -32605
 163 -21597
 163 -21589
 -122 -250
 -122 -250
 -122 -22010
 -122 -21954
 191 -8355649
 191 -32577
 191 -22337
 191 -22277
 143 -8355825
 143 -32753
 143 -22513
 143 -22402
 -96 -96
 -96 -96
 -96 -22368
 -96 -22386
 -237 -237
 -237 -237
 -237 -22509
 -237 -22524
 1 -8355839
 1 -32767
 1 -22783
 1 -22725
 -136 -136
 -136 -136
 -136 -22920
 -136 -22916
 -112 -112
 -112 -112
 -112 -23152
 -112 -23094
 55 -8355657
 55 -32585
 55 -23113
 55 -23094
 7 -8355833
 7 -32761
 7 -23289
 7 -23267
 1 -8355711
 1 -32639
 1 -23679
 1 -23571
 -173 -45
 -173 -45
 -173 -23597
 -173 -23648
 -115 -115
 -115 -115
 -115 -23667
 -115 -23592
 -74 -74
 -74 -74
 -74 -23882
 -74 -23921
 -191 -63
 -191 -63
 -191 -24383
 -191 -24388
 -144 -144
 -144 -144
 -144 -24464
 -144 -24529
 -77 -205
 -77 -205
 -77 -24269
 -77 -24314
 37 -8355803
 37 -32731
 37 -24027
 37 -24005
 -169 -41
 -169 -41
 -169 -23849
 -169 -23848
 -56 -56
 -56 -56
 -56 -23608
 -56 -23680
 17 -8355823
 17 -32751
 17 -23791
 17 -23686
 -123 -123
 -123 -123
 -123 -23419
 -123 -23413
 -19 -19
 -19 -19
 -19 -23059
 -19 -23122
 46 -8355794
 46 -32722
 46 -22738
 46 -22775
 143 -8355825
 143 -32753
 143 -22769
 143 -22663
 75 -8355637
 75 -32565
 75 -22325
 75 -22326
 -60 -60
 -60 -60
 -60 -22076
 -60 -22128
 -8 -136
 -8 -136
 -8 -21896
 -8 -21983
 -110 -110
 -110 -110
 -110 -22126
 -110 -22074
 -283 -283
 -283 -283
 -283 -22299
 -283 -22323
 81 -8355631
 81 -32559
 81 -22575
 81 -22603
 85 -8355755
 85 -32683
 85 -22443
 85 -22415
 33 -8355679
 33 -32607
 33 -22367
 33 -22326
 -210 -210
 -210 -210
 -210 -21970
 -210 -21991
 -165 -165
 -165 -165
 -165 -21669
 -165 -21746
 -268 -268
 -268 -268
 -268 -21516
 -268 -21629
 -267 -395
 -267 -395
 -267 -21643
 -267 -21641
 -94 -94
 -94 -94
 -94 -21854
 -94 -21874
 -161 -33
 -161 -33
 -161 -22305
 -161 -22284
 -105 -233
 -105 -233
 -105 -22505
 -105 -22431
 -1 -129
 -1 -129
 -1 -22657
 -1 -22675
 46 -8355794
 46 -32722
 46 -22994
 46 -22994
 -248 -120
 -248 -120
 -248 -23160
 -248 -23091
 -22 -150
 -22 -150
 -22 -23190
 -22 -23246
 -48 -48
 -48 -48
 -48 -23600
 -48 -23555
 -27 -155
 -27 -155
 -27 -23707
 -27 -23739
 -231 -103
 -231 -103
 -231 -23655
 -231 -23616
 -156 -156
 -156 -156
 -156 -23452
 -156 -23534
 -202 -74
 -202 -74
 -202 -23626
 -202 -23675
 -113 -113
 -113 -113
 -113 -23921
 -113 -23896
 118 -8355594
 118 -32522
 118 -23818
 118 -23886
 -44 -44
 -44 -44
 -44 -24108
 -44 -24079
 -86 -214
 -86 -214
 -86 -24278
 -86 -24241
 -196 -68
 -196 -68
 -196 -24388
 -196 -24366
 41 -8355671
 41 -32599
 41 -24663
 41 -24680
 78 -8355634
 78 -32562
 78 -24370
 78 -24448
 206 -8355762
 206 -32690
 206 -24242
 206 -24290
 65 -8355647
 65 -32575
 65 -24127
 65 -24181
 -12 -12
 -12 -12
 -12 -24076
 -12 -24067
 57 -8355655
 57 -32583
 57 -23879
 57 -23929
 48 -8355792
 48 -32720
 48 -23760
 48 -23689
 150 -8355690
 150 -32618
 150 -23402
 150 -23330
 -93 -93
 -93 -93
 -93 -23389
 -93 -23415
 -89 -217
 -89 -217
 -89 -23001
 -89 -23029
 136 -8355832
 136 -32760
 136 -22776
 136 -22771
 141 -8355699
 141 -32627
 141 -22643
 141 -22632
 -35 -163
 -35 -163
 -35 -22691
 -35 -22677
 -47 -47
 -47 -47
 -47 -22575
 -47 -22604
 -250 -250
 -250 -250
 -250 -22522
 -250 -22493
 -196 -68
 -196 -68
 -196 -22596
 -196 -22587
 -30 -30
 -30 -30
 -30 -22558
 -30 -22641
 -105 -105
 -105 -105
 -105 -22377
 -105 -22358
 100 -8355740
 100 -32668
 100 -22172
 100 -22267
 -196 -196
 -196 -196
 -196 -22212
 -196 -22194
 -131 -3
 -131 -3
 -131 -22019
 -131 -22089
 -62 -62
 -62 -62
 -62 -22078
 -62 -22077
 258 -8355454
 258 -32382
 258 -22398
 258 -22332
 94 -8355618
 94 -32546
 94 -22562
 94 -22582
 -223 -223
 -223 -223
 -223 -22751
 -223 -22684
 10 -8355702
 10 -32630
 10 -22902
 10 -22840
 137 -8355703
 137 -32631
 137 -23415
 137 -23298
 4 -8355836
 4 -32764
 4 -23804
 4 -23681
 -81 -209
 -81 -209
 -81 -23761
 -81 -23754
 -11 -139
 -11 -139
 -11 -23947
 -11 -23960
 99 -8355741
 99 -32669
 99 -23965
 99 -23967
 251 -8355717
 251 -32645
 251 -23941
 251 -24039
 -84 -84
 -84 -84
 -84 -23892
 -84 -23832
 -177 -177
 -177 -177
 -177 -23985
 -177 -23941
 -82 -82
 -82 -82
 -82 -24146
 -82 -24158
 -135 -7
 -135 -7
 -135 -24071
 -135 -24127
 -104 -104
 -104 -104
 -104 -24168
 -104 -24166
 -149 -21
 -149 -21
 -149 -24341
 -149 -24412
 -223 -95
 -223 -95
 -223 -24671
 -223 -24590
 -237 -237
 -237 -237
 -237 -24813
 -237 -24793
 -21 -21
 -21 -21
 -21 -24853
 -21 -24885
 119 -8355721
 119 -32649
 119 -24457
 119 -24552
 3 -8355837
 3 -32765
 3 -24317
 3 -24230
 -143 -15
 -143 -15
 -143 -24079
 -143 -24086
 -18 -18
 -18 -18
 -18 -23570
 -18 -23619
 9 -8355831
 9 -32759
 9 -23287
 9 -23277
 63 -8355777
 63 -32705
 63 -23233
 63 -23289
 -178 -50
 -178 -50
 -178 -23090
 -178 -23157
 -146 -146
 -146 -146
 -146 -22930
 -146 -23001
 -273 -401
 -273 -401
 -273 -22417
 -273 -22508
 -177 -49
 -177 -49
 -177 -22321
 -177 -22394
 -70 -198
 -70 -198
 -70 -22470
 -70 -22503
 -397 -397
 -397 -397
 -397 -22413
 -397 -22506
 -257 -257
 -257 -257
 -257 -22529
 -257 -22613
 -13 -13
 -13 -13
 -13 -22541
 -13 -22578
 259 -8355453
 259 -32381
 259 -22653
 259 -22600
 -165 -37
 -165 -37
 -165 -22309
 -165 -22362
 -60 -188
 -60 -188
 -60 -22204
 -60 -22266
 196 -8355772
 196 -32700
 196 -21948
 196 -21978
 201 -8355767
 201 -32695
 201 -21687
 201 -21633
 -48 -176
 -48 -176
 -48 -21680
 -48 -21640
 -111 -111
 -111 -111
 -111 -21871
 -111 -21885
 55 -8355657
 55 -32585
 55 -22345
 55 -22278
 112 -8355600
 112 -32528
 112 -22544
 112 -22589
 24 -8355816
 24 -32744
 24 -23016
 24 -22942
 -48 -48
 -48 -48
 -48 -23088
 -48 -23136
 13 -8355827
 13 -32755
 13 -23283
 13 -23264
 -202 -202
 -202 -202
 -202 -23242
 -202 -23208
 -115 -115
 -115 -115
 -115 -23411
 -115 -23347
 100 -8355740
 100 -32668
 100 -23452
 100 -23427
 137 -8355703
 137 -32631
 137 -23415
 137 -23315
 -48 -48
 -48 -48
 -48 -23600
 -48 -23554
 -207 -207
 -207 -207
 -207 -23759
 -207 -23692
 -199 -199
 -199 -199
 -199 -23495
 -199 -23527
 -146 -146
 -146 -146
 -146 -23442
 -146 -23525
 -202 -74
 -202 -74
 -202 -23370
 -202 -23349
 -20 -148
 -20 -148
 -20 -23444
 -20 -23512
 202 -8355766
 202 -32694
 202 -23990
 202 -23952
 2 -8355838
 2 -32766
 2 -24574
 2 -24549
 32 -8355680
 32 -32608
 32 -24928
 32 -24915
 -48 -176
 -48 -176
 -48 -24496
 -48 -24535
 -110 -238
 -110 -238
 -110 -24302
 -110 -24220
 -252 -124
 -252 -124
 -252 -23932
 -252 -23872
 -153 -25
 -153 -25
 -153 -23577
 -153 -23625
 66 -8355646
 66 -32574
 66 -23358
 66 -23318
 185 -8355783
 185 -32711
 185 -22983
 185 -23005
 55 -8355785
 55 -32713
 55 -22985
 55 -23022
 -277 -405
 -277 -405
 -277 -22933
 -277 -22914
 -49 -49
 -49 -49
 -49 -22833
 -49 -22911
 -34 -34
 -34 -34
 -34 -22818
 -34 -22880
 38 -8355802
 38 -32730
 38 -23002
 38 -23017
 -126 -254
 -126 -254
 -126 -22782
 -126 -22776
 -292 -420
 -292 -420
 -292 -22436
 -292 -22503
 -212 -212
 -212 -212
 -212 -22740
 -212 -22767
 -64 -64
 -64 -64
 -64 -22848
 -64 -22804
 -155 -155
 -155 -155
 -155 -22427
 -155 -22485
 -338 -338
 -338 -338
 -338 -22354
 -338 -22325
 -10 -138
 -10 -138
 -10 -21898
 -10 -21994
 -4 -4
 -4 -4
 -4 -21764
 -4 -21866
 -31 -159
 -31 -159
 -31 -21919
 -31 -21977
 -343 -343
 -343 -343
 -343 -22359
 -343 -22291
 -132 -4
 -132 -4
 -132 -22532
 -132 -22553
 -218 -218
 -218 -218
 -218 -22746
 -218 -22740
 96 -8355744
 96 -32672
 96 -22944
 96 -22987
 60 -8355780
 60 -32708
 60 -23492
 60 -23445
 -78 -206
 -78 -206
 -78 -23502
 -78 -23525
 -258 -258
 -258 -258
 -258 -23554
 -258 -23627
 -77 -205
 -77 -205
 -77 -23757
 -77 -23718
 4 -8355708
 4 -32636
 4 -23932
 4 -23882
 -55 -183
 -55 -183
 -55 -23991
 -55 -23958
 -141 -141
 -141 -141
 -141 -23949
 -141 -23939
 -191 -191
 -191 -191
 -191 -24255
 -191 -24220
 -67 -195
 -67 -195
 -67 -24003
 -67 -24060
 151 -8355817
 151 -32745
 151 -24297
 151 -24212
 56 -8355656
 56 -32584
 56 -24136
 56 -24173
 -209 -209
 -209 -209
 -209 -24529
 -209 -24464
 -271 -399
 -271 -399
 -271 -24719
 -271 -24813
 -190 -62
 -190 -62
 -190 -24894
 -190 -24913
 36 -8355804
 36 -32732
 36 -25052
 36 -24962
 -75 -75
 -75 -75
 -75 -24907
 -75 -24866
 -394 -394
 -394 -394
 -394 -24714
 -394 -24711
 -82 -210
 -82 -210
 -82 -24274
 -82 -24205
 -148 -20
 -148 -20
 -148 -23828
 -148 -23877
 -51 -51
 -51 -51
 -51 -23603
 -51 -23648
 -98 -98
 -98 -98
 -98 -23650
 -98 -23653
 -75 -75
 -75 -75
 -75 -23371
 -75 -23366
 -105 -233
 -105 -233
 -105 -23273
 -105 -23278
 -178 -50
 -178 -50
 -178 -23090
 -178 -23047
 -127 -127
 -127 -127
 -127 -23167
 -127 -23106
 -142 -14
 -142 -14
 -142 -22542
 -142 -22655
 -108 -236
 -108 -236
 -108 -22508
 -108 -22450
 -255 -255
 -255 -255
 -255 -22527
 -255 -22450
 -46 -174
 -46 -174
 -46 -22702
 -46 -22769
 -150 -22
 -150 -22
 -150 -23062
 -150 -23155
 -15 -143
 -15 -143
 -15 -22927
 -15 -23020
 -251 -251
 -251 -251
 -251 -22779
 -251 -22735
 -24 -24
 -24 -24
 -24 -22296
 -24 -22317
 -51 -179
 -51 -179
 -51 -22451
 -51 -22453
 -142 -142
 -142 -142
 -142 -22414
 -142 -22481
 -268 -268
 -268 -268
 -268 -22540
 -268 -22577
 -307 -307
 -307 -307
 -307 -22579
 -307 -22569
 -144 -144
 -144 -144
 -144 -22672
 -144 -22672
 -259 -387
 -259 -387
 -259 -22915
 -259 -23015
 -226 -98
 -226 -98
 -226 -23138
 -226 -23127
 -122 -250
 -122 -250
 -122 -23546
 -122 -23476
 -59 -187
 -59 -187
 -59 -23739
 -59 -23688
 -108 -108
 -108 -108
 -108 -23660
 -108 -23626
 -50 -50
 -50 -50
 -50 -23858
 -50 -23897
 -101 -229
 -101 -229
 -101 -24037
 -101 -24059
 -136 -8
 -136 -8
 -136 -23816
 -136 -23831
 -24 -152
 -24 -152
 -24 -23960
 -24 -24007
 -21 -149
 -21 -149
 -21 -24213
 -21 -24271
 39 -8355801
 39 -32729
 39 -24281
 39 -24302
 -180 -180
 -180 -180
 -180 -24244
 -180 -24302
 -20 -20
 -20 -20
 -20 -24596
 -20 -24589
 -100 -100
 -100 -100
 -100 -24932
 -100 -24920
 -200 -200
 -200 -200
 -200 -25032
 -200 -24991
 -107 -107
 -107 -107
 -107 -25195
 -107 -25174
 -4 -4
 -4 -4
 -4 -25092
 -4 -25089
 -210 -82
 -210 -82
 -210 -24914
 -210 -24890
 -219 -219
 -219 -219
 -219 -24539
 -219 -24559
 -104 -232
 -104 -232
 -104 -24040
 -104 -23994
 -159 -31
 -159 -31
 -159 -23839
 -159 -23891
 -211 -83
 -211 -83
 -211 -23891
 -211 -23876
 -76 -204
 -76 -204
 -76 -23500
 -76 -23471
 -113 -113
 -113 -113
 -113 -23153
 -113 -23161
 27 -8355813
 27 -32741
 27 -23269
 27 -23206
 120 -8355592
 120 -32520
 120 -23048
 120 -23102
 -186 -186
 -186 -186
 -186 -22970
 -186 -22985
 -103 -231
 -103 -231
 -103 -23015
 -103 -22984
 1 -8355839
 1 -32767
 1 -22783
 1 -22733
 -4 -4
 -4 -4
 -4 -22788
 -4 -22839
 -93 -93
 -93 -93
 -93 -22877
 -93 -22808
 -104 -232
 -104 -232
 -104 -22760
 -104 -22729
 -155 -27
 -155 -27
 -155 -22555
 -155 -22571
 -124 -252
 -124 -252
 -124 -22524
 -124 -22468
 77 -8355635
 77 -32563
 77 -22323
 77 -22379
 -97 -225
 -97 -225
 -97 -22241
 -97 -22175
 -210 -210
 -210 -210
 -210 -22482
 -210 -22409
 -153 -153
 -153 -153
 -153 -22681
 -153 -22731
 -32 -160
 -32 -160
 -32 -22688
 -32 -22782
 -230 -230
 -230 -230
 -230 -23270
 -230 -23191
 -42 -42
 -42 -42
 -42 -23338
 -42 -23419
 -327 -327
 -327 -327
 -327 -23367
 -327 -23416
 -45 -45
 -45 -45
 -45 -23597
 -45 -23601
 121 -8355591
 121 -32519
 121 -23559
 121 -23586
 63 -8355777
 63 -32705
 63 -23489
 63 -23543
 91 -8355621
 91 -32549
 91 -23589
 91 -23636
 -172 -44
 -172 -44
 -172 -23852
 -172 -23824
 -112 -112
 -112 -112
 -112 -24176
 -112 -24087
 -98 -98
 -98 -98
 -98 -24418
 -98 -24365
 167 -8355801
 167 -32729
 167 -24537
 167 -24517
 58 -8355782
 58 -32710
 58 -24518
 58 -24469
 58 -8355654
 58 -32582
 58 -24390
 58 -24406
 -64 -64
 -64 -64
 -64 -24384
 -64 -24435
 -329 -457
 -329 -457
 -329 -24777
 -329 -24724
 -195 -195
 -195 -195
 -195 -25027
 -195 -24969
 -170 -170
 -170 -170
 -170 -25002
 -170 -24994
 -193 -65
 -193 -65
 -193 -24897
 -193 -24873
 -55 -183
 -55 -183
 -55 -24247
 -55 -24317
 94 -8355746
 94 -32674
 94 -23970
 94 -24010
 -133 -133
 -133 -133
 -133 -23685
 -133 -23738
 65 -8355775
 65 -32703
 65 -23487
 65 -23517
 51 -8355789
 51 -32717
 51 -23501
 51 -23463
 23 -8355817
 23 -32745
 23 -23017
 23 -23003
 -29 -157
 -29 -157
 -29 -22941
 -29 -23010
 -111 -239
 -111 -239
 -111 -23279
 -111 -23200
 -115 -243
 -115 -243
 -115 -23027
 -115 -23008
 -309 -309
 -309 -309
 -309 -22837
 -309 -22852
 -30 -158
 -30 -158
 -30 -22686
 -30 -22740
 140 -8355700
 140 -32628
 140 -22900
 140 -22802
 323 -8355389
 323 -32317
 323 -22589
 323 -22639
 -5 -5
 -5 -5
 -5 -22789
 -5 -22798
 -87 -215
 -87 -215
 -87 -22487
 -87 -22500
 -328 -456
 -328 -456
 -328 -22216
 -328 -22265
 -39 -167
 -39 -167
 -39 -22183
 -39 -22219
 -121 -249
 -121 -249
 -121 -22265
 -121 -22188
 -463 -463
 -463 -463
 -463 -22223
 -463 -22185
 78 -8355762
 78 -32690
 78 -22450
 78 -22481
 -75 -75
 -75 -75
 -75 -22859
 -75 -22882
 -98 -226
 -98 -226
 -98 -23010
 -98 -22997
 19 -8355693
 19 -32621
 19 -23149
 19 -23096
 -76 -76
 -76 -76
 -76 -23116
 -76 -23118
 -232 -104
 -232 -104
 -232 -23400
 -232 -23352
 -158 -158
 -158 -158
 -158 -23710
 -158 -23724
 -288 -288
 -288 -288
 -288 -23840
 -288 -23830
 -85 -213
 -85 -213
 -85 -23765
 -85 -23710
 -125 -253
 -125 -253
 -125 -23805
 -125 -23782
 -78 -78
 -78 -78
 -78 -23886
 -78 -23903
 29 -8355683
 29 -32611
 29 -23907
 29 -23902
 41 -8355799
 41 -32727
 41 -24023
 41 -23940
 39 -8355673
 39 -32601
 39 -24153
 39 -24179
 -55 -183
 -55 -183
 -55 -24247
 -55 -24241
 72 -8355640
 72 -32568
 72 -24376
 72 -24396
 -19 -147
 -19 -147
 -19 -24467
 -19 -24569
 15 -8355697
 15 -32625
 15 -24945
 15 -24864
 -73 -73
 -73 -73
 -73 -24905
 -73 -24914
 -254 -126
 -254 -126
 -254 -24702
 -254 -24621
 -204 -204
 -204 -204
 -204 -24268
 -204 -24313
 252 -8355588
 252 -32516
 252 -23812
 252 -23843
 -46 -174
 -46 -174
 -46 -23470
 -46 -23521
 -242 -242
 -242 -242
 -242 -23282
 -242 -23197
 -227 -227
 -227 -227
 -227 -23267
 -227 -23249
 -317 -317
 -317 -317
 -317 -23101
 -317 -23110
 -131 -131
 -131 -131
 -131 -22915
 -131 -23013
 -117 -117
 -117 -117
 -117 -22901
 -117 -22838
 -158 -30
 -158 -30
 -158 -22558
 -158 -22597
 -131 -131
 -131 -131
 -131 -22403
 -131 -22502
 101 -8355739
 101 -32667
 101 -22427
 101 -22526
 168 -8355672
 168 -32600
 168 -22360
 168 -22304
 141 -8355827
 141 -32755
 141 -22515
 141 -22492
 -60 -60
 -60 -60
 -60 -22588
 -60 -22606
 -322 -322
 -322 -322
 -322 -22338
 -322 -22381
 -1 -129
 -1 -129
 -1 -21889
 -1 -21932
 24 -8355688
 24 -32616
 24 -21864
 24 -21831
 31 -8355809
 31 -32737
 31 -21729
 31 -21644
 -242 -242
 -242 -242
 -242 -21746
 -242 -21752
 -34 -162
 -34 -162
 -34 -22178
 -34 -22197
 -20 -148
 -20 -148
 -20 -22676
 -20 -22672
 26 -8355814
 26 -32742
 26 -23014
 26 -22926
 -86 -214
 -86 -214
 -86 -22998
 -86 -23026
 103 -8355737
 103 -32665
 103 -23193
 103 -23217
 37 -8355675
 37 -32603
 37 -23387
 37 -23389
 108 -8355604
 108 -32532
 108 -23572
 108 -23587
 178 -8355790
 178 -32718
 178 -23758
 178 -23800
 -194 -194
 -194 -194
 -194 -24002
 -194 -23993
 -161 -33
 -161 -33
 -161 -23841
 -161 -23903
 -212 -84
 -212 -84
 -212 -24148
 -212 -24078
 -49 -177
 -49 -177
 -49 -24241
 -49 -24272
 7 -8355705
 7 -32633
 7 -24185
 7 -24182
 263 -8355449
 263 -32377
 263 -24185
 263 -24107
 -22 -150
 -22 -150
 -22 -24214
 -22 -24249
 -45 -173
 -45 -173
 -45 -24749
 -45 -24758
 60 -8355780
 60 -32708
 60 -24772
 60 -24809
 -199 -71
 -199 -71
 -199 -24647
 -199 -24655
 -227 -227
 -227 -227
 -227 -24547
 -227 -24516
 74 -8355766
 74 -32694
 74 -24502
 74 -24449
 -118 -246
 -118 -246
 -118 -24310
 -118 -24300
 -1 -129
 -1 -129
 -1 -23681
 -1 -23753
 219 -8355621
 219 -32549
 219 -23589
 219 -23671
 75 -8355637
 75 -32565
 75 -23349
 75 -23402
 40 -8355800
 40 -32728
 40 -23256
 40 -23218
 -42 -170
 -42 -170
 -42 -23210
 -42 -23184
 3 -8355709
 3 -32637
 3 -23165
 3 -23059
 -82 -210
 -82 -210
 -82 -22994
 -82 -22943
 149 -8355691
 149 -32619
 149 -22891
 149 -22808
 -34 -162
 -34 -162
 -34 -22690
 -34 -22729
 -81 -209
 -81 -209
 -81 -22481
 -81 -22430
 -232 -232
 -232 -232
 -232 -22504
 -232 -22472
 -358 -486
 -358 -486
 -358 -22758
 -358 -22686
 -358 -486
 -358 -486
 -358 -22758
 -358 -22701
 -379 -507
 -379 -507
 -379 -22523
 -379 -22413
 -47 -47
 -47 -47
 -47 -22063
 -47 -22074
 119 -8355721
 119 -32649
 119 -21897
 119 -21895
 81 -8355759
 81 -32687
 81 -21679
 81 -21753
 -242 -114
 -242 -114
 -242 -22130
 -242 -22056
 -140 -140
 -140 -140
 -140 -22156
 -140 -22221
 -48 -48
 -48 -48
 -48 -22576
 -48 -22534
 68 -8355644
 68 -32572
 68 -22588
 68 -22535
 254 -8355586
 254 -32514
 254 -22786
 254 -22860
 -64 -192
 -64 -192
 -64 -22976
 -64 -22995
 -128 -256
 -128 -256
 -128 -23040
 -128 -22966
 59 -8355781
 59 -32709
 59 -23493
 59 -23486
 -103 -103
 -103 -103
 -103 -23911
 -103 -23835
 -211 -83
 -211 -83
 -211 -24147
 -211 -24144
 -106 -234
 -106 -234
 -106 -24042
 -106 -24059
 -249 -121
 -249 -121
 -249 -24185
 -249 -24107
 -204 -76
 -204 -76
 -204 -24140
 -204 -24073
 -43 -43
 -43 -43
 -43 -24107
 -43 -24101
 -60 -188
 -60 -188
 -60 -23996
 -60 -23963
 -202 -74
 -202 -74
 -202 -24138
 -202 -24083
 -65 -65
 -65 -65
 -65 -24385
 -65 -24387
 100 -8355612
 100 -32540
 100 -24604
 100 -24600
 -70 -198
 -70 -198
 -70 -24774
 -70 -24765
 155 -8355813
 155 -32741
 155 -24805
 155 -24818
 49 -8355791
 49 -32719
 49 -24527
 49 -24554
 -39 -167
 -39 -167
 -39 -24231
 -39 -24283
 -136 -8
 -136 -8
 -136 -24072
 -136 -24152
 233 -8355735
 233 -32663
 233 -23959
 233 -24009
 145 -8355823
 145 -32751
 145 -23791
 145 -23686
 -131 -131
 -131 -131
 -131 -23171
 -131 -23248
 -32 -160
 -32 -160
 -32 -22944
 -32 -22915
 -177 -49
 -177 -49
 -177 -22577
 -177 -22644
 -191 -63
 -191 -63
 -191 -22591
 -191 -22620
 -22 -22
 -22 -22
 -22 -22550
 -22 -22600
 32 -8355808
 32 -32736
 32 -22496
 32 -22468
 -72 -72
 -72 -72
 -72 -22344
 -72 -22354
 136 -8355704
 136 -32632
 136 -22648
 136 -22646
 231 -8355737
 231 -32665
 231 -22937
 231 -22998
 -16 -144
 -16 -144
 -16 -22928
 -16 -22989
 -106 -106
 -106 -106
 -106 -22634
 -106 -22632
 -159 -159
 -159 -159
 -159 -22175
 -159 -22267
 -129 -129
 -129 -129
 -129 -21889
 -129 -21938
 14 -8355698
 14 -32626
 14 -21874
 14 -21860
 36 -8355804
 36 -32732
 36 -21980
 36 -21992
 -269 -269
 -269 -269
 -269 -22285
 -269 -22333
 -58 -58
 -58 -58
 -58 -22586
 -58 -22630
 71 -8355769
 71 -32697
 71 -22969
 71 -22946
 40 -8355672
 40 -32600
 40 -23128
 40 -23160
 -287 -287
 -287 -287
 -287 -23071
 -287 -23089
 -392 -392
 -392 -392
 -392 -23176
 -392 -23184
 -233 -105
 -233 -105
 -233 -23657
 -233 -23596
 -129 -1
 -129 -1
 -129 -23553
 -129 -23653
 -190 -190
 -190 -190
 -190 -23742
 -190 -23804
 -427 -427
 -427 -427
 -427 -23723
 -427 -23752
 8 -8355832
 8 -32760
 8 -24056
 8 -24039
 183 -8355657
 183 -32585
 183 -24137
 183 -24137
 61 -8355651
 61 -32579
 61 -24131
 61 -24070
 -91 -91
 -91 -91
 -91 -24155
 -91 -24153
 -220 -220
 -220 -220
 -220 -24284
 -220 -24278
 -74 -74
 -74 -74
 -74 -24394
 -74 -24394
 279 -8355433
 279 -32361
 279 -24681
 279 -24599
 198 -8355642
 198 -32570
 198 -24890
 198 -24877
 25 -8355687
 25 -32615
 25 -24935
 25 -24874
 64 -8355776
 64 -32704
 64 -24512
 64 -24528
 38 -8355674
 38 -32602
 38 -24154
 38 -24112
 -13 -13
 -13 -13
 -13 -24077
 -13 -24089
 5 -8355707
 5 -32635
 5 -23931
 5 -23815
 67 -8355773
 67 -32701
 67 -23485
 67 -23486
 -138 -138
 -138 -138
 -138 -23434
 -138 -23440
 -51 -179
 -51 -179
 -51 -23219
 -51 -23212
 -66 -66
 -66 -66
 -66 -23106
 -66 -23084
 57 -8355655
 57 -32583
 57 -22855
 57 -22897
 -122 -122
 -122 -122
 -122 -22906
 -122 -22836
 4 -8355708
 4 -32636
 4 -22908
 4 -22830
 53 -8355659
 53 -32587
 53 -22859
 53 -22810
 133 -8355835
 133 -32763
 133 -22779
 133 -22764
 -49 -177
 -49 -177
 -49 -22705
 -49 -22725
 -273 -401
 -273 -401
 -273 -22673
 -273 -22711
 7 -8355833
 7 -32761
 7 -22777
 7 -22731
 131 -8355837
 131 -32765
 131 -22525
 131 -22486
 232 -8355608
 232 -32536
 232 -22296
 232 -22323
 200 -8355768
 200 -32696
 200 -22200
 200 -22244
 -107 -107
 -107 -107
 -107 -22123
 -107 -22073
 -358 -358
 -358 -358
 -358 -22118
 -358 -22131
 -199 -199
 -199 -199
 -199 -22471
 -199 -22525
 132 -8355708
 132 -32636
 132 -22908
 132 -22875
 1 -8355711
 1 -32639
 1 -23167
 1 -23060
 -49 -177
 -49 -177
 -49 -23217
 -49 -23234
 38 -8355674
 38 -32602
 38 -23386
 38 -23361
 273 -8355439
 273 -32367
 273 -23663
 273 -23645
 301 -8355411
 301 -32339
 301 -23891
 301 -23831
 314 -8355398
 314 -32326
 314 -24134
 314 -24094
 -40 -168
 -40 -168
 -40 -23976
 -40 -23978
 -44 -172
 -44 -172
 -44 -23980
 -44 -23967
 9 -8355831
 9 -32759
 9 -24311
 9 -24238
 130 -8355710
 130 -32638
 130 -24446
 130 -24358
 -56 -184
 -56 -184
 -56 -24248
 -56 -24279
 -14 -142
 -14 -142
 -14 -24206
 -14 -24266
 -6 -134
 -6 -134
 -6 -24454
 -6 -24487
 -78 -78
 -78 -78
 -78 -24654
 -78 -24629
 -175 -175
 -175 -175
 -175 -24751
 -175 -24817
 -112 -112
 -112 -112
 -112 -24688
 -112 -24678
 -74 -74
 -74 -74
 -74 -24650
 -74 -24617
 -71 -199
 -71 -199
 -71 -24007
 -71 -24022
 -143 -143
 -143 -143
 -143 -23439
 -143 -23538
 -9 -137
 -9 -137
 -9 -23433
 -9 -23458
 -50 -178
 -50 -178
 -50 -23218
 -50 -23288
 -81 -81
 -81 -81
 -81 -23121
 -81 -23084
 -190 -190
 -190 -190
 -190 -22974
 -190 -22996
 -100 -228
 -100 -228
 -100 -22756
 -100 -22751
 -185 -185
 -185 -185
 -185 -23225
 -185 -23252
 -144 -144
 -144 -144
 -144 -23184
 -144 -23220
 -148 -20
 -148 -20
 -148 -23060
 -148 -23168
 14 -8355826
 14 -32754
 14 -23026
 14 -23004
 -97 -97
 -97 -97
 -97 -23137
 -97 -23106
 -24 -24
 -24 -24
 -24 -22808
 -24 -22813
 -125 -125
 -125 -125
 -125 -22653
 -125 -22630
 -200 -200
 -200 -200
 -200 -22728
 -200 -22715
 -69 -69
 -69 -69
 -69 -22341
 -69 -22364
 21 -8355819
 21 -32747
 21 -22251
 21 -22252
 -13 -141
 -13 -141
 -13 -21901
 -13 -21960
 -48 -176
 -48 -176
 -48 -22192
 -48 -22165
 -187 -187
 -187 -187
 -187 -22203
 -187 -22269
 -242 -114
 -242 -114
 -242 -22642
 -242 -22545
 143 -8355697
 143 -32625
 143 -23153
 143 -23054
 -82 -210
 -82 -210
 -82 -23250
 -82 -23286
 -117 -117
 -117 -117
 -117 -23413
 -117 -23324
 -82 -82
 -82 -82
 -82 -23378
 -82 -23412
 11 -8355701
 11 -32629
 11 -23669
 11 -23614
 55 -8355657
 55 -32585
 55 -23881
 55 -23905
 -7 -135
 -7 -135
 -7 -23943
 -7 -24040
 28 -8355812
 28 -32740
 28 -24036
 28 -24002
 -12 -12
 -12 -12
 -12 -24076
 -12 -24166
 22 -8355818
 22 -32746
 22 -24042
 22 -24056
 -52 -52
 -52 -52
 -52 -24116
 -52 -24073
 -164 -164
 -164 -164
 -164 -23972
 -164 -24019
 -109 -237
 -109 -237
 -109 -24301
 -109 -24268
 -167 -167
 -167 -167
 -167 -24487
 -167 -24480
 -98 -98
 -98 -98
 -98 -24674
 -98 -24692
 -67 -67
 -67 -67
 -67 -24899
 -67 -24909
 -174 -174
 -174 -174
 -174 -25006
 -174 -25012
 -272 -272
 -272 -272
 -272 -24848
 -272 -24850
 -118 -118
 -118 -118
 -118 -24438
 -118 -24431
 10 -8355830
 10 -32758
 10 -24054
 10 -24013
 170 -8355670
 170 -32598
 170 -23638
 170 -23649
 -100 -228
 -100 -228
 -100 -23524
 -100 -23432
 88 -8355752
 88 -32680
 88 -23464
 88 -23457
 104 -8355608
 104 -32536
 104 -23320
 104 -23366
 133 -8355835
 133 -32763
 133 -23291
 133 -23294
 292 -8355420
 292 -32348
 292 -23132
 292 -23066
 103 -8355737
 103 -32665
 103 -22681
 103 -22708
 78 -8355634
 78 -32562
 78 -22834
 78 -22810
 27 -8355685
 27 -32613
 27 -22885
 27 -22870
 -200 -72
 -200 -72
 -200 -22856
 -200 -22862
 -20 -20
 -20 -20
 -20 -22804
 -20 -22797
 86 -8355754
 86 -32682
 86 -22954
 86 -22962
 -326 -326
 -326 -326
 -326 -22598
 -326 -22591
 -50 -50
 -50 -50
 -50 -22322
 -50 -22343
 -91 -91
 -91 -91
 -91 -22107
 -91 -22062
 -23 -23
 -23 -23
 -23 -21783
 -23 -21886
 66 -8355646
 66 -32574
 66 -22078
 66 -22035
 -9 -9
 -9 -9
 -9 -22281
 -9 -22394
 -84 -84
 -84 -84
 -84 -22612
 -84 -22650
 2 -8355710
 2 -32638
 2 -22910
 2 -22881
 227 -8355613
 227 -32541
 227 -23069
 227 -23085
 -66 -66
 -66 -66
 -66 -23362
 -66 -23402
 -36 -36
 -36 -36
 -36 -23588
 -36 -23556
 -109 -237
 -109 -237
 -109 -23789
 -109 -23762
 75 -8355765
 75 -32693
 75 -23733
 75 -23721
 -41 -41
 -41 -41
 -41 -23849
 -41 -23917
 -124 -124
 -124 -124
 -124 -24188
 -124 -24170
 -176 -48
 -176 -48
 -176 -24112
 -176 -24117
 -3 -3
 -3 -3
 -3 -24067
 -3 -24178
 -64 -192
 -64 -192
 -64 -24256
 -64 -24257
 -63 -63
 -63 -63
 -63 -24383
 -63 -24333
 -132 -4
 -132 -4
 -132 -24324
 -132 -24360
 -150 -150
 -150 -150
 -150 -24726
 -150 -24770
 183 -8355657
 183 -32585
 183 -24905
 183 -24907
 96 -8355616
 96 -32544
 96 -24864
 96 -24905
 49 -8355791
 49 -32719
 49 -24783
 49 -24766
 47 -8355793
 47 -32721
 47 -24785
 47 -24739
 -184 -56
 -184 -56
 -184 -24376
 -184 -24328
 -21 -21
 -21 -21
 -21 -24085
 -21 -24096
 19 -8355821
 19 -32749
 19 -23789
 19 -23802
 99 -8355741
 99 -32669
 99 -23453
 99 -23492
 -51 -51
 -51 -51
 -51 -23603
 -51 -23585
 120 -8355720
 120 -32648
 120 -23176
 120 -23288
 70 -8355770
 70 -32698
 70 -23226
 70 -23183
 -113 -241
 -113 -241
 -113 -23025
 -113 -23024
 -103 -231
 -103 -231
 -103 -23015
 -103 -23022
 84 -8355628
 84 -32556
 84 -22828
 84 -22898
 -55 -183
 -55 -183
 -55 -22967
 -55 -22976
 -145 -17
 -145 -17
 -145 -22545
 -145 -22635
 -309 -309
 -309 -309
 -309 -22837
 -309 -22870
 -105 -105
 -105 -105
 -105 -22889
 -105 -22830
 2 -8355710
 2 -32638
 2 -22910
 2 -22792
 -126 -254
 -126 -254
 -126 -22526
 -126 -22499
 -129 -129
 -129 -129
 -129 -22145
 -129 -22146
 -9 -137
 -9 -137
 -9 -22153
 -9 -22191
