 154 -8355686
 154 -163686
 154 -131686
 154 -131592
 56 -8388552
 56 -131016
 56 -114632
 56 -114588
 149 -8355691
 149 -98155
 149 -94059
 149 -94012
 -14 -14
 -14 -65550
 -14 -76302
 -14 -76359
 -191 -32959
 -191 -32959
 -191 -58815
 -191 -58804
 51 -8388557
 51 -65485
 51 -40909
 51 -40936
 -167 -167
 -167 -167
 -167 -26279
 -167 -26263
 -231 -103
 -231 -103
 -231 -13671
 -231 -13634
 -187 8355653
 -187 32581
 -187 4421
 -187 4367
 -55 8355785
 -55 32713
 -55 32457
 -55 32482
 125 32893
 125 32893
 125 64637
 125 64542
 -107 8355733
 -107 98197
 -107 89749
 -107 89761
 4 32900
 4 98436
 4 106628
 4 106674
 -4 8388604
 -4 131068
 -4 125180
 -4 125103
 -36 8355804
 -36 163804
 -36 144092
 -36 144069
 -254 8355586
 -254 163586
 -254 151554
 -254 151570
 -322 8355390
 -322 163390
 -322 143422
 -322 143434
 -118 8388362
 -118 130826
 -118 125706
 -118 125818
 -91 8388517
 -91 130981
 -91 109477
 -91 109562
 -130 8355838
 -130 98302
 -130 97278
 -130 97153
 -194 8355774
 -194 98238
 -194 85438
 -194 85430
 -320 8355520
 -320 97984
 -320 71360
 -320 71383
 -205 8388403
 -205 65331
 -205 57907
 -205 57981
 -290 8388318
 -290 65246
 -290 46814
 -290 46808
 -467 8388269
 -467 65197
 -467 35245
 -467 35321
 -179 8355661
 -179 32589
 -179 24909
 -179 24874
 6 6
 6 6
 6 16134
 6 16131
 211 211
 211 211
 211 6355
 211 6273
 -77 -77
 -77 -77
 -77 -9037
 -77 -9004
 -136 -136
 -136 -136
 -136 -29320
 -136 -29381
 -229 -32997
 -229 -32997
 -229 -49125
 -229 -49103
 -121 -33017
 -121 -33017
 -121 -62969
 -121 -62954
 -97 -97
 -97 -65633
 -97 -74337
 -97 -74344
 -245 -245
 -245 -65781
 -245 -88053
 -245 -87959
 -239 -32879
 -239 -98415
 -239 -105839
 -239 -105810
 -236 -33004
 -236 -98540
 -236 -129004
 -236 -128912
 -126 -254
 -126 -131326
 -126 -146174
 -126 -146113
 -149 -21
 -149 -131093
 -149 -148757
 -149 -148798
 -227 -99
 -227 -131171
 -227 -142435
 -227 -142409
 -104 -104
 -104 -131176
 -104 -131944
 -104 -131967
 -135 -32775
 -135 -98311
 -135 -115719
 -135 -115815
 -62 -62
 -62 -65598
 -62 -95294
 -62 -95312
 -85 -85
 -85 -65621
 -85 -77141
 -85 -77131
 -316 -33084
 -316 -33084
 -316 -58940
 -316 -58973
 -80 -32976
 -80 -32976
 -80 -41424
 -80 -41379
 58 -8355782
 58 -32710
 58 -27334
 58 -27274
 -139 -11
 -139 -11
 -139 -14859
 -139 -14855
 -196 8355644
 -196 32572
 -196 2620
 -196 2600
 -147 8355693
 -147 32621
 -147 30573
 -147 30542
 -103 8388377
 -103 65305
 -103 62745
 -103 62806
 -226 8355614
 -226 98078
 -226 88606
 -226 88639
 -231 8388505
 -231 130969
 -231 105881
 -231 105858
 -295 8388185
 -295 130649
 -295 124249
 -295 124190
 -253 8355587
 -253 163587
 -253 142851
 -253 142913
 -272 8355568
 -272 163568
 -272 151536
 -272 151523
 -166 8355674
 -166 163674
 -166 144474
 -166 144471
 -217 8388519
 -217 130983
 -217 127399
 -217 127373
 -141 8388467
 -141 130931
 -141 110195
 -141 110116
 -381 8355331
 -381 97795
 -381 97027
 -381 97033
 -144 8355824
 -144 98288
 -144 85744
 -144 85719
 -174 8355794
 -174 98258
 -174 71890
 -174 71846
 -307 8388173
 -307 65101
 -307 58701
 -307 58670
 -192 8388416
 -192 65344
 -192 47936
 -192 47983
 -203 8388533
 -203 65461
 -203 36021
 -203 36053
 -220 8355620
 -220 32548
 -220 25380
 -220 25453
 -87 8355753
 -87 32681
 -87 16809
 -87 16797
 -139 8355829
 -139 32757
 -139 7157
 -139 7053
 -235 -107
 -235 -107
 -235 -7787
 -235 -7807
 -218 -218
 -218 -218
 -218 -27866
 -218 -27855
 -126 -32894
 -126 -32894
 -126 -47486
 -126 -47452
 -97 -32993
 -97 -32993
 -97 -61665
 -97 -61684
 -159 -31
 -159 -65567
 -159 -72991
 -159 -73066
 -75 -75
 -75 -65611
 -75 -86859
 -75 -86902
 -162 -32802
 -162 -98338
 -162 -104738
 -162 -104714
 -476 -33116
 -476 -98652
 -476 -127324
 -476 -127315
 -371 -371
 -371 -131443
 -371 -144755
 -371 -144706
 -50 -50
 -50 -131122
 -50 -148018
 -50 -148020
 -3 -131
 -3 -131203
 -3 -142467
 -3 -142478
 75 -8355765
 75 -163765
 75 -132533
 75 -132559
 93 -8388515
 93 -130979
 93 -116899
 93 -116872
 -161 -161
 -161 -65697
 -161 -96417
 -161 -96410
 -227 -227
 -227 -65763
 -227 -78051
 -227 -77963
 -194 -32962
 -194 -32962
 -194 -60354
 -194 -60302
 -318 -33086
 -318 -33086
 -318 -42302
 -318 -42325
 -112 -112
 -112 -112
 -112 -28016
 -112 -27991
 -296 -424
 -296 -424
 -296 -15272
 -296 -15320
 -37 8355803
 -37 32731
 -37 1499
 -37 1511
 65 65
 65 65
 65 28993
 65 29007
 -34 8388446
 -34 65374
 -34 61022
 -34 61049
 31 31
 31 65567
 31 86815
 31 86897
 -75 8388405
 -75 130869
 -75 104245
 -75 104251
 -214 8388394
 -214 130858
 -214 122410
 -214 122417
 -115 8355725
 -115 163725
 -115 141709
 -115 141783
 -184 8355656
 -184 163656
 -184 151368
 -184 151300
 -259 8355453
 -259 163453
 -259 145277
 -259 145232
 -242 8388494
 -242 130958
 -242 128398
 -242 128469
 -100 8388380
 -100 130844
 -100 110876
 -100 110907
 -200 8355640
 -200 98104
 -200 97592
 -200 97574
 -23 8355817
 -23 98281
 -23 86249
 -23 86257
 14 14
 14 65550
 14 72718
 14 72831
 -60 8388548
 -60 65476
 -60 59076
 -60 59108
 -240 8388368
 -240 65296
 -240 48144
 -240 48197
 -198 8388410
 -198 65338
 -198 36666
 -198 36643
 -173 8355667
 -173 32595
 -173 25683
 -173 25603
 -199 8355641
 -199 32569
 -199 16697
 -199 16713
 -190 8355778
 -190 32706
 -190 7362
 -190 7341
 -170 -170
 -170 -170
 -170 -6826
 -170 -6897
 -148 -148
 -148 -148
 -148 -26772
 -148 -26770
 -287 -33183
 -287 -33183
 -287 -46495
 -287 -46539
 -111 -33007
 -111 -33007
 -111 -60911
 -111 -60879
 -103 -231
 -103 -65767
 -103 -72167
 -103 -72162
 -75 -75
 -75 -65611
 -75 -85579
 -75 -85559
 -115 -33011
 -115 -98547
 -115 -103411
 -115 -103365
 -206 -32846
 -206 -98382
 -206 -126030
 -206 -126069
 -62 -190
 -62 -131262
 -62 -144062
 -62 -144007
 -190 -62
 -190 -131134
 -190 -147774
 -190 -147798
 -249 -249
 -249 -131321
 -249 -142073
 -249 -142028
 -199 -71
 -199 -131143
 -199 -132679
 -199 -132668
 -156 -32924
 -156 -98460
 -156 -117148
 -156 -117247
 -154 -26
 -154 -65562
 -154 -97050
 -154 -97102
 -99 -227
 -99 -65763
 -99 -78819
 -99 -78800
 -182 -32950
 -182 -32950
 -182 -61110
 -182 -61098
 -344 -33240
 -344 -33240
 -344 -43224
 -344 -43188
 -110 -238
 -110 -238
 -110 -28398
 -110 -28383
 -149 -149
 -149 -149
 -149 -15765
 -149 -15854
 -50 8355790
 -50 32718
 -50 462
 -50 440
 -98 8355614
 -98 32542
 -98 26654
 -98 26662
 -315 8388165
 -315 65093
 -315 58437
 -315 58445
 -167 8355801
 -167 98265
 -167 85465
 -167 85398
 -196 8388412
 -196 130876
 -196 103228
 -196 103205
 -203 8388533
 -203 130997
 -203 121013
 -203 121076
 -109 8355731
 -109 163731
 -109 140435
 -109 140471
 -136 8355832
 -136 163832
 -136 150776
 -136 150732
 -93 8355619
 -93 163619
 -93 145443
 -93 145437
 -197 8388411
 -197 130875
 -197 128571
 -197 128549
 -99 8388381
 -99 130845
 -99 110877
 -99 110945
 -63 8355777
 -63 98241
 -63 97985
 -63 97951
 -93 8355747
 -93 98211
 -93 86947
 -93 87033
 -131 8355709
 -131 98173
 -131 73853
 -131 73835
 -321 8388159
 -321 65087
 -321 59967
 -321 59956
 -138 8388470
 -138 65398
 -138 48758
 -138 48714
 -138 8388470
 -138 65398
 -138 37494
 -138 37444
 -234 8355734
 -234 32662
 -234 26262
 -234 26287
 -174 8355794
 -174 32722
 -174 16850
 -174 16799
 -356 8355356
 -356 32284
 -356 7708
 -356 7796
 -349 -477
 -349 -477
 -349 -5853
 -349 -5876
 -144 -16
 -144 -16
 -144 -25616
 -144 -25670
 -173 -32941
 -173 -32941
 -173 -45741
 -173 -45758
 -349 -33117
 -349 -33117
 -349 -60509
 -349 -60491
 -119 -247
 -119 -65783
 -119 -71927
 -119 -71844
 -38 -166
 -38 -65702
 -38 -85158
 -38 -85246
 26 -8388582
 26 -131046
 26 -102118
 26 -102140
 -76 -32844
 -76 -98380
 -76 -124492
 -76 -124422
 -80 -208
 -80 -131280
 -80 -143056
 -80 -143025
 -203 -203
 -203 -131275
 -203 -148171
 -203 -148145
 34 -8355678
 34 -163678
 34 -142942
 34 -142881
 -276 -404
 -276 -131476
 -276 -133268
 -276 -133306
 -285 -33181
 -285 -98717
 -285 -118173
 -285 -118235
 -127 -127
 -127 -65663
 -127 -98175
 -127 -98075
 -205 -205
 -205 -65741
 -205 -79565
 -205 -79504
 -162 -32930
 -162 -32930
 -162 -62114
 -162 -62093
 -258 -33026
 -258 -33026
 -258 -44290
 -258 -44345
 -402 -402
 -402 -402
 -402 -29330
 -402 -29381
 -188 -188
 -188 -188
 -188 -17084
 -188 -17055
 -279 -279
 -279 -279
 -279 -1047
 -279 -1043
 -107 8355605
 -107 32533
 -107 24853
 -107 24910
 -212 8388396
 -212 65324
 -212 56620
 -212 56589
 26 154
 26 65690
 26 84122
 26 84152
 88 32984
 88 98520
 88 102104
 88 102089
 -203 8388405
 -203 130869
 -203 119349
 -203 119320
 -187 8355781
 -187 163781
 -187 138437
 -187 138399
 -128 8355584
 -128 163584
 -128 149248
 -128 149366
 -210 8355758
 -210 163758
 -210 145070
 -210 145042
 -300 8388180
 -300 130644
 -300 128852
 -300 128893
 -316 8388164
 -316 130628
 -316 112452
 -316 112420
 -306 8388302
 -306 130766
 -306 99022
 -306 98980
 -27 8355813
 -27 98277
 -27 87525
 -27 87487
 151 151
 151 65687
 151 73879
 151 73949
 -140 8388596
 -140 65524
 -140 60148
 -140 60071
 -242 8388366
 -242 65294
 -242 48910
 -242 48982
 -60 8388420
 -60 65348
 -60 37700
 -60 37656
 -134 8355706
 -134 32634
 -134 26490
 -134 26488
 -16 8355696
 -16 32624
 -16 17264
 -16 17186
 -3 8355709
 -3 32637
 -3 8317
 -3 8283
 -233 -105
 -233 -105
 -233 -4969
 -233 -4935
 -229 -101
 -229 -101
 -229 -24421
 -229 -24424
 -428 -33196
 -428 -33196
 -428 -44460
 -428 -44541
 -241 -32881
 -241 -32881
 -241 -59761
 -241 -59658
 -118 -246
 -118 -65782
 -118 -71158
 -118 -71042
 -52 -180
 -52 -65716
 -52 -84404
 -52 -84390
 -238 -32878
 -238 -98414
 -238 -101486
 -238 -101500
 -124 -32892
 -124 -98428
 -124 -123772
 -124 -123659
 27 -8355685
 27 -163685
 27 -142437
 27 -142449
 -119 -119
 -119 -131191
 -119 -147831
 -119 -147763
 -260 -260
 -260 -131332
 -260 -142596
 -260 -142613
 -169 -41
 -169 -131113
 -169 -133417
 -169 -133394
 -95 -32863
 -95 -98399
 -95 -118879
 -95 -118844
 66 -8388414
 66 -130878
 66 -99134
 66 -99131
 -149 -149
 -149 -65685
 -149 -80533
 -149 -80555
 76 -8388404
 76 -65332
 76 -63028
 76 -63101
 107 -8388501
 107 -65429
 107 -45205
 107 -45187
 -27 -155
 -27 -155
 -27 -30107
 -27 -30130
 -72 -200
 -72 -200
 -72 -17608
 -72 -17620
 28 -8355684
 28 -32612
 28 -2148
 28 -2165
 -170 8355798
 -170 32726
 -170 22998
 -170 22926
 -224 8388384
 -224 65312
 -224 54560
 -224 54626
 -188 8355780
 -188 98244
 -188 82372
 -188 82393
 -158 8388578
 -158 131042
 -158 100834
 -158 100813
 -66 8388542
 -66 131006
 -66 118206
 -66 118205
 -201 8355639
 -201 163639
 -201 137783
 -201 137827
 -304 8355536
 -304 163536
 -304 149456
 -304 149458
 -212 8355756
 -212 163756
 -212 145836
 -212 145852
 -121 8388359
 -121 130823
 -121 129799
 -121 129902
 -163 8388445
 -163 130909
 -163 112477
 -163 112467
 -191 8388417
 -191 130881
 -191 98625
 -191 98627
 -243 8355725
 -243 98189
 -243 87693
 -243 87742
 -105 8355735
 -105 98199
 -105 74647
 -105 74635
 -166 8388570
 -166 65498
 -166 61146
 -166 61076
 54 32950
 54 32950
 54 49846
 54 49856
 -250 8388486
 -250 65414
 -250 38278
 -250 38287
 -335 8355377
 -335 32305
 -335 26929
 -335 26998
 -160 8355680
 -160 32608
 -160 18016
 -160 17944
 -82 8355758
 -82 32686
 -82 8878
 -82 8881
 83 -8355629
 83 -32557
 83 -4141
 83 -4103
 16 -8355696
 16 -32624
 16 -23152
 16 -23133
 -147 -32915
 -147 -32915
 -147 -43667
 -147 -43675
 -244 -32884
 -244 -32884
 -244 -59252
 -244 -59178
 -161 -33
 -161 -65569
 -161 -70177
 -161 -70234
 -134 -134
 -134 -65670
 -134 -83334
 -134 -83366
 -123 -32891
 -123 -98427
 -123 -100219
 -123 -100167
 -280 -33176
 -280 -98712
 -280 -122008
 -280 -122087
 -183 -183
 -183 -131255
 -183 -141495
 -183 -141517
 -50 -178
 -50 -131250
 -50 -147634
 -50 -147615
 132 -8355836
 132 -163836
 132 -142844
 132 -142803
 -166 -38
 -166 -131110
 -166 -133670
 -166 -133702
 -331 -33227
 -331 -98763
 -331 -119499
 -331 -119470
 63 -8388417
 63 -130881
 63 -99905
 63 -99946
 -33 -161
 -33 -65697
 -33 -81057
 -33 -81047
 -114 -33010
 -114 -33010
 -114 -63986
 -114 -63920
 -16 -32912
 -16 -32912
 -16 -45968
 -16 -46068
 -78 -206
 -78 -206
 -78 -30670
 -78 -30720
 -103 -103
 -103 -103
 -103 -18279
 -103 -18199
 -90 -90
 -90 -90
 -90 -3162
 -90 -3127
 -327 8355513
 -327 32441
 -327 21689
 -327 21692
 -54 8388426
 -54 65354
 -54 53322
 -54 53324
 -100 8355740
 -100 98204
 -100 81308
 -100 81331
 -73 8388407
 -73 130871
 -73 99639
 -73 99676
 -253 8388483
 -253 130947
 -253 116867
 -253 116939
 -130 8355710
 -130 163710
 -130 136574
 -130 136529
 -113 8355599
 -113 163599
 -113 148751
 -113 148839
 -104 8355736
 -104 163736
 -104 146328
 -104 146419
 -85 8388395
 -85 130859
 -85 130859
 -85 130924
 -161 8388447
 -161 130911
 -161 113247
 -161 113191
 -154 8388454
 -154 130918
 -154 99430
 -154 99380
 -355 8355485
 -355 97949
 -355 88221
 -355 88234
 -249 8355591
 -249 98055
 -249 75271
 -249 75356
 -279 8388329
 -279 65257
 -279 61929
 -279 61865
 -363 8388117
 -363 65045
 -363 50709
 -363 50791
 -248 8388488
 -248 65416
 -248 39304
 -248 39322
 -245 8355723
 -245 32651
 -245 27787
 -245 27807
 -250 8355590
 -250 32518
 -250 18182
 -250 18265
 -151 8355689
 -151 32617
 -151 9321
 -151 9302
 -314 -314
 -314 -314
 -314 -3130
 -314 -3168
 -400 -400
 -400 -400
 -400 -21648
 -400 -21696
 -225 -32865
 -225 -32865
 -225 -42337
 -225 -42252
 -167 -32807
 -167 -32807
 -167 -57895
 -167 -57868
 -82 -210
 -82 -65746
 -82 -69330
 -82 -69329
 -35 -163
 -35 -65699
 -35 -82339
 -35 -82366
 -33 -32929
 -33 -98465
 -33 -98977
 -33 -98985
 -2 -32898
 -2 -98434
 -2 -120450
 -2 -120520
 -242 -114
 -242 -131186
 -242 -140402
 -242 -140323
 -201 -73
 -201 -131145
 -201 -147273
 -201 -147248
 -194 -194
 -194 -131266
 -194 -142786
 -194 -142744
 -148 -148
 -148 -131220
 -148 -134036
 -148 -134082
 -82 -32850
 -82 -98386
 -82 -120402
 -82 -120406
 -132 -32900
 -132 -98436
 -132 -100740
 -132 -100857
 -86 -86
 -86 -65622
 -86 -82006
 -86 -82014
 20 -8388588
 20 -65516
 20 -65260
 20 -65234
 -79 -32975
 -79 -32975
 -79 -47567
 -79 -47524
 15 -8355825
 15 -32753
 15 -31985
 15 -31911
 100 -8355612
 100 -32540
 100 -19228
 100 -19266
 -2 -130
 -2 -130
 -2 -4226
 -2 -4232
 -128 8355584
 -128 32512
 -128 20224
 -128 20262
 -13 8388595
 -13 65523
 -13 51699
 -13 51689
 -24 8355688
 -24 98152
 -24 80232
 -24 80180
 -8 8388600
 -8 131064
 -8 99064
 -8 98992
 -206 8388402
 -206 130866
 -206 115762
 -206 115832
 -39 8355673
 -39 163673
 -39 135513
 -39 135457
 -44 8355668
 -44 163668
 -44 148052
 -44 148061
 -198 8355642
 -198 163642
 -198 146234
 -198 146210
 -263 8355449
 -263 163449
 -263 131705
 -263 131611
 -50 8388558
 -50 131022
 -50 113870
 -50 113792
 -171 8388565
 -171 131029
 -171 99797
 -171 99797
 -305 8355407
 -305 97871
 -305 88911
 -305 88935
 -138 8355830
 -138 98294
 -138 76534
 -138 76452
 -249 8388359
 -249 65287
 -249 62727
 -249 62726
 -153 8388455
 -153 65383
 -153 51303
 -153 51233
 -195 8388413
 -195 65341
 -195 39741
 -195 39711
 -188 8355652
 -188 32580
 -188 28228
 -188 28265
 -80 8355760
 -80 32688
 -80 19120
 -80 19169
 -177 8355663
 -177 32591
 -177 10319
 -177 10317
 -69 -69
 -69 -69
 -69 -1861
 -69 -1854
 -229 -101
 -229 -101
 -229 -20581
 -229 -20536
 -308 -33076
 -308 -33076
 -308 -41012
 -308 -40993
 -279 -33175
 -279 -33175
 -279 -57495
 -279 -57532
 -139 -139
 -139 -65675
 -139 -69259
 -139 -69315
 -125 -125
 -125 -65661
 -125 -82045
 -125 -82006
 -70 -198
 -70 -65734
 -70 -97990
 -70 -98040
 -124 -32892
 -124 -98428
 -124 -119676
 -124 -119567
 -98 -98
 -98 -131170
 -98 -139618
 -98 -139597
 -140 -140
 -140 -131212
 -140 -147084
 -140 -147122
 26 -8355686
 26 -163686
 26 -143206
 26 -143131
 -139 -139
 -139 -131211
 -139 -134283
 -139 -134317
 -77 -32973
 -77 -98509
 -77 -120781
 -77 -120706
 -100 -32996
 -100 -98532
 -100 -101604
 -100 -101603
 -156 -156
 -156 -65692
 -156 -82844
 -156 -82839
 17 -8355695
 17 -98159
 17 -65903
 17 -65803
 -43 -32939
 -43 -32939
 -43 -47787
 -43 -47848
 -35 -163
 -35 -163
 -35 -31907
 -35 -31964
 -64 -64
 -64 -64
 -64 -19008
 -64 -19061
 -181 -181
 -181 -181
 -181 -4789
 -181 -4825
 -41 8355671
 -41 32599
 -41 18775
 -41 18785
 17 32913
 17 32913
 17 49809
 17 49900
 -113 8355727
 -113 98191
 -113 78479
 -113 78527
 -28 8355684
 -28 98148
 -28 97636
 -28 97584
 -29 8388579
 -29 131043
 -29 114659
 -29 114593
 -150 8355818
 -150 163818
 -150 134634
 -150 134535
 -220 8355748
 -220 163748
 -220 148132
 -220 148139
 -48 8355792
 -48 163792
 -48 147152
 -48 147104
 -178 8355662
 -178 163662
 -178 132686
 -178 132678
 -148 8388588
 -148 131052
 -148 114924
 -148 114830
 -136 8388472
 -136 130936
 -136 100472
 -136 100383
 -63 8355649
 -63 98113
 -63 89153
 -63 89123
 -139 8355701
 -139 98165
 -139 76917
 -139 76902
 -40 8388440
 -40 65368
 -40 63064
 -40 63089
 -190 8388546
 -190 65474
 -190 51650
 -190 51586
 -46 8388434
 -46 65362
 -46 40274
 -46 40270
 -47 8355665
 -47 32593
 -47 29009
 -47 28999
 -126 8355714
 -126 32642
 -126 19330
 -126 19437
 -118 8355594
 -118 32522
 -118 10506
 -118 10534
 -259 -387
 -259 -387
 -259 -1667
 -259 -1687
 -86 -86
 -86 -86
 -86 -19798
 -86 -19764
 -189 -32957
 -189 -32957
 -189 -40381
 -189 -40345
 -126 -33022
 -126 -33022
 -126 -56830
 -126 -56742
 -210 -210
 -210 -65746
 -210 -68306
 -210 -68315
 -316 -316
 -316 -65852
 -316 -81212
 -316 -81195
 -225 -97
 -225 -65633
 -225 -97121
 -225 -97068
 -94 -32862
 -94 -98398
 -94 -118366
 -94 -118373
 -172 -44
 -172 -131116
 -172 -139052
 -172 -139127
 -292 -292
 -292 -131364
 -292 -147492
 -292 -147554
 -81 -209
 -81 -131281
 -81 -144081
 -81 -144082
 -156 -28
 -156 -131100
 -156 -135452
 -156 -135546
 -124 -32892
 -124 -98428
 -124 -122492
 -124 -122378
 -97 -32865
 -97 -98401
 -97 -103265
 -97 -103237
 -83 -211
 -83 -65747
 -83 -83667
 -83 -83654
 -184 -56
 -184 -65592
 -184 -66616
 -184 -66654
 -235 -33003
 -235 -33003
 -235 -49131
 -235 -49096
 -64 -32832
 -64 -32832
 -64 -33088
 -64 -33026
 113 -8355727
 113 -32655
 113 -20111
 113 -20121
 89 -8355623
 89 -32551
 89 -5927
 89 -5979
 -44 8355796
 -44 32724
 -44 17364
 -44 17319
 54 32950
 54 32950
 54 48310
 54 48326
 76 204
 76 65740
 76 77260
 76 77185
 -48 8355664
 -48 98128
 -48 96336
 -48 96376
 -75 8388405
 -75 130869
 -75 113205
 -75 113223
 -8 8355832
 -8 163832
 -8 133112
 -8 133065
 -2 8355838
 -2 163838
 -2 147454
 -2 147407
 -94 8355746
 -94 163746
 -94 147362
 -94 147341
 -231 8355737
 -231 163737
 -231 133529
 -231 133548
 -184 8388552
 -184 131016
 -184 115400
 -184 115447
 -199 8388537
 -199 131001
 -199 100793
 -199 100759
 -25 8355815
 -25 98279
 -25 89575
 -25 89500
 68 196
 68 65732
 68 77252
 68 77198
 218 32986
 218 32986
 218 63450
 218 63485
 7 32775
 7 32775
 7 51975
 7 52076
 -45 8388435
 -45 65363
 -45 41043
 -45 41040
 -102 8355738
 -102 32666
 -102 29338
 -102 29397
 -93 8355619
 -93 32547
 -93 19747
 -93 19768
 55 183
 55 183
 55 10935
 55 10925
 -101 -101
 -101 -101
 -101 -869
 -101 -804
 -33 -161
 -33 -161
 -33 -18593
 -33 -18629
 -57 -32825
 -57 -32825
 -57 -38969
 -57 -38994
 -25 -32793
 -25 -32793
 -25 -55833
 -25 -55812
 -72 -200
 -72 -65736
 -72 -67528
 -72 -67557
 -15 -15
 -15 -65551
 -15 -80143
 -15 -80246
 -39 -167
 -39 -65703
 -39 -96167
 -39 -96201
 -302 -33198
 -302 -98734
 -302 -116910
 -302 -116874
 -347 -347
 -347 -131419
 -347 -138075
 -347 -138028
 -385 -385
 -385 -131457
 -385 -147073
 -385 -147097
 -138 -10
 -138 -131082
 -138 -144138
 -138 -144171
 92 -8355620
 92 -163620
 92 -135972
 92 -136015
 37 -8388571
 37 -131035
 37 -123355
 37 -123361
 -33 -32929
 -33 -98465
 -33 -104097
 -33 -104105
 -106 -106
 -106 -65642
 -106 -84586
 -106 -84570
 -15 -143
 -15 -65679
 -15 -67471
 -15 -67581
 -65 -32961
 -65 -32961
 -65 -49857
 -65 -49881
 47 -8388561
 47 -65489
 47 -34257
 47 -34200
 -198 -198
 -198 -198
 -198 -20934
 -198 -20902
 1 -8355839
 1 -32767
 1 -7167
 1 -7124
 126 254
 126 254
 126 15102
 126 15095
 86 32854
 86 32854
 86 45910
 86 45934
 -2 8355838
 -2 98302
 -2 75518
 -2 75455
 44 172
 44 65708
 44 95148
 44 95140
 -47 8388433
 -47 130897
 -47 111185
 -47 111199
 -68 8388540
 -68 131004
 -68 131004
 -68 131009
 -118 8355594
 -118 163594
 -118 146186
 -118 146193
 42 170
 42 131242
 42 147114
 42 147095
 -44 8355796
 -44 163796
 -44 134612
 -44 134572
 -58 8388550
 -58 131014
 -58 117190
 -58 117148
 -156 8388452
 -156 130916
 -156 102244
 -156 102193
 -193 8355647
 -193 98111
 -193 90431
 -193 90388
 -8 8355704
 -8 98168
 -8 77944
 -8 77864
 -140 8388468
 -140 65396
 -140 64116
 -140 64073
 -374 8388234
 -374 65162
 -374 52618
 -374 52676
 -343 8388137
 -343 65065
 -343 41769
 -343 41825
 30 30
 30 30
 30 29982
 30 30051
 -151 8355817
 -151 32745
 -151 19945
 -151 19919
 -66 8355774
 -66 32702
 -66 11454
 -66 11446
 -146 8355694
 -146 32622
 -146 622
 -146 601
 -200 -200
 -200 -200
 -200 -16840
 -200 -16881
 -217 -32985
 -217 -32985
 -217 -37849
 -217 -37772
 -225 -32865
 -225 -32865
 -225 -55137
 -225 -55161
 -9 -137
 -9 -65673
 -9 -67209
 -9 -67276
 -186 -186
 -186 -65722
 -186 -79546
 -186 -79575
 -115 -243
 -115 -65779
 -115 -95219
 -115 -95165
 -111 -33007
 -111 -98543
 -111 -115951
 -111 -115877
 -101 -101
 -101 -131173
 -101 -137061
 -101 -137059
 -44 -44
 -44 -131116
 -44 -146732
 -44 -146809
 -114 -114
 -114 -131186
 -114 -144498
 -114 -144466
 -112 -240
 -112 -131312
 -112 -136688
 -112 -136703
 13 -8388467
 13 -130931
 13 -124531
 13 -124472
 -22 -32790
 -22 -98326
 -22 -105494
 -22 -105552
 -210 -82
 -210 -65618
 -210 -85586
 -210 -85514
 -185 -185
 -185 -65721
 -185 -68537
 -185 -68538
 -239 -33007
 -239 -33007
 -239 -50671
 -239 -50588
 7 -8388473
 7 -65401
 7 -34169
 7 -34155
 76 -8355636
 76 -32564
 76 -21300
 76 -21325
 190 -8355778
 190 -32706
 190 -7618
 190 -7639
 -52 8355660
 -52 32588
 -52 14412
 -52 14361
 -159 8388449
 -159 65377
 -159 44897
 -159 44846
 -225 8355615
 -225 98079
 -225 74527
 -225 74580
 -158 8355810
 -158 98274
 -158 94946
 -158 94903
 -146 8388462
 -146 130926
 -146 110958
 -146 110888
 -297 8388183
 -297 130647
 -297 130135
 -297 130084
 -316 8355524
 -316 163524
 -316 145348
 -316 145395
 -76 8355764
 -76 163764
 -76 147124
 -76 147181
 -203 8355637
 -203 163637
 -203 134965
 -203 134943
 -101 8388379
 -101 130843
 -101 117531
 -101 117624
 37 32933
 37 98469
 37 102821
 37 102892
 105 105
 105 65641
 105 91241
 105 91255
 -89 8355623
 -89 98087
 -89 78887
 -89 78868
 -59 8388421
 -59 65349
 -59 65093
 -59 65049
 162 32802
 162 32802
 162 53282
 162 53345
 -81 8388527
 -81 65455
 -81 42415
 -81 42391
 -169 8355799
 -169 32727
 -169 30423
 -169 30388
 36 36
 36 36
 36 20516
 36 20516
 35 163
 35 163
 35 11939
 35 11935
 183 55
 183 55
 183 823
 183 883
 -29 -157
 -29 -157
 -29 -16541
 -29 -16560
 -115 -33011
 -115 -33011
 -115 -37363
 -115 -37261
 -151 -32919
 -151 -32919
 -151 -54679
 -151 -54667
 -269 -269
 -269 -65805
 -269 -66573
 -269 -66619
 15 -8355697
 15 -98161
 15 -78705
 15 -78599
 148 -8355820
 148 -98284
 148 -93932
 148 -93844
 14 -8388594
 14 -131058
 14 -114162
 14 -114157
 1 -8355839
 1 -163839
 1 -135935
 1 -135918
 -118 -246
 -118 -131318
 -118 -146934
 -118 -146840
 66 -8355646
 66 -163646
 66 -144702
 66 -144735
 114 -8355598
 114 -163598
 114 -137230
 114 -137255
 -140 -32780
 -140 -98316
 -140 -125452
 -140 -125444
 -255 -33023
 -255 -98559
 -255 -106751
 -255 -106705
 -101 -229
 -101 -65765
 -101 -86757
 -101 -86674
 50 -8355790
 50 -98254
 50 -69582
 50 -69528
 -260 -33156
 -260 -33156
 -260 -51844
 -260 -51897
 -129 -32769
 -129 -32769
 -129 -35073
 -129 -35107
 -155 -155
 -155 -155
 -155 -22171
 -155 -22157
 -159 -159
 -159 -159
 -159 -8607
 -159 -8700
 -35 8355805
 -35 32733
 -35 12509
 -35 12425
 -94 8388386
 -94 65314
 -94 42786
 -94 42767
 15 143
 15 65679
 15 73103
 15 73189
 -25 8355687
 -25 98151
 -25 94055
 -25 93967
 -278 8388202
 -278 130666
 -278 109930
 -278 109843
 -158 8388578
 -158 131042
 -158 129506
 -158 129508
 41 169
 41 131241
 41 145577
 41 145612
 -60 8355652
 -60 163652
 -60 148036
 -60 148053
 -293 8355547
 -293 163547
 -293 135899
 -293 135912
 -292 8388316
 -292 130780
 -292 118236
 -292 118256
 -68 8388540
 -68 131004
 -68 103100
 -68 103098
 -135 8355833
 -135 98297
 -135 91385
 -135 91309
 219 91
 219 65627
 219 79195
 219 79199
 46 46
 46 65582
 46 65582
 46 65540
 -217 8388519
 -217 65447
 -217 53927
 -217 53896
 -154 8388454
 -154 65382
 -154 43110
 -154 43107
 -115 8355725
 -115 32653
 -115 31373
 -115 31389
 38 166
 38 166
 38 21158
 38 21160
 -193 8355647
 -193 32575
 -193 12607
 -193 12546
 -502 8355466
 -502 32394
 -502 1674
 -502 1732
 -450 -450
 -450 -450
 -450 -15298
 -450 -15337
 -290 -33058
 -290 -33058
 -290 -35874
 -290 -35963
 -236 -33004
 -236 -33004
 -236 -53740
 -236 -53704
 -14 -14
 -14 -65550
 -14 -65806
 -14 -65807
 -14 -14
 -14 -65550
 -14 -77582
 -14 -77668
 -164 -164
 -164 -65700
 -164 -92836
 -164 -92804
 31 -8388577
 31 -131041
 31 -113121
 31 -113078
 -43 -171
 -43 -131243
 -43 -135083
 -43 -135099
 57 -8355655
 57 -163655
 57 -146759
 57 -146732
 -299 -299
 -299 -131371
 -299 -145195
 -299 -145203
 -382 -382
 -382 -131454
 -382 -137598
 -382 -137590
 -298 -33194
 -298 -98730
 -298 -125866
 -298 -125937
 -144 -32912
 -144 -98448
 -144 -107920
 -144 -107905
 -220 -92
 -220 -65628
 -220 -88156
 -220 -88146
 -319 -319
 -319 -65855
 -319 -70463
 -319 -70519
 -79 -32975
 -79 -32975
 -79 -52687
 -79 -52672
 102 -8388378
 102 -65306
 102 -36122
 102 -36099
 -178 -178
 -178 -178
 -178 -22962
 -178 -22998
 -268 -396
 -268 -396
 -268 -9612
 -268 -9637
 -200 8355640
 -200 32568
 -200 10808
 -200 10796
 -36 8388572
 -36 65500
 -36 40924
 -36 40863
 10 10
 10 65546
 10 71690
 10 71707
 119 119
 119 65655
 119 93303
 119 93311
 -167 8388569
 -167 131033
 -167 109529
 -167 109557
 -168 8388568
 -168 131032
 -168 128728
 -168 128766
 -128 8355712
 -128 163712
 -128 145024
 -128 145108
 139 139
 139 131211
 139 148363
 139 148458
 32 160
 32 131232
 32 136608
 32 136612
 -98 8388382
 -98 130846
 -98 118558
 -98 118575
 -37 8388443
 -37 130907
 -37 103515
 -37 103459
 -102 8355738
 -102 98202
 -102 91802
 -102 91864
 -124 8355716
 -124 98180
 -124 80004
 -124 80090
 -51 8355789
 -51 98253
 -51 66509
 -51 66510
 -139 8388469
 -139 65397
 -139 54645
 -139 54559
 -397 8388211
 -397 65139
 -397 43635
 -397 43616
 -252 8355716
 -252 32644
 -252 31876
 -252 31978
 -174 8355794
 -174 32722
 -174 21714
 -174 21753
 -113 8355727
 -113 32655
 -113 13199
 -113 13196
 36 36
 36 36
 36 2340
 36 2360
 -170 -42
 -170 -42
 -170 -14378
 -170 -14464
 -269 -33037
 -269 -33037
 -269 -35085
 -269 -35077
 -68 -32964
 -68 -32964
 -68 -53188
 -68 -53131
 -76 -32844
 -76 -32844
 -76 -65356
 -76 -65395
 -51 -51
 -51 -65587
 -51 -77107
 -51 -77147
 -87 -87
 -87 -65623
 -87 -91991
 -87 -91966
 103 -8388505
 103 -130969
 103 -112025
 103 -112017
 -316 -316
 -316 -131388
 -316 -133948
 -316 -133957
 -430 -302
 -430 -131374
 -430 -146478
 -430 -146437
 -34 -162
 -34 -131234
 -34 -145314
 -34 -145297
 63 -8355649
 63 -163649
 63 -138305
 63 -138257
 143 -8388465
 143 -130929
 143 -127089
 143 -127006
 11 -8388469
 11 -130933
 11 -109173
 11 -109067
 91 -8355621
 91 -98085
 91 -88869
 91 -88902
 -76 -76
 -76 -65612
 -76 -71756
 -76 -71708
 -77 -32845
 -77 -32845
 -77 -53581
 -77 -53570
 121 -8388487
 121 -65415
 121 -36487
 121 -36575
 116 -8355724
 116 -32652
 116 -23180
 116 -23296
 -17 -17
 -17 -17
 -17 -10257
 -17 -10247
 -94 8355618
 -94 32546
 -94 9506
 -94 9529
 51 32819
 51 32819
 51 39219
 51 39233
 -47 8355665
 -47 98129
 -47 69969
 -47 69902
 -71 8355641
 -71 98105
 -71 92473
 -71 92489
 11 32907
 11 98443
 11 108683
 11 108772
 -109 8388499
 -109 130963
 -109 127891
 -109 127930
 -123 8355717
 -123 163717
 -123 145029
 -123 145041
 -60 8355780
 -60 163780
 -60 149188
 -60 149134
 50 50
 50 131122
 50 138034
 50 137993
 -95 8388385
 -95 130849
 -95 119841
 -95 119877
 -183 8388553
 -183 131017
 -183 104393
 -183 104352
 -333 8355507
 -333 97971
 -333 92851
 -333 92876
 -84 8355628
 -84 98092
 -84 80940
 -84 80989
 -33 8355807
 -33 98271
 -33 67295
 -33 67270
 -28 8388452
 -28 65380
 -28 55140
 -28 55110
 -212 8388396
 -212 65324
 -212 44332
 -212 44306
 -47 8355793
 -47 32721
 -47 32721
 -47 32706
 17 145
 17 145
 17 22161
 17 22209
 -190 8355650
 -190 32578
 -190 13378
 -190 13346
 -202 8355766
 -202 32694
 -202 2742
 -202 2731
 -93 -221
 -93 -221
 -93 -13533
 -93 -13551
 -6 -32902
 -6 -32902
 -6 -33670
 -6 -33724
 -7 -32775
 -7 -32775
 -7 -51975
 -7 -52038
 -11 -32907
 -11 -32907
 -11 -64651
 -11 -64654
 -213 -85
 -213 -65621
 -213 -76629
 -213 -76621
 -126 -126
 -126 -65662
 -126 -91518
 -126 -91435
 -345 -33113
 -345 -98649
 -345 -110937
 -345 -110948
 -85 -213
 -85 -131285
 -85 -133077
 -85 -133115
 -102 -102
 -102 -131174
 -102 -146022
 -102 -146017
 -176 -176
 -176 -131248
 -176 -145328
 -176 -145382
 -44 -44
 -44 -131116
 -44 -138284
 -44 -138359
 39 -8388441
 39 -130905
 39 -127833
 39 -127791
 -42 -32810
 -42 -98346
 -42 -110122
 -42 -110196
 -181 -181
 -181 -65717
 -181 -90037
 -181 -89985
 36 -8355804
 36 -98268
 36 -72668
 36 -72626
 -110 -33006
 -110 -33006
 -110 -54766
 -110 -54752
 -87 -32983
 -87 -32983
 -87 -37591
 -87 -37534
 70 -8355642
 70 -32570
 70 -24122
 70 -24185
 114 -8355726
 114 -32654
 114 -11406
 114 -11453
 98 226
 98 226
 98 7906
 98 7930
 -79 8388401
 -79 65329
 -79 37169
 -79 37246
 -194 8355774
 -194 98238
 -194 68542
 -194 68589
 -24 8355816
 -24 98280
 -24 91624
 -24 91608
 168 32936
 168 98472
 168 107688
 168 107729
 11 32907
 11 98443
 11 126859
 11 126929
 -31 8355681
 -31 163681
 -31 144737
 -31 144701
 -105 8355735
 -105 163735
 -105 149399
 -105 149400
 19 19
 19 131091
 19 138771
 19 138854
 -84 8388524
 -84 130988
 -84 121004
 -84 120974
 80 32848
 80 98384
 80 105296
 80 105300
 -84 8355628
 -84 98092
 -84 93228
 -84 93251
 11 11
 11 65547
 11 81675
 11 81706
 -121 8355719
 -121 98183
 -121 68231
 -121 68276
 -122 8388486
 -122 65414
 -122 55686
 -122 55784
 71 32967
 71 32967
 71 44999
 71 44953
 -20 8388460
 -20 65388
 -20 32876
 -20 32863
 -173 8355667
 -173 32595
 -173 22611
 -173 22570
 -145 8355695
 -145 32623
 -145 13935
 -145 13899
 -225 8355615
 -225 32543
 -225 3359
 -225 3446
 -183 -183
 -183 -183
 -183 -12471
 -183 -12429
 -288 -33184
 -288 -33184
 -288 -32928
 -288 -32950
 10 -8388470
 10 -65398
 10 -51574
 10 -51571
 118 -8388490
 118 -65418
 118 -64138
 118 -64249
 -166 -166
 -166 -65702
 -166 -75942
 -166 -75969
 -12 -140
 -12 -65676
 -12 -90508
 -12 -90609
 -87 -32983
 -87 -98519
 -87 -109783
 -87 -109819
 1 -8355839
 1 -163839
 1 -132351
 1 -132307
 49 -8355791
 49 -163791
 49 -146127
 49 -146158
 31 -8355809
 31 -163809
 31 -146401
 31 -146345
 -152 -24
 -152 -131096
 -152 -139288
 -152 -139299
 -151 -32919
 -151 -98455
 -151 -128407
 -151 -128444
 18 -8388590
 18 -131054
 18 -111086
 18 -111051
 -67 -195
 -67 -65731
 -67 -90819
 -67 -90875
 38 -8355802
 38 -98266
 38 -73434
 38 -73351
 127 -8388353
 127 -65281
 127 -55809
 127 -55825
 -185 -32953
 -185 -32953
 -185 -38329
 -185 -38362
 -30 -158
 -30 -158
 -30 -24222
 -30 -24305
 99 -8355613
 99 -32541
 99 -11805
 99 -11856
 121 121
 121 121
 121 7033
 121 6938
 26 32794
 26 32794
 26 35866
 26 35947
 107 235
 107 65771
 107 67307
 107 67228
 105 233
 105 65769
 105 90601
 105 90535
 28 32924
 28 98460
 28 106908
 28 106889
 7 32903
 7 98439
 7 125575
 7 125601
 96 224
 96 131296
 96 143584
 96 143534
 176 176
 176 131248
 176 149680
 176 149745
 -39 8355673
 -39 163673
 -39 139865
 -39 139855
 10 32906
 10 98442
 10 122250
 10 122320
 -138 8388598
 -138 131062
 -138 106230
 -138 106132
 -264 8355576
 -264 98040
 -264 93944
 -264 93853
 -220 8355620
 -220 98084
 -220 82468
 -220 82508
 -111 8355729
 -111 98193
 -111 69009
 -111 68997
 -122 8388486
 -122 65414
 -122 56454
 -122 56547
 -73 8388535
 -73 65463
 -73 45751
 -73 45755
 -49 8388431
 -49 65359
 -49 33871
 -49 33862
 -190 8355778
 -190 32706
 -190 23234
 -190 23225
 -44 8355796
 -44 32724
 -44 14804
 -44 14826
 -338 8355502
 -338 32430
 -338 4526
 -338 4482
 -157 -157
 -157 -157
 -157 -11421
 -157 -11431
 56 -8355784
 56 -32712
 56 -31688
 56 -31744
 43 -8388437
 43 -65365
 43 -50773
 43 -50772
 -155 -32795
 -155 -32795
 -155 -63771
 -155 -63760
 -348 -348
 -348 -65884
 -348 -75100
 -348 -75111
 -261 -261
 -261 -65797
 -261 -89349
 -261 -89418
 -141 -32781
 -141 -98317
 -141 -108557
 -141 -108591
 -122 -250
 -122 -131322
 -122 -131578
 -122 -131568
 36 -8355676
 36 -163676
 36 -146268
 36 -146237
 100 -8355612
 100 -163612
 100 -146460
 100 -146545
 100 -8355612
 100 -163612
 100 -139548
 100 -139634
 -41 -32937
 -41 -98473
 -41 -129193
 -41 -129220
 -117 -32885
 -117 -98421
 -117 -112501
 -117 -112428
 27 -8355685
 27 -98149
 27 -92261
 27 -92223
 -110 -110
 -110 -65646
 -110 -74862
 -110 -74768
 -165 -32805
 -165 -32805
 -165 -57125
 -165 -57165
 -22 -32918
 -22 -32918
 -22 -39574
 -22 -39657
 -65 -65
 -65 -65
 -65 -25665
 -65 -25643
 -113 -241
 -113 -241
 -113 -13041
 -113 -12954
 -273 8355567
 -273 32495
 -273 5871
 -273 5771
 -90 8388390
 -90 65318
 -90 34342
 -90 34422
 -336 8355504
 -336 97968
 -336 65968
 -336 65933
 -240 8355728
 -240 98192
 -240 90000
 -240 90018
 -162 8388574
 -162 131038
 -162 106462
 -162 106372
 -27 8388453
 -27 130917
 -27 125029
 -27 124962
 -243 8355597
 -243 163597
 -243 143373
 -243 143383
 40 40
 40 131112
 40 150312
 40 150326
 245 245
 245 131317
 245 141301
 245 141251
 63 32831
 63 98367
 63 123455
 63 123443
 63 32831
 63 98367
 63 107327
 63 107280
 7 7
 7 65543
 7 94727
 7 94814
 -123 8355589
 -123 98053
 -123 83205
 -123 83289
 54 182
 54 65718
 54 69814
 54 69774
 -72 8388408
 -72 65336
 -72 56888
 -72 56936
 -53 8388427
 -53 65355
 -53 46155
 -53 46150
 -84 8388524
 -84 65452
 -84 34732
 -84 34691
 -153 8355815
 -153 32743
 -153 23783
 -153 23730
 -243 8355597
 -243 32525
 -243 14861
 -243 14859
 -79 8355633
 -79 32561
 -79 4913
 -79 4967
 -141 -141
 -141 -141
 -141 -10381
 -141 -10435
 -131 -131
 -131 -131
 -131 -30595
 -131 -30691
 -253 -32893
 -253 -32893
 -253 -49789
 -253 -49775
 -128 -33024
 -128 -33024
 -128 -63232
 -128 -63149
 -161 -161
 -161 -65697
 -161 -74401
 -161 -74468
 -42 -42
 -42 -65578
 -42 -88362
 -42 -88434
 108 -8388372
 108 -130836
 108 -107540
 108 -107549
 63 -8388545
 63 -131009
 63 -130241
 63 -130275
 -147 -19
 -147 -131091
 -147 -145939
 -147 -146003
 -126 -126
 -126 -131198
 -126 -147326
 -126 -147226
 -184 -184
 -184 -131256
 -184 -140216
 -184 -140162
 -135 -32903
 -135 -98439
 -135 -129671
 -135 -129755
 -176 -32816
 -176 -98352
 -176 -113456
 -176 -113451
 -57 -185
 -57 -65721
 -57 -93369
 -57 -93371
 11 -8355701
 11 -98165
 11 -75637
 11 -75618
 -166 -32806
 -166 -32806
 -166 -57894
 -166 -57957
 -164 -32932
 -164 -32932
 -164 -40356
 -164 -40369
 -31 -159
 -31 -159
 -31 -26527
 -31 -26560
 67 -8355773
 67 -32701
 67 -14013
 67 -14028
 73 201
 73 201
 73 4041
 73 4091
 -70 8355770
 -70 32698
 -70 32442
 -70 32398
 189 32957
 189 32957
 189 64189
 189 64254
 148 20
 148 65556
 148 88852
 148 88916
 -116 8388492
 -116 130956
 -116 105356
 -116 105428
 -135 8388601
 -135 131065
 -135 123897
 -135 123818
 -1 8355711
 -1 163711
 -1 142975
 -1 142964
 -16 8355696
 -16 163696
 -16 150384
 -16 150320
 88 216
 88 131288
 88 142040
 88 141995
 79 32975
 79 98511
 79 124111
 79 124133
 178 32946
 178 98482
 178 107442
 178 107505
 269 397
 269 65933
 269 94861
 269 94892
 96 96
 96 65632
 96 83552
 96 83535
 -85 8355755
 -85 98219
 -85 70315
 -85 70329
 -137 8388599
 -137 65527
 -137 57335
 -137 57242
 -2 8388478
 -2 65406
 -2 46462
 -2 46448
 -36 8388572
 -36 65500
 -36 35036
 -36 34981
 40 40
 40 40
 40 23848
 40 23857
 184 184
 184 184
 184 14776
 184 14796
 189 61
 189 61
 189 4925
 189 4919
 -100 -100
 -100 -100
 -100 -10084
 -100 -10031
 -68 -68
 -68 -68
 -68 -30532
 -68 -30499
 186 -8388422
 186 -65350
 186 -49478
 186 -49514
 252 -8388356
 252 -65284
 252 -62724
 252 -62811
 267 -8355573
 267 -98037
 267 -74229
 267 -74209
 330 -8355510
 330 -97974
 330 -88246
 330 -88292
 97 -8388511
 97 -130975
 97 -107167
 97 -107219
 181 -8388427
 181 -130891
 181 -130123
 181 -130153
 85 -8355755
 85 -163755
 85 -146603
 85 -146628
 157 -8355683
 157 -163683
 157 -148579
 157 -148513
 295 -8355417
 295 -163417
 295 -142169
 295 -142118
 209 -8355759
 209 -163759
 209 -132015
 209 -132075
 392 -8388344
 392 -130808
 392 -116216
 392 -116110
 421 -8355547
 421 -98011
 421 -95963
 421 -95971
 810 -8355030
 810 -97494
 810 -78294
 810 -78292
 864 -8387616
 864 -64544
 864 -60960
 864 -60954
 734 -8388002
 734 -64930
 734 -43426
 734 -43397
 814 -8354898
 814 -31826
 814 -29010
 814 -29042
 761 -8355207
 761 -32135
 761 -16519
 761 -16568
 749 749
 749 749
 749 749
 749 717
 874 1002
 874 1002
 874 28394
 874 28368
 1048 33944
 1048 33944
 1048 60056
 1048 60131
 1165 1037
 1165 66573
 1165 85261
 1165 85308
 1184 33952
 1184 99488
 1184 101792
 1184 101836
 1188 33828
 1188 99364
 1188 119588
 1188 119615
 1420 1420
 1420 132492
 1420 138380
 1420 138405
 1649 1649
 1649 132721
 1649 146545
 1649 146520
 1645 1645
 1645 132717
 1645 138861
 1645 138754
 1622 34518
 1622 100054
 1622 121046
 1622 120984
 1601 34497
 1601 100033
 1601 103617
 1601 103604
 1737 1737
 1737 67273
 1737 90313
 1737 90364
 2013 1885
 2013 67421
 2013 78685
 2013 78715
 2262 35030
 2262 35030
 2262 64982
 2262 64910
 2413 35181
 2413 35181
 2413 51309
 2413 51229
 2509 35277
 2509 35277
 2509 39629
 2509 39676
 2685 2685
 2685 2685
 2685 27773
 2685 27736
 3134 3262
 3134 3262
 3134 16062
 3134 16064
 3027 2899
 3027 2899
 3027 6227
 3027 6155
 3210 -8352758
 3210 -29686
 3210 -4086
 3210 -4026
 3813 -8352155
 3813 -29083
 3813 -19355
 3813 -19436
 3925 -8384555
 3925 -61483
 3925 -40235
 3925 -40223
 4348 -8384388
 4348 -61316
 4348 -60548
 4348 -60593
 4481 -8351359
 4481 -93823
 4481 -75391
 4481 -75292
 4950 -8350762
 4950 -93226
 4950 -87338
 4950 -87405
 5400 -8383208
 5400 -125672
 5400 -102120
 5400 -102144
 5532 -8383204
 5532 -125668
 5532 -121572
 5532 -121524
 5814 -8350154
 5814 -158154
 5814 -145354
 5814 -145338
 6333 -8349507
 6333 -157507
 6333 -163651
 6333 -163698
 6790 -8381946
 6790 -189946
 6790 -167930
 6790 -167902
 7369 -8348599
 7369 -156599
 7369 -162999
 7369 -163012
 7972 -8347740
 7972 -155740
 7972 -154460
 7972 -154377
 8553 -8347159
 8553 -155159
 8553 -139799
 8553 -139855
 9050 -8379558
 9050 -122022
 9050 -120998
 9050 -121032
 9546 -8379062
 9546 -121526
 9546 -104886
 9546 -104919
 10117 -8345851
 10117 -88315
 10117 -89851
 10117 -89783
 10809 -8344903
 10809 -87367
 10809 -74055
 10809 -74062
 11615 -8376993
 11615 -53921
 11615 -61345
 11615 -61401
 12354 -8376126
 12354 -53054
 12354 -50750
 12354 -50793
 13592 -8375016
 13592 -51944
 13592 -35816
 13592 -35736
 14219 -8341621
 14219 -18549
 14219 -11125
 14219 -11015
 14904 14904
 14904 14904
 14904 18232
 14904 18270
 15613 48381
 15613 48381
 15613 41469
 15613 41445
 16761 49529
 16761 49529
 16761 55417
 16761 55407
 18135 18007
 18135 83543
 18135 70487
 18135 70479
 18958 19086
 18958 84622
 18958 86414
 18958 86511
 20038 20166
 20038 85702
 20038 92102
 20038 92079
 21537 21537
 21537 87073
 21537 81953
 21537 82013
 22788 55684
 22788 55684
 22788 61060
 22788 61126
 24304 57072
 24304 57072
 24304 40176
 24304 40081
 25753 25625
 25753 25625
 25753 22809
 25753 22903
 27169 27297
 27169 27297
 27169 7073
 27169 7138
 28643 -8327325
 28643 -4253
 28643 -10909
 28643 -10939
 30450 -8325518
 30450 -2446
 30450 -29070
 30450 -29057
 32277 -8356203
 32277 -33131
 32277 -45163
 32277 -45146
 34181 -8387195
 34181 -64123
 34181 -62331
 34181 -62287
 36170 -8352438
 36170 -94902
 36170 -79030
 36170 -79033
 38062 -8350546
 38062 -93010
 38062 -93778
 38062 -93744
 40048 -8381328
 40048 -123792
 40048 -109456
 40048 -109516
 42704 -8378672
 42704 -121136
 42704 -130608
 42704 -130644
 45210 -8343526
 45210 -151526
 45210 -157414
 45210 -157425
 47477 -8373771
 47477 -181771
 47477 -184331
 47477 -184363
 50025 -8338455
 50025 -211991
 50025 -205847
 50025 -205851
 52676 -8336060
 52676 -209596
 52676 -225212
 52676 -225177
 55467 -8365909
 55467 -239445
 55467 -247381
 55467 -247421
 58594 -8330142
 58594 -269214
 58594 -274334
 58594 -274386
 62056 -8359320
 62056 -298392
 62056 -306072
 62056 -306069
 65386 -8323222
 65386 -327830
 65386 -333206
 65386 -333247
 68511 -8287329
 68511 -357473
 68511 -346721
 68511 -346645
 746775 -7609065
 746775 -2104041
 746775 -2121193
 746775 -2121188
 765677 -7622931
 765677 -2183443
 765677 -2191123
 765677 -2191142
 785014 -7603466
 785014 -2229514
 785014 -2258954
 785014 -2258992
 804335 -7584401
 804335 -2341521
 804335 -2327441
 804335 -2327535
 823621 -7597755
 823621 -2420411
 823621 -2396859
 823621 -2396813
 843199 -7578177
 843199 -2466369
 843199 -2464321
 843199 -2464271
 862686 -7525922
 862686 -2545186
 862686 -2531618
 862686 -2531712
 882275 -7506205
 882275 -2591005
 882275 -2603549
 882275 -2603632
 901876 -7519628
 901876 -2669964
 901876 -2681228
 901876 -2681221
 921549 -7434419
 921549 -2781363
 921549 -2759347
 921549 -2759339
 941065 -7414647
 941065 -2827127
 941065 -2832503
 941065 -2832438
 960471 -7428137
 960471 -2906153
 960471 -2902569
 960471 -2902633
 980016 -7408592
 980016 -2952144
 980016 -2974672
 980016 -2974636
 999588 -7389020
 999588 -3063644
 999588 -3050332
 999588 -3050347
 1018896 -7402480
 1018896 -3142640
 1018896 -3130352
 1018896 -3130328
 1038078 -7383426
 1038078 -3189122
 1038078 -3206530
 1038078 -3206579
 1057106 -7331374
 1057106 -3268142
 1057106 -3269166
 1057106 -3269217
 1075988 -7312492
 1075988 -3314796
 1075988 -3321452
 1075988 -3321423
 1094693 -7293787
 1094693 -3361627
 1094693 -3369051
 1094693 -3368974
 1113049 -7275687
 1113049 -3409063
 1113049 -3410599
 1113049 -3410601
 1131441 -7257295
 1131441 -3456207
 1131441 -3445711
 1131441 -3445751
 1149383 -7239353
 1149383 -3503801
 1149383 -3481273
 1149383 -3481254
 1166776 -7254600
 1166776 -3519048
 1166776 -3517256
 1166776 -3517258
 1184063 -7171777
 1184063 -3567297
 1184063 -3551681
 1184063 -3551654
 1201102 -7187634
 1201102 -3583154
 1201102 -3587762
 1201102 -3587732
 1217488 -7171248
 1217488 -3632304
 1217488 -3625648
 1217488 -3625667
 1233654 -7187722
 1233654 -3648778
 1233654 -3659274
 1233654 -3659385
 1249239 -7106729
 1249239 -3698857
 1249239 -3681961
 1249239 -3682012
 1264777 -7091191
 1264777 -3683319
 1264777 -3696631
 1264777 -3696638
 1279466 -7141910
 1279466 -3734038
 1279466 -3713814
 1279466 -3713835
 1293269 -7095339
 1293269 -3753003
 1293269 -3739179
 1293269 -3739140
 1307067 -7081669
 1307067 -3739333
 1307067 -3763397
 1307067 -3763405
 1320090 -7068646
 1320090 -3791846
 1320090 -3783910
 1320090 -3783877
 1332498 -7023342
 1332498 -3812078
 1332498 -3810798
 1332498 -3810737
 1344268 -7076980
 1344268 -3865716
 1344268 -3850868
 1344268 -3850785
 1355343 -7066033
 1355343 -3920305
 1355343 -3900849
 1355343 -3900817
 1365748 -7022988
 1365748 -3942796
 1365748 -3950220
 1365748 -3950334
 1375314 -7046062
 1375314 -3965870
 1375314 -3994286
 1375314 -3994342
 1384038 -7004570
 1384038 -4055450
 1384038 -4033690
 1384038 -4033665
 1392235 -6963605
 1392235 -4080021
 1392235 -4072341
 1392235 -4072341
 1399697 -6988911
 1399697 -4105327
 1399697 -4109679
 1399697 -4109684
 1406219 -6949621
 1406219 -4131573
 1406219 -4142069
 1406219 -4141974
 1411902 -7009474
 1411902 -4191426
 1411902 -4171970
 1411902 -4171996
 1416696 -6972040
 1416696 -4219528
 1416696 -4199560
 1416696 -4199625
 1420310 -6968170
 1420310 -4215658
 1420310 -4222314
 1420310 -4222275
 1423469 -6997779
 1423469 -4245267
 1423469 -4241939
 1423469 -4241935
 1425501 -6962979
 1425501 -4276003
 1425501 -4262947
 1425501 -4262942
 1426338 -6962270
 1426338 -4275294
 1426338 -4287070
 1426338 -4287093
 1426090 -6995286
 1426090 -4308310
 1426090 -4309334
 1426090 -4309368
 1425069 -6996307
 1425069 -4309331
 1425069 -4323411
 1425069 -4323455
 1422840 -6965768
 1422840 -4344328
 1422840 -4330760
 1422840 -4330786
 1419960 -6968776
 1419960 -4347336
 1419960 -4336840
 1419960 -4336874
 1415767 -6972713
 1415767 -4351273
 1415767 -4343593
 1415767 -4343650
 1410560 -6978048
 1410560 -4356608
 1410560 -4352768
 1410560 -4352747
 1404081 -6951887
 1404081 -4330447
 1404081 -4355791
 1404081 -4355833
 1396680 -6959160
 1396680 -4337720
 1396680 -4341816
 1396680 -4341881
 1388098 -7000382
 1388098 -4313406
 1388098 -4314174
 1388098 -4314154
 1378635 -6977077
 1378635 -4290101
 1378635 -4279093
 1378635 -4279121
 1367586 -7053662
 1367586 -4235614
 1367586 -4234846
 1367586 -4234819
 1355377 -7065871
 1355377 -4182287
 1355377 -4181263
 1355377 -4181265
 1342269 -7046211
 1342269 -4097091
 1342269 -4125763
 1342269 -4125763
 1328059 -7027781
 1328059 -4078661
 1328059 -4067909
 1328059 -4067921
 1312638 -7043202
 1312638 -4028546
 1312638 -4006018
 1312638 -4006064
 1296247 -7092361
 1296247 -3946633
 1296247 -3943561
 1296247 -3943650
 1278494 -7109986
 1278494 -3898722
 1278494 -3880546
 1278494 -3880547
 1259675 -7096165
 1259675 -3819365
 1259675 -3811173
 1259675 -3811175
 1239471 -7182033
 1239471 -3708625
 1239471 -3728849
 1239471 -3728879
 1218571 -7169909
 1218571 -3630965
 1218571 -3636597
 1218571 -3636602
 1196548 -7159164
 1196548 -3554684
 1196548 -3544444
 1196548 -3544329
 1173185 -7248191
 1173185 -3447103
 1173185 -3458111
 1173185 -3458069
 1148707 -7239773
 1148707 -3373149
 1148707 -3370077
 1148707 -3369998
 1123669 -7264939
 1123669 -3267243
 1123669 -3276203
 1123669 -3276241
 1096939 -7324565
 1096939 -3195797
 1096939 -3187093
 1096939 -3187177
 1069325 -7286515
 1069325 -3092211
 1069325 -3110131
 1069325 -3110118
 1041019 -7347461
 1041019 -3022085
 1041019 -3042309
 1041019 -3042363
 1011579 -7344261
 1011579 -2953349
 1011579 -2973061
 1011579 -2973166
 981026 -7407582
 981026 -2885598
 981026 -2897886
 981026 -2897802
 949382 -7439226
 949382 -2786170
 949382 -2817402
 949382 -2817329
 917296 -7503952
 917296 -2719824
 917296 -2735696
 917296 -2735715
 884232 -7471480
 884232 -2621816
 884232 -2651512
 884232 -2651511
 850231 -7538249
 850231 -2557513
 850231 -2562633
 850231 -2562650
 814940 -7573540
 814940 -2461732
 814940 -2471204
 814940 -2471265
 779127 -7609353
 779127 -2366473
 779127 -2377481
 779127 -2377591
 742482 -7645998
 742482 -2272046
 742482 -2279470
 742482 -2279431
 705216 -7683392
 705216 -2178368
 705216 -2178368
 705216 -2178426
 667230 -7721378
 667230 -2085282
 667230 -2079138
 667230 -2079171
 628416 -7760320
 628416 -1993152
 628416 -1983424
 628416 -1983449
 589103 -7832145
 589103 -1868369
 589103 -1887313
 589103 -1887335
 549125 -7806587
 549125 -1777275
 549125 -1784443
 549125 -1784387
 508747 -7912629
 508747 -1686709
 508747 -1675445
 508747 -1675494
 467514 -7921094
 467514 -1564102
 467514 -1566662
 467514 -1566706
 425849 -7929863
 425849 -1441799
 425849 -1459719
 425849 -1459741
 383700 -8037676
 383700 -1353004
 383700 -1356844
 383700 -1356837
 341237 -8014731
 341237 -1264523
 341237 -1250443
 341237 -1250553
 298418 -8090318
 298418 -1143502
 298418 -1129934
 298418 -1129915
 255367 -8133369
 255367 -989945
 255367 -997113
 255367 -997094
 211571 -8144269
 211571 -869773
 211571 -858765
 211571 -858858
 167971 -8253277
 167971 -716637
 167971 -714589
 167971 -714622
 124035 -8297341
 124035 -564093
 124035 -563581
 124035 -563548
 79751 -8276089
 79751 -411769
 79751 -412793
 79751 -412680
 35525 -8353211
 35525 -292283
 35525 -262843
 35525 -262805
 -8753 -41649
 -8753 -107185
 -8753 -111537
 -8753 -111513
 -53185 8368319
 -53185 45247
 -53185 37311
 -53185 37373
 -97371 8291237
 -97371 164773
 -97371 183205
 -97371 183220
 -141267 8214573
 -141267 350253
 -141267 330797
 -141267 330774
 -185099 8203509
 -185099 470261
 -185099 487157
 -185099 487136
 -228361 8160247
 -228361 623607
 -228361 649463
 -228361 649443
 -271526 8084314
 -271526 809818
 -271526 807770
 -271526 807726
 -314431 8106945
 -314431 963521
 -314431 955329
 -314431 955299
 -356639 8031969
 -356639 1085153
 -356639 1099489
 -356639 1099491
 -398765 7989971
 -398765 1239763
 -398765 1243603
 -398765 1243537
 -440035 7948701
 -440035 1395101
 -440035 1377949
 -440035 1378019
 -481080 7907400
 -481080 1484872
 -481080 1498696
 -481080 1498641
 -521526 7899722
 -521526 1608266
 -521526 1605706
 -521526 1605736
 -561417 7827063
 -561417 1732215
 -561417 1708663
 -561417 1708669
 -600621 7787859
 -600621 1824083
 -600621 1813075
 -600621 1813113
 -639360 7749248
 -639360 1916544
 -639360 1918336
 -639360 1918443
 -677458 7711150
 -677458 2009518
 -677458 2020526
 -677458 2020546
 -714816 7673792
 -714816 2103232
 -714816 2120128
 -714816 2120187
 -751346 7637390
 -751346 2197902
 -751346 2219918
 -751346 2219912
 -787008 7568704
 -787008 2325824
 -787008 2317376
 -787008 2317426
 -822341 7599035
 -822341 2421691
 -822341 2411963
 -822341 2412020
 -856415 7499297
 -856415 2518561
 -856415 2505505
 -856415 2505502
 -889668 7531708
 -889668 2616508
 -889668 2597308
 -889668 2597340
 -922554 7466054
 -922554 2681926
 -922554 2683462
 -922554 2683516
 -954099 7434509
 -954099 2781453
 -954099 2761485
 -954099 2761538
 -984993 7370847
 -984993 2848863
 -984993 2835295
 -984993 2835251
 -1014532 7341308
 -1014532 2884860
 -1014532 2910460
 -1014532 2910453
 -1043258 7378118
 -1043258 2987206
 -1043258 2987462
 -1043258 2987417
 -1071283 7317325
 -1071283 3057485
 -1071283 3060045
 -1071283 3059985
 -1097987 7323261
 -1097987 3128957
 -1097987 3126141
 -1097987 3126102
 -1123887 7264721
 -1123887 3201489
 -1123887 3184081
 -1123887 3184053
 -1148869 7239867
 -1148869 3242171
 -1148869 3239867
 -1148869 3239935
 -1172524 7215956
 -1172524 3283796
 -1172524 3305044
 -1172524 3305082
 -1195022 7193586
 -1195022 3392498
 -1195022 3378674
 -1195022 3378600
 -1216520 7204856
 -1216520 3469304
 -1216520 3453688
 -1216520 3453640
 -1237049 7184327
 -1237049 3514311
 -1237049 3530695
 -1237049 3530656
 -1256463 7099249
 -1256463 3625841
 -1256463 3610225
 -1256463 3610230
 -1274771 7081069
 -1274771 3673197
 -1274771 3686509
 -1274771 3686441
 -1292143 7096337
 -1292143 3754001
 -1292143 3757329
 -1292143 3757420
 -1308103 7080633
 -1308103 3803833
 -1308103 3825849
 -1308103 3825839
 -1322981 7032859
 -1322981 3887131
 -1322981 3888667
 -1322981 3888744
 -1336673 7019167
 -1336673 3938975
 -1336673 3945119
 -1336673 3945187
 -1349382 7039098
 -1349382 4024442
 -1349382 4000378
 -1349382 4000272
 -1361063 7060313
 -1361063 4045657
 -1361063 4061017
 -1361063 4061030
 -1371557 7049819
 -1371557 4100699
 -1371557 4126299
 -1371557 4126316
 -1380750 7007858
 -1380750 4189810
 -1380750 4185458
 -1380750 4185448
 -1389138 6999470
 -1389138 4246958
 -1389138 4232110
 -1389138 4232155
 -1396454 6959514
 -1396454 4272538
 -1396454 4273306
 -1396454 4273348
 -1402424 6986056
 -1402424 4299080
 -1402424 4313928
 -1402424 4313881
 -1407594 6948246
 -1407594 4326806
 -1407594 4344726
 -1407594 4344790
 -1411496 6977112
 -1411496 4355672
 -1411496 4357720
 -1411496 4357665
 -1414452 6974156
 -1414452 4352716
 -1414452 4354252
 -1414452 4354237
 -1416622 6972114
 -1416622 4350674
 -1416622 4344530
 -1416622 4344570
 -1417544 6970936
 -1417544 4349496
 -1417544 4335416
 -1417544 4335416
 -1417078 6971530
 -1417078 4350090
 -1417078 4326026
 -1417078 4326097
 -1416262 7005114
 -1416262 4318138
 -1416262 4312250
 -1416262 4312251
 -1414225 7007023
 -1414225 4320047
 -1414225 4294447
 -1414225 4294434
 -1411488 6977120
 -1411488 4290144
 -1411488 4276064
 -1411488 4276060
 -1407445 6981163
 -1407445 4228651
 -1407445 4255275
 -1407445 4255234
 -1402687 6985793
 -1402687 4233281
 -1402687 4231233
 -1402687 4231283
 -1397087 6958753
 -1397087 4206241
 -1397087 4206497
 -1397087 4206472
 -1390554 6998182
 -1390554 4180134
 -1390554 4179622
 -1390554 4179628
 -1383166 6972674
 -1383166 4154626
 -1383166 4146690
 -1383166 4146768
 -1375037 7046339
 -1375037 4097219
 -1375037 4105667
 -1375037 4105602
 -1366194 7055182
 -1366194 4040526
 -1366194 4059982
 -1366194 4059997
 -1356537 7032071
 -1356537 4017415
 -1356537 4016647
 -1356537 4016733
 -1345995 7075509
 -1345995 3995317
 -1345995 3975861
 -1345995 3975824
 -1334962 7053646
 -1334962 3907918
 -1334962 3931214
 -1334962 3931203
 -1323258 7032710
 -1323258 3886982
 -1323258 3881350
 -1323258 3881360
 -1310957 7044883
 -1310957 3833619
 -1310957 3824147
 -1310957 3824249
 -1298054 7090554
 -1298054 3748218
 -1298054 3765882
 -1298054 3765760
 -1284483 7137021
 -1284483 3729149
 -1284483 3718141
 -1284483 3718084
 -1270181 7085787
 -1270181 3677915
 -1270181 3680731
 -1270181 3680645
 -1255531 7133077
 -1255531 3659669
 -1255531 3646357
 -1255531 3646443
 -1240517 7148091
 -1240517 3609147
 -1240517 3615291
 -1240517 3615294
 -1224873 7196503
 -1224873 3592023
 -1224873 3589207
 -1224873 3589158
 -1208624 7147088
 -1208624 3542608
 -1208624 3561808
 -1208624 3561800
 -1192418 7196190
 -1192418 3526174
 -1192418 3530782
 -1192418 3530853
 -1175755 7212853
 -1175755 3477301
 -1175755 3499829
 -1175755 3499884
 -1158757 7262491
 -1158757 3461403
 -1158757 3465755
 -1158757 3465847
 -1141160 7214808
 -1141160 3413720
 -1141160 3427544
 -1141160 3427560
 -1123447 7265161
 -1123447 3398537
 -1123447 3389833
 -1123447 3389919
 -1105426 7283182
 -1105426 3351022
 -1105426 3359982
 -1105426 3359912
 -1087193 7334183
 -1087193 3336487
 -1087193 3337511
 -1087193 3337535
 -1068796 7319940
 -1068796 3322244
 -1068796 3312772
 -1068796 3312790
 -1049857 7305855
 -1049857 3308159
 -1049857 3278463
 -1049857 3278444
 -1030977 7357503
 -1030977 3228735
 -1030977 3240255
 -1030977 3240305
 -1012271 7376209
 -1012271 3181905
 -1012271 3204177
 -1012271 3204147
 -993146 7362694
 -993146 3168390
 -993146 3161990
 -993146 3162053
 -973870 7414610
 -973870 3089234
 -973870 3105362
 -973870 3105363
 -954817 7433919
 -954817 3043007
 -954817 3034559
 -954817 3034610
 -935531 7420181
 -935531 2963733
 -935531 2959637
 -935531 2959660
 -915982 7472498
 -915982 2884978
 -915982 2887282
 -915982 2887286
 -896545 7524703
 -896545 2806111
 -896545 2817631
 -896545 2817652
 -877391 7511217
 -877391 2727089
 -877391 2746801
 -877391 2746800
 -858134 7530474
 -858134 2680810
 -858134 2674666
 -858134 2674597
 -838663 7582713
 -838663 2601977
 -838663 2604793
 -838663 2604755
 -819501 7601747
 -819501 2555475
 -819501 2535507
 -819501 2535496
 -800503 7588233
 -800503 2476425
 -800503 2465929
 -800503 2465935
 -781427 7639821
 -781427 2396941
 -781427 2398221
 -781427 2398243
 -762393 7658855
 -762393 2350439
 -762393 2332007
 -762393 2331952
 -743478 7645002
 -743478 2271050
 -743478 2263114
 -743478 2263052
 -724874 7630966
 -724874 2191478
 -724874 2188406
 -724874 2188319
 -706418 7682062
 -706418 2111502
 -706418 2111758
 -706418 2111863
 -688054 7667914
 -688054 2031818
 -688054 2040010
 -688054 2039938
 -669979 7685861
 -669979 1984229
 -669979 1973477
 -669979 1973477
 -652018 7736718
 -652018 1904014
 -652018 1906574
 -652018 1906609
 -634357 7754251
 -634357 1856011
 -634357 1836811
 -634357 1836817
 -616751 7771729
 -616751 1742417
 -616751 1762385
 -616751 1762390
 -599223 7789513
 -599223 1694665
 -599223 1688521
 -599223 1688571
 -582277 7839227
 -582277 1613307
 -582277 1627387
 -582277 1627288
 -565408 7823328
 -565408 1597408
 -565408 1578976
 -565408 1578902
 -548860 7807108
 -548860 1515652
 -548860 1536900
 -548860 1536927
 -532696 7856040
 -532696 1499048
 -532696 1500584
 -532696 1500553
 -516489 7872247
 -516489 1449719
 -516489 1471223
 -516489 1471231
 -500768 7887712
 -500768 1465184
 -500768 1443168
 -500768 1443089
 -485294 7903314
 -485294 1415250
 -485294 1413458
 -485294 1413436
 -470109 7885731
 -470109 1397667
 -470109 1385891
 -470109 1385884
 -455226 7966022
 -455226 1346886
 -455226 1357126
 -455226 1357116
 -440596 7948012
 -440596 1328876
 -440596 1325804
 -440596 1325780
 -426273 7994975
 -426273 1310303
 -426273 1296223
 -426273 1296140
 -412308 7943532
 -412308 1258860
 -412308 1276524
 -412308 1276475
 -398600 7957240
 -398600 1272568
 -398600 1266424
 -398600 1266323
 -385128 8003480
 -385128 1253272
 -385128 1255832
 -385128 1255857
 -372002 8049374
 -372002 1233630
 -372002 1235166
 -372002 1235195
 -359197 8029411
 -359197 1213667
 -359197 1213923
 -359197 1213888
 -346406 8009434
 -346406 1193690
 -346406 1197786
 -346406 1197715
 -334179 8054429
 -334179 1173149
 -334179 1175965
 -334179 1175953
 -322411 8066069
 -322411 1119253
 -322411 1139989
 -322411 1140017
 -310891 8110357
 -310891 1098005
 -310891 1090581
 -310891 1090637
 -299489 8121887
 -299489 1043999
 -299489 1038367
 -299489 1038389
 -288515 8067325
 -288515 989437
 -288515 989949
 -288515 989838
 -277786 8078054
 -277786 934630
 -277786 945638
 -277786 945649
 -267349 8121131
 -267349 912171
 -267349 901419
 -267349 901412
 -257226 8131510
 -257226 857014
 -257226 856502
 -257226 856488
 -247487 8141249
 -247487 801217
 -247487 814529
 -247487 814500
 -237818 8183558
 -237818 777990
 -237818 773894
 -237818 773986
 -228260 8127580
 -228260 722012
 -228260 733788
 -228260 733715
 -219241 8169367
 -219241 698263
 -219241 696215
 -219241 696195
 -210864 8144976
 -210864 673872
 -210864 660304
 -210864 660311
 -202488 8153480
 -202488 616840
 -202488 622216
 -202488 622297
 -194083 8227165
 -194083 559453
 -194083 579165
 -194083 579160
 -186265 8202343
 -186265 534631
 -186265 533863
 -186265 533791
 -178422 8242954
 -178422 509706
 -178422 493322
 -178422 493323
 -170850 8250526
 -170850 451742
 -170850 458654
 -170850 458640
 -163898 8224710
 -163898 425926
 -163898 423878
 -163898 423916
 -156897 8231711
 -156897 367391
 -156897 386847
 -156897 386868
 -150281 8205431
 -150281 341111
 -150281 344951
 -150281 344922
 -143650 8244958
 -143650 315102
 -143650 303070
 -143650 303072
 -137404 8218436
 -137404 288580
 -137404 273732
 -137404 273780
 -131423 8257057
 -131423 261665
 -131423 258081
 -131423 258050
 -125460 8295788
 -125460 234860
 -125460 248428
 -125460 248437
 -119903 8301345
 -119903 240417
 -119903 243489
 -119903 243542
 -114802 8306574
 -114802 245646
 -114802 246158
 -114802 246241
 -109610 8311638
 -109610 250710
 -109610 250198
 -109610 250185
 -104373 8317003
 -104373 256075
 -104373 252235
 -104373 252206
 -99613 8321763
 -99613 260835
 -99613 255971
 -99613 255918
 -95172 8293436
 -95172 232508
 -95172 258364
 -95172 258422
 -90637 8297843
 -90637 236915
 -90637 257907
 -90637 257893
 -86444 8302164
 -86444 241236
 -86444 258644
 -86444 258654
 -82229 8273483
 -82229 278091
 -82229 268875
 -82229 268848
 -78326 8277514
 -78326 282122
 -78326 288266
 -78326 288288
 -74598 8314010
 -74598 318618
 -74598 307610
 -74598 307607
 -71191 8317417
 -71191 322025
 -71191 318185
 -71191 318138
 -67718 8320890
 -67718 325498
 -67718 324730
 -67718 324639
 -64228 8324380
 -64228 328988
 -64228 334620
 -64228 334678
 -61283 8327325
 -61283 331933
 -61283 340125
 -61283 340215
 -58201 8330279
 -58201 334887
 -58201 332071
 -58201 332144
 -55233 8366271
 -55233 305343
 -55233 309951
 -55233 309972
 -52491 8336117
 -52491 275189
 -52491 282869
 -52491 282878
 -49917 8371587
 -49917 245123
 -49917 259203
 -49917 259306
 -47389 8373859
 -47389 247395
 -47389 239715
 -47389 239624
 -44901 8343707
 -44901 217243
 -44901 219803
 -44901 219818
 -42472 8346264
 -42472 219800
 -42472 198808
 -42472 198833
 -40136 8381368
 -40136 189368
 -40136 180152
 -40136 180182
 -38171 8350437
 -38171 158437
 -38171 162277
 -38171 162279
 -35921 8352687
 -35921 160687
 -35921 144047
 -35921 144024
 -34065 8387183
 -34065 129647
 -34065 127855
 -34065 127749
 -32453 8356155
 -32453 98619
 -32453 112955
 -32453 112965
 -30835 8325005
 -30835 67469
 -30835 96141
 -30835 96146
 -29283 8326429
 -29283 68893
 -29283 72989
 -29283 72993
 -27485 8360995
 -27485 37923
 -27485 47139
 -27485 47202
 -26052 8329788
 -26052 6716
 -26052 25148
 -26052 25193
 -24824 8331144
 -24824 8072
 -24824 8840
 -24824 8950
 -23373 -23373
 -23373 -23373
 -23373 -7757
 -23373 -7784
 -21991 -21863
 -21991 -21863
 -21991 -27751
 -21991 -27758
 -20957 -53725
 -20957 -53725
 -20957 -52957
 -20957 -52883
 -19717 -19845
 -19717 -85381
 -19717 -78981
 -19717 -79014
 -18533 -18533
 -18533 -84069
 -18533 -93541
 -18533 -93456
 -17592 -17592
 -17592 -83128
 -17592 -94392
 -17592 -94439
 -16623 -16623
 -16623 -82159
 -16623 -89839
 -16623 -89754
 -15816 -15816
 -15816 -81352
 -15816 -80328
 -15816 -80267
 -14829 -47469
 -14829 -47469
 -14829 -63853
 -14829 -63793
 -13967 -46735
 -13967 -46735
 -13967 -46223
 -13967 -46266
 -13203 -13075
 -13203 -13075
 -13203 -31251
 -13203 -31242
 -12373 -12373
 -12373 -12373
 -12373 -15445
 -12373 -15368
 -11574 -11574
 -11574 -11574
 -11574 -310
 -11574 -302
 -10823 8344889
 -10823 21817
 -10823 11321
 -10823 11303
 -10266 8345574
 -10266 22502
 -10266 23014
 -10266 23029
 -9807 8378801
 -9807 55729
 -9807 43185
 -9807 43182
 -9241 8346599
 -9241 89063
 -9241 72679
 -9241 72623
 -8651 8379957
 -8651 122421
 -8651 102197
 -8651 102194
 -8289 8380191
 -8289 122655
 -8289 122911
 -8289 122953
 -7878 8347962
 -7878 155962
 -7878 138810
 -7878 138847
 -7226 8348614
 -7226 156614
 -7226 157894
 -7226 157936
 -6844 8381764
 -6844 189764
 -6844 173124
 -6844 173095
 -6397 8382211
 -6397 190211
 -6397 173571
 -6397 173568
 -5926 8349914
 -5926 157914
 -5926 159194
 -5926 159138
 -5565 8350275
 -5565 158275
 -5565 139587
 -5565 139532
 -5270 8383466
 -5270 125930
 -5270 123114
 -5270 123039
 -4924 8383684
 -4924 126148
 -4924 110276
 -4924 110259
 -4620 8351220
 -4620 93684
 -4620 97268
 -4620 97189
 -4393 8351319
 -4393 93783
 -4393 82007
 -4393 81942
 -4270 8351698
 -4270 94162
 -4270 68562
 -4270 68578
 -3989 8384619
 -3989 61547
 -3989 56171
 -3989 56084
 -3723 8384885
 -3723 61813
 -3723 43125
 -3723 43082
 -3267 8352573
 -3267 29501
 -3267 32317
 -3267 32259
 -3049 8352791
 -3049 29719
 -3049 22807
 -3049 22845
 -2892 8352820
 -2892 29748
 -2892 10804
 -2892 10782
 -2925 -2925
 -2925 -2925
 -2925 -7789
 -2925 -7709
 -2444 -2316
 -2444 -2316
 -2444 -29452
 -2444 -29465
 -2198 -34838
 -2198 -34838
 -2198 -47894
 -2198 -47877
 -2517 -35157
 -2517 -35157
 -2517 -60757
 -2517 -60764
 -2084 -2212
 -2084 -67748
 -2084 -73636
 -2084 -73607
 -1806 -1934
 -1806 -67470
 -1806 -89486
 -1806 -89574
 -1884 -34780
 -1884 -100316
 -1884 -111068
 -1884 -111036
 -1710 -1582
 -1710 -132654
 -1710 -134702
 -1710 -134724
 -1823 -1951
 -1823 -133023
 -1823 -147359
 -1823 -147378
 -1790 -1662
 -1790 -132734
 -1790 -146046
 -1790 -145970
 -1863 -1991
 -1863 -133063
 -1863 -138695
 -1863 -138678
 -1565 -34461
 -1565 -99997
 -1565 -126621
 -1565 -126662
 -1562 -34458
 -1562 -99994
 -1562 -107674
 -1562 -107774
 -1587 -1715
 -1587 -67251
 -1587 -87219
 -1587 -87205
 -1296 -1296
 -1296 -66832
 -1296 -69904
 -1296 -69929
 -1213 -33981
 -1213 -33981
 -1213 -51901
 -1213 -51858
 -1204 -33844
 -1204 -33844
 -1204 -34612
 -1204 -34564
 -1171 -1043
 -1171 -1043
 -1171 -21011
 -1171 -21021
 -1046 -1174
 -1046 -1174
 -1046 -7318
 -1046 -7405
 -906 8354934
 -906 31862
 -906 14454
 -906 14429
 -867 8387741
 -867 64669
 -867 45981
 -867 46070
 -1028 8354684
 -1028 97148
 -1028 78204
 -1028 78119
 -671 8387937
 -671 130401
 -671 100961
 -671 100902
 -681 8387927
 -681 130391
 -681 118103
 -681 118028
 -499 8355469
 -499 163469
 -499 138125
 -499 138176
 -451 8355517
 -451 163517
 -451 155069
 -451 155033
 -461 8355379
 -461 163379
 -461 158003
 -461 158067
 -447 8355521
 -447 163521
 -447 145345
 -447 145341
 -689 8387919
 -689 130383
 -689 126543
 -689 126544
 -515 8388093
 -515 130557
 -515 110589
 -515 110526
 -373 8355339
 -373 97803
 -373 98059
 -373 98150
 -379 8355461
 -379 97925
 -379 85381
 -379 85482
 -306 8355534
 -306 97998
 -306 71118
 -306 71064
 -440 8388168
 -440 65096
 -440 58440
 -440 58456
 -684 8387924
 -684 64852
 -684 47188
 -684 47106
 -468 8388268
 -468 65196
 -468 34732
 -468 34758
 -230 8355610
 -230 32538
 -230 24090
 -230 24171
 -195 8355773
 -195 32701
 -195 15037
 -195 15010
 -467 8355501
 -467 32429
 -467 3501
 -467 3460
 -475 -475
 -475 -475
 -475 -14299
 -475 -14317
 -452 -33220
 -452 -33220
 -452 -35780
 -452 -35813
 -708 -33348
 -708 -33348
 -708 -54340
 -708 -54388
 -521 -521
 -521 -66057
 -521 -67081
 -521 -67134
 -306 -434
 -306 -65970
 -306 -79538
 -306 -79599
 -205 -205
 -205 -65741
 -205 -95437
 -205 -95427
 -342 -33110
 -342 -98646
 -342 -116822
 -342 -116798
 -569 -697
 -569 -131769
 -569 -140473
 -569 -140482
 -416 -416
 -416 -131488
 -416 -154016
 -416 -154012
 -238 -110
 -238 -131182
 -238 -152942
 -238 -152948
 -182 -54
 -182 -131126
 -182 -145206
 -182 -145176
 -320 -320
 -320 -131392
 -320 -133184
 -320 -133155
 -307 -33075
 -307 -98611
 -307 -114227
 -307 -114228
 -293 -293
 -293 -65829
 -293 -92965
 -293 -93056
 -145 -17
 -145 -65553
 -145 -75281
 -145 -75316
 -101 -32869
 -101 -32869
 -101 -56677
 -101 -56594
 -213 -32853
 -213 -32853
 -213 -38485
 -213 -38528
 -398 -398
 -398 -398
 -398 -24206
 -398 -24253
 -447 -319
 -447 -319
 -447 -10303
 -447 -10332
 -112 8355600
 -112 32528
 -112 11024
 -112 11094
 -135 8388473
 -135 65401
 -135 42873
 -135 42824
 -159 8355681
 -159 98145
 -159 75873
 -159 75859
 -196 8388412
 -196 130876
 -196 99644
 -196 99676
 -140 8388596
 -140 131060
 -140 117236
 -140 117159
 -241 8355727
 -241 163727
 -241 137871
 -241 137881
 -229 8355739
 -229 163739
 -229 155803
 -229 155876
 -270 8355570
 -270 163570
 -270 159474
 -270 159407
 -362 8355350
 -362 163350
 -362 146710
 -362 146764
 -324 8388156
 -324 130620
 -324 128060
 -324 128088
 -203 8388405
 -203 130869
 -203 111669
 -203 111624
 -209 8388399
 -209 130863
 -209 98863
 -209 98862
 -155 8355813
 -155 98277
 -155 86501
 -155 86447
 -198 8355642
 -198 98106
 -198 71994
 -198 71996
 -125 8388483
 -125 65411
 -125 58755
 -125 58818
 -109 8388371
 -109 65299
 -109 47379
 -109 47419
 -80 8388528
 -80 65456
 -80 34992
 -80 34959
 43 43
 43 43
 43 24363
 43 24325
 -220 8355748
 -220 32676
 -220 15012
 -220 15043
 -431 8355537
 -431 32465
 -431 3537
 -431 3576
 -229 -229
 -229 -229
 -229 -14309
 -229 -14213
 -125 -33021
 -125 -33021
 -125 -36093
 -125 -36058
 -93 -32861
 -93 -32861
 -93 -55133
 -93 -55140
 -112 -240
 -112 -65776
 -112 -68080
 -112 -68058
 -126 -254
 -126 -65790
 -126 -80382
 -126 -80339
 -15 -15
 -15 -65551
 -15 -96015
 -15 -96088
 -75 -32843
 -75 -98379
 -75 -117579
 -75 -117524
 -131 -131
 -131 -131203
 -131 -142211
 -131 -142234
 -69 -69
 -69 -131141
 -69 -156997
 -69 -157021
 -6 -6
 -6 -131078
 -6 -156422
 -6 -156446
 -103 -103
 -103 -131175
 -103 -148327
 -103 -148322
 -82 -210
 -82 -131282
 -82 -136402
 -82 -136330
 -402 -33042
 -402 -98578
 -402 -117522
 -402 -117582
 -352 -480
 -352 -66016
 -352 -96224
 -352 -96142
 -132 -4
 -132 -65540
 -132 -77572
 -132 -77641
 -38 -32934
 -38 -32934
 -38 -58534
 -38 -58516
 -5 -32773
 -5 -32773
 -5 -40197
 -5 -40305
 -134 -6
 -134 -6
 -134 -25606
 -134 -25706
 3 -8355837
 3 -32765
 3 -11517
 3 -11519
 -108 8355732
 -108 32660
 -108 9876
 -108 9901
 -96 8388512
 -96 65440
 -96 41888
 -96 41927
 -87 8355625
 -87 98089
 -87 75561
 -87 75535
 -165 8388443
 -165 130907
 -165 100187
 -165 100171
 -334 8388274
 -334 130738
 -334 117682
 -334 117755
 1 129
 1 131201
 1 138625
 1 138750
 82 82
 82 131154
 82 158034
 82 157979
 -102 8355738
 -102 163738
 -102 162458
 -102 162528
 -102 8355610
 -102 163610
 -102 150554
 -102 150551
 -123 8355717
 -123 163717
 -123 131205
 -123 131291
 -120 8388488
 -120 130952
 -120 113800
 -120 113806
 -143 8388465
 -143 130929
 -143 100721
 -143 100665
 -157 8355683
 -157 98147
 -157 87907
 -157 87888
 -112 8355600
 -112 98064
 -112 73488
 -112 73537
 -222 8388514
 -222 65442
 -222 60322
 -222 60332
 -283 8388325
 -283 65253
 -283 48869
 -283 48780
 -271 8388209
 -271 65137
 -271 36209
 -271 36160
 -39 8355673
 -39 32601
 -39 24921
 -39 24877
 -115 8355725
 -115 32653
 -115 15501
 -115 15496
 -253 8355715
 -253 32643
 -253 4227
 -253 4260
 -291 -291
 -291 -291
 -291 -13347
 -291 -13403
 -392 -33160
 -392 -33160
 -392 -35208
 -392 -35266
 -439 -33079
 -439 -33079
 -439 -54839
 -439 -54893
 -174 -46
 -174 -65582
 -174 -68142
 -174 -68157
 -177 -177
 -177 -65713
 -177 -80817
 -177 -80884
 -303 -431
 -303 -65967
 -303 -96687
 -303 -96657
 -410 -33050
 -410 -98586
 -410 -118042
 -410 -118055
 -333 -333
 -333 -131405
 -333 -143181
 -333 -143169
 -59 -59
 -59 -131131
 -59 -159035
 -59 -158995
 -14 -14
 -14 -131086
 -14 -158734
 -14 -158800
 -139 -139
 -139 -131211
 -139 -150923
 -139 -150966
 -103 -231
 -103 -131303
 -103 -139495
 -103 -139442
 -94 -32862
 -94 -98398
 -94 -120926
 -94 -120859
 -109 -33005
 -109 -98541
 -109 -99053
 -109 -99050
 -86 -86
 -86 -65622
 -86 -80214
 -86 -80249
 -249 -32889
 -249 -32889
 -249 -61049
 -249 -61011
 -169 -32937
 -169 -32937
 -169 -41897
 -169 -41942
 10 -8355830
 10 -32758
 10 -26614
 10 -26579
 -184 -184
 -184 -184
 -184 -12216
 -184 -12273
 -255 8355713
 -255 32641
 -255 8833
 -255 8932
 -89 8388519
 -89 65447
 -89 41127
 -89 41156
 -60 8355780
 -60 98244
 -60 75204
 -60 75189
 -230 8388506
 -230 130970
 -230 101018
 -230 100994
 -329 8388151
 -329 130615
 -329 119095
 -329 119145
 -236 8355732
 -236 163732
 -236 140180
 -236 140190
 -182 8355658
 -182 163658
 -182 159562
 -182 159575
 -182 8388426
 -182 196426
 -182 164938
 -182 164958
 -302 8355410
 -302 163410
 -302 153170
 -302 153207
 -358 8355482
 -358 163482
 -358 133530
 -358 133522
 -295 8388313
 -295 130777
 -295 115673
 -295 115641
 -159 8388577
 -159 131041
 -159 102369
 -159 102276
 -248 8355720
 -248 98184
 -248 89736
 -248 89806
 18 146
 18 65682
 18 74898
 18 74940
 -22 8388458
 -22 65386
 -22 61034
 -22 61039
 -125 8388355
 -125 65283
 -125 49411
 -125 49528
 -379 8388101
 -379 65029
 -379 36869
 -379 36869
 -245 8355595
 -245 32523
 -245 25099
 -245 25190
 -204 8355764
 -204 32692
 -204 16052
 -204 16056
 -130 8355838
 -130 32766
 -130 4862
 -130 4793
 -300 -428
 -300 -428
 -300 -12716
 -300 -12680
 -250 -33018
 -250 -33018
 -250 -34554
 -250 -34530
 -197 -32837
 -197 -32837
 -197 -54853
 -197 -54891
 -166 -166
 -166 -65702
 -166 -68774
 -166 -68843
 -205 -77
 -205 -65613
 -205 -81485
 -205 -81439
 -256 -128
 -256 -65664
 -256 -97152
 -256 -97102
 -21 -32789
 -21 -98325
 -21 -118549
 -21 -118650
 -4 -132
 -4 -131204
 -4 -144516
 -4 -144573
 -32 -160
 -32 -131232
 -32 -161184
 -32 -161257
 -222 -222
 -222 -131294
 -222 -162270
 -222 -162181
 -340 -340
 -340 -131412
 -340 -154452
 -340 -154456
 -204 -204
 -204 -131276
 -204 -142540
 -204 -142563
 -70 -32838
 -70 -98374
 -70 -123974
 -70 -123906
 -22 -32918
 -22 -98454
 -22 -101782
 -22 -101880
 -112 -240
 -112 -65776
 -112 -82416
 -112 -82335
 51 -8388557
 51 -65485
 51 -62669
 51 -62620
 -117 -32885
 -117 -32885
 -117 -43381
 -117 -43288
 13 -8355699
 13 -32627
 13 -27763
 13 -27659
 45 -8355795
 45 -32723
 45 -13523
 45 -13446
 -223 8355617
 -223 32545
 -223 7201
 -223 7265
 -161 8388447
 -161 65375
 -161 39519
 -161 39550
 -91 8355749
 -91 98213
 -91 74661
 -91 74642
 -19 8388461
 -19 130925
 -19 101485
 -19 101461
 -167 8388441
 -167 130905
 -167 119897
 -167 119871
 -135 8355833
 -135 163833
 -135 141049
 -135 140952
 -17 8355695
 -17 163695
 -17 161135
 -17 161127
 -207 8388401
 -207 196401
 -207 167729
 -207 167697
 26 154
 26 131226
 26 156314
 26 156397
 67 67
 67 131139
 67 136259
 67 136310
 -188 8388548
 -188 131012
 -188 117956
 -188 117949
 -43 8388437
 -43 130901
 -43 104277
 -43 104202
 34 34
 34 65570
 34 91426
 34 91425
 91 91
 91 65627
 91 76379
 91 76351
 -242 8388366
 -242 65294
 -242 62222
 -242 62324
 -359 8388249
 -359 65177
 -359 50585
 -359 50597
 -57 8388423
 -57 65351
 -57 37959
 -57 37948
 -42 8355670
 -42 32598
 -42 26198
 -42 26203
 -106 8355606
 -106 32534
 -106 16406
 -106 16503
 -112 8355728
 -112 32656
 -112 5264
 -112 5341
 -97 -225
 -97 -225
 -97 -12001
 -97 -11916
 -203 -32843
 -203 -32843
 -203 -34123
 -203 -34052
 -423 -33063
 -423 -33063
 -423 -55079
 -423 -55064
 -338 -338
 -338 -65874
 -338 -69458
 -338 -69392
 -248 -248
 -248 -65784
 -248 -81656
 -248 -81656
 -163 -35
 -163 -65571
 -163 -97315
 -163 -97318
 -306 -33074
 -306 -98610
 -306 -118834
 -306 -118797
 -204 -204
 -204 -131276
 -204 -144844
 -204 -144800
 -174 -46
 -174 -131118
 -174 -162862
 -174 -162886
 -115 -33011
 -115 -164083
 -115 -164595
 -115 -164543
 70 -8355642
 70 -163642
 70 -156986
 70 -157013
 42 -8355670
 42 -163670
 42 -145494
 42 -145500
 -193 -32833
 -193 -98369
 -193 -126785
 -193 -126777
 -283 -33051
 -283 -98587
 -283 -103963
 -283 -104041
 -252 -124
 -252 -65660
 -252 -84348
 -252 -84336
 106 -8388374
 106 -65302
 106 -64534
 106 -64530
 82 -8388526
 82 -65454
 82 -44718
 82 -44707
 -48 -176
 -48 -176
 -48 -28592
 -48 -28589
 -65 -65
 -65 -65
 -65 -14401
 -65 -14428
 16 16
 16 16
 16 6160
 16 6206
 -204 8388532
 -204 65460
 -204 38324
 -204 38276
 -240 8355600
 -240 98064
 -240 74000
 -240 74045
 -236 8388500
 -236 130964
 -236 101780
 -236 101869
 -159 8388449
 -159 130913
 -159 120673
 -159 120628
 -73 8355767
 -73 163767
 -73 141495
 -73 141492
 -85 8355627
 -85 163627
 -85 162347
 -85 162425
 0 32896
 0 163968
 0 169856
 0 169970
 -202 8355638
 -202 163638
 -202 159286
 -202 159237
 -352 8355488
 -352 163488
 -352 138656
 -352 138692
 -338 8388270
 -338 130734
 -338 119982
 -338 120005
 -260 8388220
 -260 130684
 -260 105852
 -260 105817
 56 184
 56 65720
 56 92600
 56 92579
 -68 8355644
 -68 98108
 -68 77628
 -68 77653
 -85 8388395
 -85 65323
 -85 63531
 -85 63544
 -110 8388370
 -110 65298
 -110 51730
 -110 51784
 -51 8388429
 -51 65357
 -51 38733
 -51 38760
 -250 8355590
 -250 32518
 -250 26630
 -250 26653
 -194 8355774
 -194 32702
 -194 16830
 -194 16796
 -189 8355779
 -189 32707
 -189 5827
 -189 5817
 -202 -202
 -202 -202
 -202 -11210
 -202 -11142
 -207 -32847
 -207 -32847
 -207 -33615
 -207 -33540
 -354 -33250
 -354 -33250
 -354 -54242
 -354 -54261
 -108 -236
 -108 -65772
 -108 -69100
 -108 -69060
 25 -8355687
 25 -98151
 25 -81767
 25 -81792
 -103 -103
 -103 -65639
 -103 -97383
 -103 -97317
 -51 -32947
 -51 -98483
 -51 -118707
 -51 -118667
 -138 -10
 -138 -131082
 -138 -145162
 -138 -145205
 -76 -32844
 -76 -163916
 -76 -164172
 -76 -164107
 -33 -32929
 -33 -164001
 -33 -166561
 -33 -166623
 -20 -148
 -20 -131220
 -20 -159124
 -20 -159213
 18 -8355822
 18 -163822
 18 -147694
 18 -147668
 -13 -32909
 -13 -98445
 -13 -129421
 -13 -129458
 48 -8388432
 48 -130896
 48 -106576
 48 -106569
 81 -8355631
 81 -98095
 81 -86319
 81 -86381
 -23 -151
 -23 -65687
 -23 -66199
 -23 -66245
 -98 -32994
 -98 -32994
 -98 -46050
 -98 -46009
 -56 -56
 -56 -56
 -56 -29496
 -56 -29468
 -252 -252
 -252 -252
 -252 -15100
 -252 -15063
 -274 8355566
 -274 32494
 -274 5102
 -274 5013
 107 33003
 107 33003
 107 36843
 107 36807
 51 179
 51 65715
 51 72883
 51 72871
 -104 8388504
 -104 130968
 -104 101272
 -104 101344
 -115 8388493
 -115 130957
 -115 120205
 -115 120240
 -123 8355589
 -123 163589
 -123 141061
 -123 141161
 -86 8355626
 -86 163626
 -86 162602
 -86 162687
 -220 8388388
 -220 196388
 -220 171044
 -220 171026
 -200 8355768
 -200 163768
 -200 160952
 -200 161013
 -211 8355757
 -211 163757
 -211 140717
 -211 140755
 -459 8388277
 -459 130741
 -459 121525
 -459 121504
 -196 8388412
 -196 130876
 -196 106812
 -196 106810
 -38 8355674
 -38 98138
 -38 94042
 -38 94005
 -175 8355793
 -175 98257
 -175 78801
 -175 78747
 -251 8388485
 -251 65413
 -251 64389
 -251 64387
 -181 8388427
 -181 65355
 -181 52555
 -181 52496
 -80 8388400
 -80 65328
 -80 39472
 -80 39478
 -170 8355670
 -170 32598
 -170 27478
 -170 27493
 -385 8355583
 -385 32511
 -385 17407
 -385 17389
 -102 8355610
 -102 32538
 -102 6426
 -102 6505
 125 -8355715
 125 -32643
 125 -10115
 125 -10150
 -205 -205
 -205 -205
 -205 -32717
 -205 -32696
 -249 -32889
 -249 -32889
 -249 -54393
 -249 -54359
 -94 -222
 -94 -65758
 -94 -69342
 -94 -69313
 -4 -132
 -4 -65668
 -4 -81540
 -4 -81588
 -60 -60
 -60 -65596
 -60 -97084
 -60 -97065
 -351 -33247
 -351 -98783
 -351 -117727
 -351 -117741
 -307 -307
 -307 -131379
 -307 -144179
 -307 -144237
 -357 -33253
 -357 -164325
 -357 -164325
 -357 -164278
 -384 -33280
 -384 -164352
 -384 -167424
 -384 -167422
 -248 -248
 -248 -131320
 -248 -160248
 -248 -160181
 -182 -54
 -182 -131126
 -182 -149046
 -182 -148994
 -260 -33156
 -260 -98692
 -260 -130948
 -260 -131042
 -139 -32779
 -139 -98315
 -139 -108043
 -139 -108044
 -125 -253
 -125 -65789
 -125 -87805
 -125 -87710
 -76 -204
 -76 -65740
 -76 -67532
 -76 -67494
 -77 -32845
 -77 -32845
 -77 -47181
 -77 -47107
 -135 -135
 -135 -135
 -135 -30343
 -135 -30342
 -265 -265
 -265 -265
 -265 -15881
 -265 -15925
 -210 8355758
 -210 32686
 -210 3758
 -210 3837
 -180 8388556
 -180 65484
 -180 35020
 -180 35060
 -42 8355798
 -42 98262
 -42 71382
 -42 71318
 66 32962
 66 98498
 66 100290
 66 100271
 -15 8388593
 -15 131057
 -15 119793
 -15 119769
 -58 8355782
 -58 163782
 -58 140486
 -58 140432
 -88 8355752
 -88 163752
 -88 162216
 -88 162230
 10 32778
 10 163850
 10 171530
 10 171549
 49 177
 49 131249
 49 162481
 49 162453
 -163 8355805
 -163 163805
 -163 142045
 -163 142002
 -183 8388553
 -183 131017
 -183 122569
 -183 122614
 -88 8388392
 -88 130856
 -88 107816
 -88 107803
 -177 8355791
 -177 98255
 -177 94671
 -177 94596
 -127 8355713
 -127 98177
 -127 79489
 -127 79530
 44 32812
 44 32812
 44 64812
 44 64819
 -178 8388558
 -178 65486
 -178 52942
 -178 52925
 -214 8388394
 -214 65322
 -214 39978
 -214 40036
 -227 8355613
 -227 32541
 -227 27677
 -227 27750
 -112 8355600
 -112 32528
 -112 17424
 -112 17506
 -53 8355787
 -53 32715
 -53 6859
 -53 6869
 -273 -401
 -273 -401
 -273 -9105
 -273 -9164
 -209 -81
 -209 -81
 -209 -31313
 -209 -31269
 -157 -32797
 -157 -32797
 -157 -53277
 -157 -53253
 -87 -87
 -87 -65623
 -87 -68695
 -87 -68704
 79 -8355633
 79 -98097
 79 -80689
 79 -80743
 -13 -141
 -13 -65677
 -13 -95885
 -13 -95974
 24 -8388584
 24 -131048
 24 -116456
 24 -116372
 -288 -416
 -288 -131488
 -288 -143008
 -288 -143007
 16 -8355696
 16 -163696
 16 -163696
 16 -163645
 -54 -32950
 -54 -164022
 -54 -167606
 -54 -167625
 -146 -18
 -146 -131090
 -146 -160786
 -146 -160792
 -103 -231
 -103 -131303
 -103 -149735
 -103 -149652
 -164 -36
 -164 -131108
 -164 -131876
 -164 -131919
 -103 -32871
 -103 -98407
 -103 -109415
 -103 -109335
 -135 -135
 -135 -65671
 -135 -88711
 -135 -88811
 -92 -92
 -92 -65628
 -92 -68956
 -92 -68911
 -169 -32937
 -169 -32937
 -169 -48297
 -169 -48334
 68 -8355644
 68 -32572
 68 -31292
 68 -31249
 -14 -14
 -14 -14
 -14 -17166
 -14 -17208
 58 58
 58 58
 58 2106
 58 2065
 140 32780
 140 32780
 140 33036
 140 33141
 -185 8355783
 -185 98247
 -185 69319
 -185 69366
 -151 8388585
 -151 131049
 -151 99305
 -151 99223
 -102 8388378
 -102 130842
 -102 118810
 -102 118888
 -80 8355632
 -80 163632
 -80 139312
 -80 139385
 -245 8355595
 -245 163595
 -245 161291
 -245 161347
 -151 8388457
 -151 196457
 -151 171369
 -151 171291
 -12 8355700
 -12 163700
 -12 163188
 -12 163184
 -61 8355651
 -61 163651
 -61 142915
 -61 142891
 -10 8388598
 -10 131062
 -10 123382
 -10 123334
 -58 8388550
 -58 131014
 -58 108230
 -58 108257
 -92 8355748
 -92 98212
 -92 95140
 -92 95194
 -201 8355639
 -201 98103
 -201 80183
 -201 80149
 -190 8355650
 -190 98114
 -190 65602
 -190 65617
 -105 8388375
 -105 65303
 -105 53527
 -105 53617
 -34 8388574
 -34 65502
 -34 40926
 -34 40832
 -122 8355590
 -122 32518
 -122 28422
 -122 28444
 -99 8355613
 -99 32541
 -99 18205
 -99 18261
 -90 8355750
 -90 32678
 -90 7590
 -90 7591
 4 -8355836
 4 -32764
 4 -8188
 4 -8132
 -281 -409
 -281 -409
 -281 -30105
 -281 -30122
 -398 -33038
 -398 -33038
 -398 -51726
 -398 -51794
 -217 -89
 -217 -65625
 -217 -67161
 -217 -67103
 -146 -18
 -146 -65554
 -146 -79890
 -146 -79913
 -139 -139
 -139 -65675
 -139 -95115
 -139 -95146
 -289 -33057
 -289 -98593
 -289 -115233
 -289 -115222
 11 -8355829
 11 -163829
 11 -141557
 11 -141543
 128 -8355840
 128 -163840
 128 -162816
 128 -162810
 -89 -32857
 -89 -163929
 -89 -167513
 -89 -167504
 -161 -33
 -161 -131105
 -161 -160801
 -161 -160837
 -189 -189
 -189 -131261
 -189 -149693
 -189 -149667
 -19 -19
 -19 -131091
 -19 -132627
 -19 -132639
 110 -8388498
 110 -130962
 110 -109970
 110 -110062
 4 -8355836
 4 -98300
 4 -89340
 4 -89299
 37 -8355675
 37 -98139
 37 -69467
 37 -69439
 -109 -32877
 -109 -32877
 -109 -49005
 -109 -48922
 -218 -90
 -218 -90
 -218 -31834
 -218 -31779
 -275 -275
 -275 -275
 -275 -17171
 -275 -17278
 -36 8355804
 -36 32732
 -36 1244
 -36 1279
 -10 8355702
 -10 32630
 -10 31350
 -10 31316
 -51 8355789
 -51 98253
 -51 67533
 -51 67580
 -84 8355628
 -84 98092
 -84 97580
 -84 97655
 -79 8388529
 -79 130993
 -79 117169
 -79 117121
 -113 8355727
 -113 163727
 -113 137103
 -113 137153
 -151 8355689
 -151 163689
 -151 159593
 -151 159594
 -123 8388485
 -123 196485
 -123 170629
 -123 170669
 -125 8355715
 -125 163715
 -125 163203
 -125 163307
 15 143
 15 131215
 15 143759
 15 143788
 -40 8388568
 -40 131032
 -40 123608
 -40 123553
 -202 8388406
 -202 130870
 -202 108342
 -202 108316
 -425 8355543
 -425 98007
 -425 95447
 -425 95469
 -177 8355663
 -177 98127
 -177 80719
 -177 80694
 -132 8355708
 -132 98172
 -132 65916
 -132 65888
 -191 8388545
 -191 65473
 -191 53953
 -191 53992
 -227 8388381
 -227 65309
 -227 41245
 -227 41319
 -98 8355614
 -98 32542
 -98 28958
 -98 29014
 -172 8355796
 -172 32724
 -172 18644
 -172 18655
 -168 8355800
 -168 32728
 -168 8408
 -168 8425
 71 -8355641
 71 -32569
 71 -7225
 71 -7268
 57 -8355655
 57 -32583
 57 -28999
 57 -29024
 -90 -32986
 -90 -32986
 -90 -50906
 -90 -50826
 -52 -52
 -52 -65588
 -52 -66612
 -52 -66648
 -11 -11
 -11 -65547
 -11 -78859
 -11 -78912
 15 -8355825
 15 -98289
 15 -93937
 15 -93951
 12 -8388596
 12 -131060
 12 -113396
 12 -113378
 -281 -281
 -281 -131353
 -281 -139289
 -281 -139379
 -272 -272
 -272 -131344
 -272 -161040
 -272 -161065
 -141 -32781
 -141 -163853
 -141 -166413
 -141 -166518
 -51 -51
 -51 -131123
 -51 -160307
 -51 -160328
 -203 -203
 -203 -131275
 -203 -149451
 -203 -149454
 40 -8355672
 40 -163672
 40 -132952
 40 -132889
 152 -8388456
 152 -130920
 152 -110184
 152 -110174
 -79 -207
 -79 -65743
 -79 -89551
 -79 -89550
 -140 -12
 -140 -65548
 -140 -70412
 -140 -70426
 -43 -32811
 -43 -32811
 -43 -49963
 -43 -49949
 -76 -76
 -76 -76
 -76 -32588
 -76 -32617
 -71 -199
 -71 -199
 -71 -18375
 -71 -18412
 -4 -4
 -4 -4
 -4 -260
 -4 -350
 65 193
 65 193
 65 28865
 65 28858
 133 32773
 133 32773
 133 64773
 133 64844
 120 248
 120 65784
 120 95224
 120 95186
 130 32898
 130 98434
 130 115330
 130 115378
 154 154
 154 131226
 154 135066
 154 135150
 -86 8355754
 -86 163754
 -86 157098
 -86 157072
 -156 8388452
 -156 196452
 -156 168804
 -156 168826
 -110 8355602
 -110 163602
 -110 162834
 -110 162829
 -142 8355698
 -142 163698
 -142 143730
 -142 143620
 -54 8388554
 -54 131018
 -54 123850
 -54 123808
 -201 8388535
 -201 130999
 -201 108727
 -201 108790
 36 164
 36 65700
 36 96164
 36 96140
 11 11
 11 65547
 11 81419
 11 81435
 -226 8355742
 -226 98206
 -226 66462
 -226 66554
 -93 8388515
 -93 65443
 -93 54435
 -93 54499
 -271 8388209
 -271 65137
 -271 41841
 -271 41794
 -47 8355793
 -47 32721
 -47 29137
 -47 29075
 118 246
 118 246
 118 18934
 118 18848
 -58 8355654
 -58 32582
 -58 8774
 -58 8756
 -108 -236
 -108 -236
 -108 -6124
 -108 -6084
 -112 -240
 -112 -240
 -112 -27376
 -112 -27351
 40 -8388568
 40 -65496
 40 -49368
 40 -49322
 -9 -9
 -9 -65545
 -9 -65801
 -9 -65873
 -43 -171
 -43 -65707
 -43 -77995
 -43 -77987
 -9 -137
 -9 -65673
 -9 -92297
 -9 -92383
 -66 -32962
 -66 -98498
 -66 -111810
 -66 -111791
 53 -8355659
 53 -163659
 53 -137291
 53 -137286
 -335 -463
 -335 -131535
 -335 -159439
 -335 -159391
 -188 -32828
 -188 -163900
 -188 -165436
 -188 -165444
 -216 -216
 -216 -131288
 -216 -159704
 -216 -159709
 -120 -120
 -120 -131192
 -120 -149368
 -120 -149304
 22 -8355690
 22 -163690
 22 -133226
 22 -133195
 23 -8388457
 23 -130921
 23 -110953
 23 -110905
 -275 -275
 -275 -65811
 -275 -90131
 -275 -90203
 -246 -246
 -246 -65782
 -246 -70902
 -246 -70860
 -244 -32884
 -244 -32884
 -244 -50548
 -244 -50518
 -124 -33020
 -124 -33020
 -124 -33276
 -124 -33224
 60 -8355652
 60 -32580
 60 -19268
 60 -19325
 81 -8355759
 81 -32687
 81 -1711
 81 -1723
 -185 8355783
 -185 32711
 -185 27079
 -185 27028
 -244 8388492
 -244 65420
 -244 62604
 -244 62598
 -30 8355810
 -30 98274
 -30 93410
 -30 93376
 -45 8388563
 -45 131027
 -45 113619
 -45 113592
 -320 8355392
 -320 163392
 -320 132928
 -320 132967
 -423 8355545
 -423 163545
 -423 155097
 -423 155079
 -380 8388100
 -380 196100
 -380 167940
 -380 168049
 -224 8355744
 -224 163744
 -224 162976
 -224 163062
 -191 8355777
 -191 163777
 -191 144321
 -191 144279
 -186 8388422
 -186 130886
 -186 124486
 -186 124506
 -150 8388586
 -150 131050
 -150 109034
 -150 109008
 -40 8355800
 -40 98264
 -40 96216
 -40 96220
 -11 8355701
 -11 98165
 -11 82037
 -11 82016
 -234 8355606
 -234 98070
 -234 67350
 -234 67442
 -80 8388528
 -80 65456
 -80 54960
 -80 54978
 34 32930
 34 32930
 34 42146
 34 42224
 -83 8355757
 -83 32685
 -83 29357
 -83 29373
 -198 8355770
 -198 32698
 -198 19386
 -198 19333
 -80 8355632
 -80 32560
 -80 9264
 -80 9275
 -218 -90
 -218 -90
 -218 -4954
 -218 -4926
 -157 -157
 -157 -157
 -157 -25757
 -157 -25791
 44 -8388564
 44 -65492
 44 -48084
 44 -48071
 -104 -33000
 -104 -33000
 -104 -65000
 -104 -64960
 -146 -146
 -146 -65682
 -146 -76946
 -146 -77023
 58 -8355782
 58 -98246
 58 -91078
 58 -91093
 -23 -32791
 -23 -98327
 -23 -109591
 -23 -109626
 8 -8355832
 8 -163832
 8 -134904
 8 -134847
 -141 -13
 -141 -131085
 -141 -157709
 -141 -157768
 -157 -32797
 -157 -163869
 -157 -164637
 -157 -164721
 122 -8355718
 122 -163718
 122 -159110
 122 -159196
 30 -8355810
 30 -163810
 30 -148962
 30 -148924
 194 -8355774
 194 -163774
 194 -133310
 194 -133283
 151 -8388585
 151 -131049
 151 -111593
 151 -111551
 73 -8355639
 73 -98103
 73 -91191
 73 -91204
 -5 -133
 -5 -65669
 -5 -72069
 -5 -72081
 61 -8388547
 61 -65475
 61 -51651
 61 -51608
 -81 -32849
 -81 -32849
 -81 -33873
 -81 -33907
 -105 -105
 -105 -105
 -105 -19817
 -105 -19730
 -236 -236
 -236 -236
 -236 -3052
 -236 -2946
 -314 8355526
 -314 32454
 -314 24774
 -314 24788
 41 32937
 41 32937
 41 60073
 41 60125
 -52 8355660
 -52 98124
 -52 91468
 -52 91437
 -70 8388538
 -70 131002
 -70 111802
 -70 111809
 50 32818
 50 98354
 50 130866
 50 130919
 -32 8355680
 -32 163680
 -32 153440
 -32 153468
 -59 8388421
 -59 196421
 -59 166981
 -59 166974
 30 158
 30 131230
 30 162974
 30 162976
 -102 8355610
 -102 163610
 -102 144922
 -102 144993
 -79 8388401
 -79 130865
 -79 124977
 -79 125004
 -31 8388577
 -31 131041
 -31 109281
 -31 109219
 -80 8355760
 -80 98224
 -80 96688
 -80 96719
 83 83
 83 65619
 83 82771
 83 82688
 251 251
 251 65787
 251 67835
 251 67732
 107 32875
 107 32875
 107 55147
 107 55089
 -1 8388607
 -1 65535
 -1 42495
 -1 42468
 -44 8355668
 -44 32596
 -44 29780
 -44 29792
 -148 8355692
 -148 32620
 -148 19564
 -148 19541
 -163 8355805
 -163 32733
 -163 9949
 -163 9938
 -171 -171
 -171 -171
 -171 -4011
 -171 -4082
 -367 -367
 -367 -367
 -367 -24687
 -367 -24645
 -261 -33157
 -261 -33157
 -261 -46981
 -261 -46979
 18 -8388462
 18 -65390
 18 -63854
 18 -63838
 4 -8355836
 4 -98300
 4 -75772
 4 -75740
 -85 -213
 -85 -65749
 -85 -89813
 -85 -89840
 -106 -33002
 -106 -98538
 -106 -108266
 -106 -108240
 -74 -74
 -74 -131146
 -74 -133194
 -74 -133213
 -35 -163
 -35 -131235
 -35 -156323
 -35 -156327
 94 -8388514
 94 -196514
 94 -164258
 94 -164248
 245 -8355723
 245 -163723
 245 -158859
 245 -158969
 257 -8355455
 257 -163455
 257 -149119
 257 -149120
 55 -8355657
 55 -163657
 55 -133705
 55 -133746
 22 -8388458
 22 -130922
 22 -112234
 22 -112214
 -69 -69
 -69 -65605
 -69 -91461
 -69 -91472
 -88 -88
 -88 -65624
 -88 -72280
 -88 -72286
 -37 -32933
 -37 -32933
 -37 -52133
 -37 -52184
 -149 -32917
 -149 -32917
 -149 -34453
 -149 -34549
 3 -8355837
 3 -32765
 3 -20477
 3 -20410
 -88 -216
 -88 -216
 -88 -3800
 -88 -3800
 -158 8355682
 -158 32610
 -158 23138
 -158 23123
 -4 8388604
 -4 65532
 -4 58108
 -4 58072
 11 139
 11 65675
 11 89483
 11 89528
 -21 8388587
 -21 131051
 -21 110059
 -21 110077
 -30 8388578
 -30 131042
 -30 128738
 -30 128679
 -245 8355595
 -245 163595
 -245 151307
 -245 151368
 -120 8388360
 -120 196360
 -120 165896
 -120 166005
 0 128
 0 131200
 0 163200
 0 163286
 -103 8355737
 -103 163737
 -103 145561
 -103 145591
 -117 8388491
 -117 130955
 -117 125323
 -117 125314
 13 32909
 13 98445
 13 109197
 13 109306
 -83 8355629
 -83 98093
 -83 96813
 -83 96794
 -164 8355804
 -164 98268
 -164 83164
 -164 83119
 -312 8355528
 -312 97992
 -312 68296
 -312 68294
 -133 8388475
 -133 65403
 -133 55675
 -133 55671
 -148 8388588
 -148 65516
 -148 43244
 -148 43187
 -276 8355436
 -276 32364
 -276 30572
 -276 30502
 -30 8355682
 -30 32610
 -30 20066
 -30 20076
 -112 8355600
 -112 32528
 -112 10512
 -112 10499
 -143 -15
 -143 -15
 -143 -2831
 -143 -2859
 -86 -86
 -86 -86
 -86 -23382
 -86 -23350
 16 -8388592
 16 -65520
 16 -45552
 16 -45473
 0 -8388608
 0 -65536
 0 -62720
 0 -62706
 -114 -242
 -114 -65778
 -114 -74738
 -114 -74728
 10 -8355702
 10 -98166
 10 -88694
 10 -88585
 -145 -32785
 -145 -98321
 -145 -106513
 -145 -106585
 167 -8355801
 167 -163801
 167 -131289
 167 -131253
 101 -8355611
 101 -163611
 101 -154651
 101 -154749
 26 -8355814
 26 -163814
 26 -163814
 26 -163787
 104 -8355736
 104 -163736
 104 -159128
 104 -159120
 -26 -154
 -26 -131226
 -26 -149146
 -26 -149163
 -161 -161
 -161 -131233
 -161 -134049
 -161 -134129
 -201 -32969
 -201 -98505
 -201 -112841
 -201 -112887
 -258 -386
 -258 -65922
 -258 -91778
 -258 -91851
 29 -8355683
 29 -98147
 29 -73059
 29 -72968
 -140 -32780
 -140 -32780
 -140 -52748
 -140 -52772
 -71 -32839
 -71 -32839
 -71 -35143
 -71 -35156
 -141 -141
 -141 -141
 -141 -21133
 -141 -21200
 -283 -411
 -283 -411
 -283 -5275
 -283 -5282
 -50 8355790
 -50 32718
 -50 21454
 -50 21450
 50 32946
 50 32946
 50 56242
 50 56278
 -7 8355833
 -7 98297
 -7 88057
 -7 88003
 -123 8388357
 -123 130821
 -123 108549
 -123 108629
 -230 8388378
 -230 130842
 -230 126746
 -230 126826
 -152 8355816
 -152 163816
 -152 149224
 -152 149181
 20 32916
 20 163988
 20 164500
 20 164491
 -264 8355448
 -264 163448
 -264 162936
 -264 162938
 -112 8355728
 -112 163728
 -112 146064
 -112 146140
 -202 8388406
 -202 130870
 -202 126006
 -202 126061
 -113 8388367
 -113 130831
 -113 109839
 -113 109949
 -209 8355631
 -209 98095
 -209 97327
 -209 97369
 -261 8355579
 -261 98043
 -261 83707
 -261 83636
 154 154
 154 65690
 154 68762
 154 68847
 -99 8388509
 -99 65437
 -99 56477
 -99 56474
 -131 8388477
 -131 65405
 -131 44157
 -131 44038
 -18 8355822
 -18 32750
 -18 31214
 -18 31158
 62 190
 62 190
 62 20670
 62 20701
 -59 8355781
 -59 32709
 -59 11205
 -59 11241
 -290 -290
 -290 -290
 -290 -1826
 -290 -1868
 -114 -242
 -114 -242
 -114 -22002
 -114 -21990
 -116 -33012
 -116 -33012
 -116 -44276
 -116 -44229
 -195 -32835
 -195 -32835
 -195 -61763
 -195 -61779
 -265 -265
 -265 -65801
 -265 -73993
 -265 -74050
 -167 -167
 -167 -65703
 -167 -87719
 -167 -87682
 -188 -32828
 -188 -98364
 -188 -105020
 -188 -105088
 10 -8388598
 10 -131062
 10 -129526
 10 -129440
 3 -8355709
 3 -163709
 3 -153213
 3 -153179
 -93 -93
 -93 -131165
 -93 -162909
 -93 -162883
 -170 -42
 -170 -131114
 -170 -158506
 -170 -158550
 -93 -221
 -93 -131293
 -93 -148957
 -93 -148905
 -7 -135
 -7 -131207
 -7 -134791
 -7 -134800
 29 -8388451
 29 -130915
 29 -113763
 29 -113765
 57 -8355655
 57 -98119
 57 -92487
 57 -92429
 -15 -143
 -15 -65679
 -15 -73359
 -15 -73372
 -123 -32891
 -123 -32891
 -123 -53371
 -123 -53308
 -292 -33060
 -292 -33060
 -292 -35620
 -292 -35660
 26 -8355686
 26 -32614
 26 -21862
 26 -21868
 161 -8355679
 161 -32607
 161 -5727
 161 -5715
 59 59
 59 59
 59 20027
 59 20018
 24 32792
 24 32792
 24 54296
 24 54393
 -107 8355605
 -107 98069
 -107 86037
 -107 86109
 43 32939
 43 98475
 43 106923
 43 106983
 62 32830
 62 98366
 62 124990
 62 124961
 23 23
 23 131095
 23 147223
 23 147253
 118 246
 118 131318
 118 163318
 118 163306
 -7 8355705
 -7 163705
 -7 162937
 -7 162908
 0 0
 0 131072
 0 146688
 0 146731
 -127 8388481
 -127 130945
 -127 126337
 -127 126338
 -51 8388429
 -51 130893
 -51 109901
 -51 109923
 68 68
 68 65604
 68 97348
 68 97321
 135 135
 135 65671
 135 83847
 135 83910
 110 238
 110 65774
 110 69102
 110 69021
 110 33006
 110 33006
 110 56302
 110 56244
 -60 8388548
 -60 65476
 -60 44484
 -60 44477
 24 24
 24 24
 24 31768
 24 31868
 55 55
 55 55
 55 21303
 55 21318
 -130 8355838
 -130 32766
 -130 12030
 -130 11930
 -373 -501
 -373 -501
 -373 -1013
 -373 -1018
 -222 -222
 -222 -222
 -222 -20702
 -222 -20696
 100 -8388508
 100 -65436
 100 -42908
 100 -42919
 21 -8388587
 21 -65515
 21 -60907
 21 -60882
 -139 -139
 -139 -65675
 -139 -73355
 -139 -73422
 -139 -139
 -139 -65675
 -139 -86667
 -139 -86744
 55 -8388425
 55 -130889
 55 -104265
 55 -104196
 -101 -32997
 -101 -98533
 -101 -127717
 -101 -127617
 -178 -178
 -178 -131250
 -178 -151474
 -178 -151472
 2 -8355710
 2 -163710
 2 -162174
 2 -162149
 -22 -22
 -22 -131094
 -22 -158230
 -22 -158228
 -36 -36
 -36 -131108
 -36 -148772
 -36 -148776
 96 -8355744
 96 -163744
 96 -134816
 96 -134884
 -118 -32886
 -118 -98422
 -118 -114294
 -118 -114261
 -195 -195
 -195 -65731
 -195 -93123
 -195 -93109
 48 -8355664
 48 -98128
 48 -74064
 48 -74056
 58 -8388550
 58 -65478
 58 -53958
 58 -53909
 -93 -32861
 -93 -32861
 -93 -36445
 -93 -36462
 34 -8355806
 34 -32734
 34 -22238
 34 -22258
 -99 -227
 -99 -227
 -99 -6883
 -99 -6849
 108 108
 108 108
 108 18284
 108 18239
 24 32792
 24 32792
 24 51992
 24 52063
 44 44
 44 65580
 44 84012
 44 84058
 52 32948
 52 98484
 52 105396
 52 105421
 -16 8388464
 -16 130928
 -16 123248
 -16 123230
 -189 8355779
 -189 163779
 -189 145091
 -189 145119
 42 170
 42 131242
 42 161706
 42 161693
 145 145
 145 131217
 145 162193
 145 162211
 -187 8355653
 -187 163653
 -187 146501
 -187 146489
 -131 8388605
 -131 131069
 -131 126461
 -131 126442
 -6 8388602
 -6 131066
 -6 110074
 -6 109999
 -7 8355705
 -7 98169
 -7 97657
 -7 97553
 -122 8355718
 -122 98182
 -122 84102
 -122 84129
 -120 8355720
 -120 98184
 -120 69256
 -120 69273
 -44 8388436
 -44 65364
 -44 56660
 -44 56604
 -124 8388484
 -124 65412
 -124 44676
 -124 44728
 -195 8355645
 -195 32573
 -195 32317
 -195 32365
 -170 8355670
 -170 32598
 -170 21846
 -170 21808
 -64 8355648
 -64 32576
 -64 12096
 -64 12091
 42 -8355670
 42 -32598
 42 -342
 42 -379
 -102 -102
 -102 -102
 -102 -19558
 -102 -19517
 -227 -32867
 -227 -32867
 -227 -41571
 -227 -41584
 -177 -32817
 -177 -32817
 -177 -59697
 -177 -59652
 -56 -56
 -56 -65592
 -56 -72248
 -56 -72292
 44 -8355796
 44 -98260
 44 -85460
 44 -85504
 127 -8388481
 127 -130945
 127 -102273
 127 -102303
 -145 -32785
 -145 -98321
 -145 -125201
 -145 -125271
 -172 -44
 -172 -131116
 -172 -149292
 -172 -149277
 12 -8355700
 12 -163700
 12 -160628
 12 -160618
 -154 -26
 -154 -131098
 -154 -157466
 -154 -157443
 -112 -112
 -112 -131184
 -112 -148592
 -112 -148561
 -48 -176
 -48 -131248
 -48 -135088
 -48 -135120
 -263 -33031
 -263 -98567
 -263 -114695
 -263 -114726
 -230 -102
 -230 -65638
 -230 -93286
 -230 -93202
 -99 -227
 -99 -65763
 -99 -74211
 -99 -74189
 -71 -32839
 -71 -32839
 -71 -54343
 -71 -54400
 5 -8388475
 5 -65403
 5 -36731
 5 -36619
 116 -8355596
 116 -32524
 116 -22540
 116 -22571
 84 -8355756
 84 -32684
 84 -7596
 84 -7569
 12 140
 12 140
 12 16780
 12 16792
 15 32783
 15 32783
 15 50191
 15 50287
 -15 8355697
 -15 98161
 -15 82545
 -15 82463
 -26 8388454
 -26 130918
 -26 104294
 -26 104244
 72 32968
 72 98504
 72 121544
 72 121520
 63 63
 63 131135
 63 143167
 63 143123
 -6 8355706
 -6 163706
 -6 160122
 -6 160084
 10 10
 10 131082
 10 161546
 10 161624
 -36 8355804
 -36 163804
 -36 146652
 -36 146667
 64 32960
 64 98496
 64 126656
 64 126669
 -64 8388544
 -64 131008
 -64 110272
 -64 110279
 -102 8355738
 -102 98202
 -102 97690
 -102 97686
 -36 8355804
 -36 98268
 -36 84700
 -36 84632
 69 197
 69 65733
 69 69829
 69 69789
 -92 8388516
 -92 65444
 -92 56996
 -92 56966
 -208 8388528
 -208 65456
 -208 45232
 -208 45220
 -203 8388405
 -203 65333
 -203 32821
 -203 32831
 -142 8355826
 -142 32754
 -142 22258
 -142 22184
 -1 8355839
 -1 32767
 -1 13055
 -1 13002
 35 35
 35 35
 35 803
 35 779
 33 -8355679
 33 -32607
 33 -18015
 33 -18017
 -83 -32979
 -83 -32979
 -83 -40147
 -83 -40104
 -216 -32856
 -216 -32856
 -216 -58712
 -216 -58714
 -346 -474
 -346 -66010
 -346 -71386
 -346 -71400
 -233 -233
 -233 -65769
 -233 -83945
 -233 -83954
 -125 -33021
 -125 -98557
 -125 -100605
 -125 -100591
 -191 -32831
 -191 -98367
 -191 -123455
 -191 -123426
 -87 -215
 -87 -131287
 -87 -147671
 -87 -147663
 -68 -68
 -68 -131140
 -68 -159812
 -68 -159847
 -187 -59
 -187 -131131
 -187 -157243
 -187 -157298
 137 -8355831
 137 -163831
 137 -148471
 137 -148463
 146 -8355822
 146 -163822
 146 -135406
 146 -135317
 -82 -32978
 -82 -98514
 -82 -115410
 -82 -115363
 -27 -27
 -27 -65563
 -27 -93979
 -27 -94078
 -71 -199
 -71 -65735
 -71 -74951
 -71 -74975
 -2 -32898
 -2 -32898
 -2 -55170
 -2 -55190
 -100 -32868
 -100 -32868
 -100 -37476
 -100 -37441
 51 -8355789
 51 -32717
 51 -23245
 51 -23230
 -138 -138
 -138 -138
 -138 -8586
 -138 -8584
 60 188
 60 188
 60 14780
 60 14823
 205 32973
 205 32973
 205 48077
 205 48014
 -86 8355626
 -86 98090
 -86 80426
 -86 80487
 -156 8388580
 -156 131044
 -156 103396
 -156 103304
 177 32945
 177 98481
 177 120241
 177 120316
 85 85
 85 131157
 85 141397
 85 141405
 -220 8355620
 -220 163620
 -220 159012
 -220 159031
 37 165
 37 131237
 37 161701
 37 161696
 -68 8355772
 -68 163772
 -68 147388
 -68 147375
 -283 8388197
 -283 130661
 -283 127589
 -283 127553
 -55 8388553
 -55 131017
 -55 110793
 -55 110760
 -18 8388590
 -18 131054
 -18 98542
 -18 98489
 -102 8355610
 -102 98074
 -102 85274
 -102 85316
 -258 8355454
 -258 97918
 -258 70526
 -258 70427
 -291 8388317
 -291 65245
 -291 57309
 -291 57295
 -10 8388470
 -10 65398
 -10 45686
 -10 45659
 161 32929
 161 32929
 161 33185
 161 33274
 132 132
 132 132
 132 22660
 132 22728
 -85 8355755
 -85 32683
 -85 13227
 -85 13249
 -68 8355644
 -68 32572
 -68 1340
 -68 1293
 -291 -419
 -291 -419
 -291 -16803
 -291 -16888
 -300 -33068
 -300 -33068
 -300 -38956
 -300 -38934
 -102 -32870
 -102 -32870
 -102 -57702
 -102 -57643
 -167 -167
 -167 -65703
 -167 -70567
 -167 -70651
 -109 -109
 -109 -65645
 -109 -83565
 -109 -83495
 -111 -32879
 -111 -98415
 -111 -99439
 -111 -99392
 -113 -32881
 -113 -98417
 -113 -121713
 -113 -121631
 -55 -55
 -55 -131127
 -55 -146487
 -55 -146547
 -275 -403
 -275 -131475
 -275 -159635
 -275 -159674
 -206 -78
 -206 -131150
 -206 -157774
 -206 -157736
 -61 -61
 -61 -131133
 -61 -149309
 -61 -149366
