 77 77
 77 77
 77 1101
 77 1041
 126 126
 126 126
 126 1150
 126 1030
 70 70
 70 70
 70 1094
 70 1036
 -219 8355749
 -219 32677
 -219 1189
 -219 1269
 15 143
 15 143
 15 1167
 15 1241
 -7 8355705
 -7 32633
 -7 1401
 -7 1323
 54 182
 54 182
 54 1462
 54 1437
 -80 8355632
 -80 32560
 -80 1328
 -80 1329
 -136 8355704
 -136 32632
 -136 1400
 -136 1379
 31 159
 31 159
 31 1695
 31 1730
 80 80
 80 80
 80 2128
 80 2092
 -22 8355690
 -22 32618
 -22 2410
 -22 2393
 -87 8355753
 -87 32681
 -87 2473
 -87 2446
 103 231
 103 231
 103 2023
 103 1979
 19 19
 19 19
 19 1555
 19 1652
 190 190
 190 190
 190 1470
 190 1473
 81 81
 81 81
 81 1105
 81 1137
 -74 8355766
 -74 32694
 -74 950
 -74 991
 -13 8355827
 -13 32755
 -13 1011
 -13 925
 89 89
 89 89
 89 857
 89 786
 -148 8355692
 -148 32620
 -148 364
 -148 364
 -14 8355826
 -14 32754
 -14 242
 -14 176
 6 6
 6 6
 6 262
 6 324
 -123 8355717
 -123 32645
 -123 389
 -123 470
 145 145
 145 145
 145 401
 145 468
 174 46
 174 46
 174 558
 174 512
 53 181
 53 181
 53 181
 53 189
 -307 -435
 -307 -435
 -307 -179
 -307 -233
 -152 -152
 -152 -152
 -152 -664
 -152 -709
 5 -8355835
 5 -32763
 5 -1019
 5 -992
 -64 -192
 -64 -192
 -64 -1216
 -64 -1194
 41 -8355671
 41 -32599
 41 -1111
 41 -1105
 -169 -169
 -169 -169
 -169 -937
 -169 -922
 -151 -23
 -151 -23
 -151 -535
 -151 -629
 -17 -17
 -17 -17
 -17 -273
 -17 -354
 63 -8355649
 63 -32577
 63 -65
 63 -15
 -19 8355693
 -19 32621
 -19 109
 -19 108
 33 33
 33 33
 33 289
 33 329
 137 137
 137 137
 137 393
 137 457
 95 95
 95 95
 95 607
 95 580
 -61 8355651
 -61 32579
 -61 835
 -61 794
 188 60
 188 60
 188 1084
 188 1100
 166 166
 166 166
 166 1190
 166 1226
 -29 8355811
 -29 32739
 -29 1251
 -29 1163
 64 192
 64 192
 64 1216
 64 1187
 52 180
 52 180
 52 1204
 52 1203
 -30 8355810
 -30 32738
 -30 1250
 -30 1235
 36 36
 36 36
 36 1316
 36 1362
 -65 8355775
 -65 32703
 -65 1727
 -65 1716
 101 101
 101 101
 101 2149
 101 2089
 39 39
 39 39
 39 2087
 39 2125
 35 163
 35 163
 35 1955
 35 2040
 -171 8355669
 -171 32597
 -171 1621
 -171 1628
 -8 8355704
 -8 32632
 -8 1656
 -8 1558
 59 187
 59 187
 59 1467
 59 1416
 239 111
 239 111
 239 1135
 239 1111
 -36 8355676
 -36 32604
 -36 860
 -36 854
 -35 8355805
 -35 32733
 -35 733
 -35 719
 -37 8355675
 -37 32603
 -37 603
 -37 567
 104 232
 104 232
 104 232
 104 234
 -83 8355757
 -83 32685
 -83 173
 -83 159
 -41 8355671
 -41 32599
 -41 87
 -41 90
 -161 8355679
 -161 32607
 -161 351
 -161 333
 -3 8355837
 -3 32765
 -3 253
 -3 238
 -30 8355810
 -30 32738
 -30 226
 -30 142
 72 -8355640
 72 -32568
 72 -56
 72 -26
 223 -8355617
 223 -32545
 223 -289
 223 -275
 -21 -21
 -21 -21
 -21 -533
 -21 -634
 -130 -130
 -130 -130
 -130 -1154
 -130 -1201
 -14 -14
 -14 -14
 -14 -1038
 -14 -1095
 11 -8355829
 11 -32757
 11 -1013
 11 -941
 -201 -73
 -201 -73
 -201 -841
 -201 -878
 2 -8355838
 2 -32766
 2 -766
 2 -682
 11 -8355829
 11 -32757
 11 -501
 11 -495
 106 -8355606
 106 -32534
 106 -22
 106 -30
 3 3
 3 3
 3 259
 3 365
 -346 8355494
 -346 32422
 -346 422
 -346 433
 -297 8355415
 -297 32343
 -297 855
 -297 808
 71 71
 71 71
 71 839
 71 849
 83 83
 83 83
 83 851
 83 812
 -9 8355703
 -9 32631
 -9 631
 -9 605
 106 234
 106 234
 106 746
 106 656
 57 57
 57 57
 57 825
 57 830
 -17 8355823
 -17 32751
 -17 751
 -17 754
 249 249
 249 249
 249 761
 249 694
 71 71
 71 71
 71 1095
 71 1055
 -117 8355595
 -117 32523
 -117 1035
 -117 1112
 -122 8355718
 -122 32646
 -122 1670
 -122 1691
 -15 8355825
 -15 32753
 -15 2033
 -15 2020
 55 55
 55 55
 55 2103
 55 2117
 -64 8355648
 -64 32576
 -64 2112
 -64 2090
 -306 8355406
 -306 32334
 -306 1870
 -306 1919
 -481 8355487
 -481 32415
 -481 1439
 -481 1438
 -152 8355816
 -152 32744
 -152 1256
 -152 1171
 130 2
 130 2
 130 770
 130 853
 -94 8355746
 -94 32674
 -94 674
 -94 668
 -1 8355711
 -1 32639
 -1 639
 -1 607
 175 47
 175 47
 175 303
 175 274
 130 130
 130 130
 130 130
 130 182
 63 63
 63 63
 63 63
 63 37
 -219 8355621
 -219 32549
 -219 37
 -219 32
 -126 -126
 -126 -126
 -126 -126
 -126 -69
 100 -8355612
 100 -32540
 100 -28
 100 -110
 96 -8355616
 96 -32544
 96 -288
 96 -261
 -72 -200
 -72 -200
 -72 -200
 -72 -137
 63 -8355649
 63 -32577
 63 -321
 63 -258
 36 -8355804
 36 -32732
 36 -732
 36 -675
 -56 -184
 -56 -184
 -56 -952
 -56 -1013
 258 -8355454
 258 -32382
 258 -1406
 258 -1288
 27 -8355813
 27 -32741
 27 -1253
 27 -1170
 83 -8355629
 83 -32557
 83 -1069
 83 -1106
 -192 -192
 -192 -192
 -192 -704
 -192 -647
 20 -8355820
 20 -32748
 20 -492
 20 -411
 150 -8355690
 150 -32618
 150 -106
 150 -102
 62 62
 62 62
 62 318
 62 293
 -185 8355783
 -185 32711
 -185 455
 -185 442
 -442 8355526
 -442 32454
 -442 454
 -442 465
 -273 8355567
 -273 32495
 -273 751
 -273 763
 3 131
 3 131
 3 899
 3 945
 -7 8355705
 -7 32633
 -7 889
 -7 884
 -132 8355836
 -132 32764
 -132 764
 -132 672
 33 161
 33 161
 33 673
 33 660
 -53 8355787
 -53 32715
 -53 971
 -53 1002
 10 10
 10 10
 10 1034
 10 1085
 -156 8355812
 -156 32740
 -156 1252
 -156 1203
 -64 8355648
 -64 32576
 -64 1344
 -64 1358
 19 19
 19 19
 19 1811
 19 1838
 -36 8355676
 -36 32604
 -36 2396
 -36 2338
 13 13
 13 13
 13 2061
 13 2107
 208 80
 208 80
 208 1872
 208 1817
 90 90
 90 90
 90 1626
 90 1653
 52 180
 52 180
 52 1460
 52 1487
 200 72
 200 72
 200 1352
 200 1331
 -24 8355816
 -24 32744
 -24 1256
 -24 1213
 51 179
 51 179
 51 947
 51 955
 63 63
 63 63
 63 831
 63 813
 -133 8355707
 -133 32635
 -133 635
 -133 522
 -43 8355797
 -43 32725
 -43 213
 -43 242
 287 415
 287 415
 287 159
 287 232
 118 118
 118 118
 118 118
 118 44
 -248 -120
 -248 -120
 -248 -120
 -248 -38
 -259 8355453
 -259 32381
 -259 125
 -259 13
 -220 -92
 -220 -92
 -220 -92
 -220 -24
 -92 -220
 -92 -220
 -92 -220
 -92 -158
 -101 -229
 -101 -229
 -101 -485
 -101 -426
 33 -8355679
 33 -32607
 33 -863
 33 -797
 66 -8355646
 66 -32574
 66 -830
 66 -878
 -25 -153
 -25 -153
 -25 -921
 -25 -1014
 -25 -25
 -25 -25
 -25 -1049
 -25 -1106
 -100 -100
 -100 -100
 -100 -868
 -100 -803
 -207 -79
 -207 -79
 -207 -591
 -207 -552
 -80 -208
 -80 -208
 -80 -208
 -80 -249
 -32 -32
 -32 -32
 -32 -32
 -32 -88
 -70 8355642
 -70 32570
 -70 58
 -70 23
 -64 8355648
 -64 32576
 -64 64
 -64 103
 -203 8355637
 -203 32565
 -203 53
 -203 117
 -153 8355815
 -153 32743
 -153 231
 -153 219
 -45 8355667
 -45 32595
 -45 595
 -45 536
 111 111
 111 111
 111 879
 111 801
 -38 8355674
 -38 32602
 -38 602
 -38 618
 -170 8355670
 -170 32598
 -170 598
 -170 592
 14 14
 14 14
 14 782
 14 869
 92 92
 92 92
 92 860
 92 883
 41 169
 41 169
 41 681
 41 757
 -147 8355693
 -147 32621
 -147 877
 -147 888
 -250 8355590
 -250 32518
 -250 1286
 -250 1329
 -71 8355769
 -71 32697
 -71 1721
 -71 1716
 52 180
 52 180
 52 1972
 52 1978
 0 128
 0 128
 0 1920
 0 1954
 -119 8355721
 -119 32649
 -119 1929
 -119 1925
 -310 8355530
 -310 32458
 -310 1482
 -310 1498
 18 18
 18 18
 18 1298
 18 1280
 174 46
 174 46
 174 1070
 174 1092
 -137 8355831
 -137 32759
 -137 1015
 -137 905
 -217 8355623
 -217 32551
 -217 551
 -217 635
 53 53
 53 53
 53 309
 53 362
 46 46
 46 46
 46 302
 46 264
 23 23
 23 23
 23 23
 23 27
 -91 -91
 -91 -91
 -91 -91
 -91 -98
 -199 8355641
 -199 32569
 -199 57
 -199 64
 -16 -16
 -16 -16
 -16 -16
 -16 -34
 -28 -28
 -28 -28
 -28 -284
 -28 -320
 211 -8355757
 211 -32685
 211 -173
 211 -186
 40 -8355800
 40 -32728
 40 -216
 40 -159
 -140 -140
 -140 -140
 -140 -652
 -140 -712
 33 -8355679
 33 -32607
 33 -1119
 33 -1066
 283 -8355557
 283 -32485
 283 -1253
 283 -1234
 232 -8355736
 232 -32664
 232 -1176
 232 -1273
 -90 -90
 -90 -90
 -90 -1114
 -90 -1051
 -131 -3
 -131 -3
 -131 -515
 -131 -605
 44 -8355668
 44 -32596
 44 -340
 44 -334
 -9 -137
 -9 -137
 -9 -393
 -9 -397
 -40 -168
 -40 -168
 -40 -168
 -40 -139
 -50 8355662
 -50 32590
 -50 78
 -50 112
 -12 8355828
 -12 32756
 -12 500
 -12 436
 -130 8355838
 -130 32766
 -130 766
 -130 691
 41 41
 41 41
 41 809
 41 825
 -28 8355684
 -28 32612
 -28 868
 -28 867
 -35 8355677
 -35 32605
 -35 861
 -35 882
 -112 8355600
 -112 32528
 -112 1040
 -112 1107
 28 156
 28 156
 28 1180
 28 1253
 96 224
 96 224
 96 1248
 96 1254
 10 10
 10 10
 10 1034
 10 1061
 -98 8355742
 -98 32670
 -98 926
 -98 914
 -150 8355690
 -150 32618
 -150 1386
 -150 1321
 -105 8355607
 -105 32535
 -105 1559
 -105 1601
 -230 8355738
 -230 32666
 -230 1946
 -230 1958
 -52 8355660
 -52 32588
 -52 1868
 -52 1839
 20 148
 20 148
 20 1684
 20 1785
 -113 8355727
 -113 32655
 -113 1423
 -113 1449
 -281 8355431
 -281 32359
 -281 1383
 -281 1356
 -41 8355799
 -41 32727
 -41 983
 -41 973
 -88 8355624
 -88 32552
 -88 808
 -88 791
 -67 8355645
 -67 32573
 -67 573
 -67 536
 80 80
 80 80
 80 336
 80 360
 -55 -55
 -55 -55
 -55 -55
 -55 -118
 56 -8355784
 56 -32712
 56 -200
 56 -227
 -104 -232
 -104 -232
 -104 -232
 -104 -176
 -191 -63
 -191 -63
 -191 -63
 -191 -91
 -117 8355595
 -117 32523
 -117 11
 -117 4
 328 -8355512
 328 -32440
 328 -184
 328 -184
 91 -8355621
 91 -32549
 91 -37
 91 -128
 78 -8355634
 78 -32562
 78 -306
 78 -277
 -191 -63
 -191 -63
 -191 -319
 -191 -344
 -234 -234
 -234 -234
 -234 -1002
 -234 -1013
 -112 -112
 -112 -112
 -112 -1136
 -112 -1078
 -149 -149
 -149 -149
 -149 -917
 -149 -1021
 -111 -239
 -111 -239
 -111 -1007
 -111 -934
 -119 -119
 -119 -119
 -119 -887
 -119 -788
 -144 -16
 -144 -16
 -144 -528
 -144 -557
 -262 -390
 -262 -390
 -262 -390
 -262 -396
 -212 -84
 -212 -84
 -212 -84
 -212 -102
 -404 -276
 -404 -276
 -404 -20
 -404 -51
 -253 8355715
 -253 32643
 -253 131
 -253 182
 -45 8355667
 -45 32595
 -45 339
 -45 298
 -48 8355792
 -48 32720
 -48 464
 -48 429
 -131 8355709
 -131 32637
 -131 637
 -131 577
 -237 8355603
 -237 32531
 -237 531
 -237 597
 -173 8355795
 -173 32723
 -173 723
 -173 767
 101 229
 101 229
 101 997
 101 981
 131 3
 131 3
 131 771
 131 858
 21 149
 21 149
 21 917
 21 984
 15 15
 15 15
 15 1039
 15 1064
 -168 8355672
 -168 32600
 -168 1368
 -168 1352
 155 155
 155 155
 155 1691
 155 1675
 30 158
 30 158
 30 1694
 30 1692
 168 40
 168 40
 168 1832
 168 1798
 -28 8355812
 -28 32740
 -28 1508
 -28 1504
 43 43
 43 43
 43 1323
 43 1350
 198 70
 198 70
 198 1094
 198 1053
 183 183
 183 183
 183 951
 183 1001
 72 200
 72 200
 72 712
 72 753
 -43 8355797
 -43 32725
 -43 725
 -43 742
 -84 8355756
 -84 32684
 -84 684
 -84 692
 49 49
 49 49
 49 305
 49 360
 134 6
 134 6
 134 262
 134 332
 -100 8355740
 -100 32668
 -100 156
 -100 176
 65 65
 65 65
 65 65
 65 100
 99 -8355613
 99 -32541
 99 -29
 99 -98
 166 -8355802
 166 -32730
 166 -218
 166 -214
 232 -8355736
 232 -32664
 232 -152
 232 -135
 -91 -91
 -91 -91
 -91 -347
 -91 -326
 -91 -91
 -91 -91
 -91 -603
 -91 -635
 -124 -252
 -124 -252
 -124 -1020
 -124 -912
 150 -8355690
 150 -32618
 150 -1130
 150 -1092
 21 -8355691
 21 -32619
 21 -1131
 21 -1055
 69 -8355643
 69 -32571
 69 -827
 69 -837
 -172 -172
 -172 -172
 -172 -684
 -172 -666
 213 -8355755
 213 -32683
 213 -427
 213 -492
 252 -8355716
 252 -32644
 252 -132
 252 -201
 240 -8355600
 240 -32528
 240 -16
 240 -32
 174 -8355794
 174 -32722
 174 -210
 174 -143
 -27 8355685
 -27 32613
 -27 101
 -27 98
 -48 8355664
 -48 32592
 -48 592
 -48 548
 -171 8355669
 -171 32597
 -171 597
 -171 556
 124 124
 124 124
 124 892
 124 873
 65 65
 65 65
 65 833
 65 818
 170 170
 170 170
 170 938
 170 928
 55 183
 55 183
 55 951
 55 1011
 -48 8355664
 -48 32592
 -48 848
 -48 873
 149 21
 149 21
 149 789
 149 853
 4 132
 4 132
 4 900
 4 1004
 -230 8355610
 -230 32538
 -230 1306
 -230 1297
 -152 8355688
 -152 32616
 -152 1640
 -152 1617
 -22 8355818
 -22 32746
 -22 1770
 -22 1790
 -126 8355586
 -126 32514
 -126 1794
 -126 1864
 -160 8355808
 -160 32736
 -160 1760
 -160 1758
 -166 8355674
 -166 32602
 -166 1370
 -166 1363
 -46 8355794
 -46 32722
 -46 1490
 -46 1426
 -126 8355586
 -126 32514
 -126 1282
 -126 1308
 125 125
 125 125
 125 893
 125 850
 30 30
 30 30
 30 542
 30 572
 -62 8355778
 -62 32706
 -62 450
 -62 506
 -101 8355739
 -101 32667
 -101 411
 -101 493
 -131 8355709
 -131 32637
 -131 381
 -131 275
 18 -8355822
 18 -32750
 18 -238
 18 -194
 -80 -208
 -80 -208
 -80 -208
 -80 -179
 -246 -118
 -246 -118
 -246 -374
 -246 -281
 -51 -179
 -51 -179
 -51 -179
 -51 -193
 120 -8355720
 120 -32648
 120 -136
 120 -219
 -65 -193
 -65 -193
 -65 -193
 -65 -197
 -98 -98
 -98 -98
 -98 -354
 -98 -334
 -21 -21
 -21 -21
 -21 -789
 -21 -797
 53 -8355787
 53 -32715
 53 -1227
 53 -1202
 129 -8355839
 129 -32767
 129 -1279
 129 -1224
 75 -8355637
 75 -32565
 75 -1333
 75 -1332
 -158 -158
 -158 -158
 -158 -926
 -158 -915
 -51 -179
 -51 -179
 -51 -691
 -51 -690
 -165 -37
 -165 -37
 -165 -293
 -165 -350
 -113 -113
 -113 -113
 -113 -369
 -113 -261
 40 40
 40 40
 40 40
 40 96
 -242 8355726
 -242 32654
 -242 142
 -242 212
 -147 8355821
 -147 32749
 -147 237
 -147 226
 34 162
 34 162
 34 418
 34 417
 44 172
 44 172
 44 428
 44 473
 -124 8355588
 -124 32516
 -124 516
 -124 512
 -178 8355662
 -178 32590
 -178 846
 -178 799
 -175 8355665
 -175 32593
 -175 849
 -175 845
 -132 8355708
 -132 32636
 -132 892
 -132 878
 184 56
 184 56
 184 824
 184 878
 7 7
 7 7
 7 1031
 7 1070
 -18 8355822
 -18 32750
 -18 1262
 -18 1252
 -5 8355707
 -5 32635
 -5 1659
 -5 1577
 120 120
 120 120
 120 1656
 120 1610
 -19 8355693
 -19 32621
 -19 1645
 -19 1611
 -92 8355620
 -92 32548
 -92 1572
 -92 1552
 -27 8355685
 -27 32613
 -27 1381
 -27 1407
 -81 8355759
 -81 32687
 -81 1455
 -81 1447
 62 62
 62 62
 62 1086
 62 1058
 165 37
 165 37
 165 805
 165 882
 54 182
 54 182
 54 694
 54 656
 -89 8355623
 -89 32551
 -89 295
 -89 349
 -100 8355740
 -100 32668
 -100 156
 -100 160
 16 16
 16 16
 16 16
 16 89
 122 122
 122 122
 122 122
 122 64
 -216 -88
 -216 -88
 -216 -88
 -216 -78
 -299 -427
 -299 -427
 -299 -171
 -299 -197
 -73 -201
 -73 -201
 -73 -201
 -73 -234
 10 -8355830
 10 -32758
 10 -246
 10 -253
 118 -8355722
 118 -32650
 118 -394
 118 -424
 -12 -140
 -12 -140
 -12 -396
 -12 -459
 73 -8355767
 73 -32695
 73 -695
 73 -736
 142 -8355698
 142 -32626
 142 -1138
 142 -1114
 155 -8355813
 155 -32741
 155 -1509
 155 -1489
 -4 -4
 -4 -4
 -4 -1284
 -4 -1405
 188 -8355652
 188 -32580
 188 -1092
 188 -1063
 -114 -242
 -114 -242
 -114 -754
 -114 -712
 -80 -208
 -80 -208
 -80 -464
 -80 -459
 150 -8355818
 150 -32746
 150 -234
 150 -139
 -44 8355796
 -44 32724
 -44 212
 -44 192
 92 92
 92 92
 92 348
 92 342
 220 220
 220 220
 220 476
 220 448
 -64 8355648
 -64 32576
 -64 576
 -64 581
 -111 8355601
 -111 32529
 -111 529
 -111 616
 120 120
 120 120
 120 632
 120 600
 -23 8355817
 -23 32745
 -23 745
 -23 718
 -33 8355807
 -33 32735
 -33 735
 -33 689
 -120 8355592
 -120 32520
 -120 776
 -120 887
 67 67
 67 67
 67 835
 67 848
 -27 8355813
 -27 32741
 -27 997
 -27 940
 -102 8355738
 -102 32666
 -102 1178
 -102 1234
 19 19
 19 19
 19 1555
 19 1580
 60 60
 60 60
 60 1852
 60 1809
 71 71
 71 71
 71 1351
 71 1316
 23 23
 23 23
 23 1047
 23 1132
 28 156
 28 156
 28 1180
 28 1272
 -280 8355560
 -280 32488
 -280 1256
 -280 1243
 -182 8355658
 -182 32586
 -182 1098
 -182 1050
 -66 8355646
 -66 32574
 -66 574
 -66 546
 -2 8355710
 -2 32638
 -2 638
 -2 552
 -8 8355704
 -8 32632
 -8 632
 -8 519
 -167 8355801
 -167 32729
 -167 473
 -167 413
 103 231
 103 231
 103 231
 103 231
 138 -8355702
 138 -32630
 138 -118
 138 -58
 127 -8355713
 127 -32641
 127 -129
 127 -253
 -103 -231
 -103 -231
 -103 -231
 -103 -166
 140 -8355828
 140 -32756
 140 -244
 140 -214
 197 -8355643
 197 -32571
 197 -315
 197 -318
 75 -8355637
 75 -32565
 75 -309
 75 -343
 -205 -205
 -205 -205
 -205 -717
 -205 -651
 -446 -318
 -446 -318
 -446 -1086
 -446 -1102
 -135 -7
 -135 -7
 -135 -1287
 -135 -1291
 138 -8355830
 138 -32758
 138 -1526
 138 -1450
 -40 -40
 -40 -40
 -40 -1320
 -40 -1383
 -193 -193
 -193 -193
 -193 -961
 -193 -1015
 -86 -86
 -86 -86
 -86 -598
 -86 -633
 -226 -226
 -226 -226
 -226 -482
 -226 -385
 46 -8355794
 46 -32722
 46 -466
 46 -390
 203 -8355637
 203 -32565
 203 -53
 203 -41
 -14 8355826
 -14 32754
 -14 242
 -14 162
 -229 8355611
 -229 32539
 -229 27
 -229 58
 -173 8355795
 -173 32723
 -173 211
 -173 230
 21 149
 21 149
 21 405
 21 505
 -287 8355553
 -287 32481
 -287 737
 -287 706
 -347 8355493
 -347 32421
 -347 933
 -347 896
 -568 8355144
 -568 32072
 -568 840
 -568 782
 -60 8355652
 -60 32580
 -60 580
 -60 579
 -95 8355617
 -95 32545
 -95 801
 -95 861
 11 139
 11 139
 11 907
 11 936
 -87 8355753
 -87 32681
 -87 1449
 -87 1478
 36 36
 36 36
 36 1572
 36 1587
 -34 8355678
 -34 32606
 -34 1630
 -34 1615
 104 232
 104 232
 104 1768
 104 1672
 -109 8355731
 -109 32659
 -109 1427
 -109 1481
 17 17
 17 17
 17 1041
 17 1087
 -12 8355700
 -12 32628
 -12 1140
 -12 1050
 11 11
 11 11
 11 779
 11 864
 20 148
 20 148
 20 660
 20 697
 -92 8355748
 -92 32676
 -92 676
 -92 645
 128 128
 128 128
 128 384
 128 417
 34 34
 34 34
 34 290
 34 304
 25 25
 25 25
 25 25
 25 73
 -56 -184
 -56 -184
 -56 -184
 -56 -173
 -160 -32
 -160 -32
 -160 -32
 -160 -125
 -32 -32
 -32 -32
 -32 -288
 -32 -263
 99 -8355741
 99 -32669
 99 -157
 99 -178
 110 -8355602
 110 -32530
 110 -274
 110 -295
 -22 -150
 -22 -150
 -22 -406
 -22 -403
 -143 -143
 -143 -143
 -143 -655
 -143 -713
 -68 -68
 -68 -68
 -68 -1092
 -68 -1027
 -13 -141
 -13 -141
 -13 -1421
 -13 -1476
 38 -8355674
 38 -32602
 38 -1370
 38 -1385
 10 -8355830
 10 -32758
 10 -1526
 10 -1449
 -233 -233
 -233 -233
 -233 -1001
 -233 -954
 -93 -221
 -93 -221
 -93 -989
 -93 -909
 15 -8355697
 15 -32625
 15 -625
 15 -552
 -47 -175
 -47 -175
 -47 -431
 -47 -465
 68 -8355772
 68 -32700
 68 -188
 68 -138
 -194 8355774
 -194 32702
 -194 190
 -194 192
 101 101
 101 101
 101 357
 101 303
 64 192
 64 192
 64 448
 64 443
 137 9
 137 9
 137 521
 137 547
 -190 8355650
 -190 32578
 -190 578
 -190 615
 -42 8355798
 -42 32726
 -42 726
 -42 691
 -40 8355800
 -40 32728
 -40 728
 -40 663
 -51 8355789
 -51 32717
 -51 461
 -51 424
 39 167
 39 167
 39 423
 39 389
 -165 8355675
 -165 32603
 -165 859
 -165 770
 -23 8355817
 -23 32745
 -23 1257
 -23 1219
 101 229
 101 229
 101 1509
 101 1437
 48 48
 48 48
 48 1584
 48 1585
 -40 8355800
 -40 32728
 -40 1752
 -40 1753
 -92 8355748
 -92 32676
 -92 1444
 -92 1408
 -218 8355750
 -218 32678
 -218 1190
 -218 1152
 -84 8355756
 -84 32684
 -84 940
 -84 979
 -173 8355667
 -173 32595
 -173 851
 -173 825
 -224 8355744
 -224 32672
 -224 672
 -224 679
 -381 8355331
 -381 32259
 -381 515
 -381 513
 -311 8355529
 -311 32457
 -311 201
 -311 164
 -18 8355694
 -18 32622
 -18 110
 -18 76
 117 117
 117 117
 117 117
 117 23
 161 -8355679
 161 -32607
 161 -351
 161 -268
 -46 -174
 -46 -174
 -46 -430
 -46 -420
 182 -8355786
 182 -32714
 182 -458
 182 -402
 39 -8355801
 39 -32729
 39 -473
 39 -483
 92 -8355748
 92 -32676
 92 -420
 92 -435
 92 -8355748
 92 -32676
 92 -420
 92 -499
 -41 -169
 -41 -169
 -41 -681
 -41 -754
 -155 -27
 -155 -27
 -155 -1051
 -155 -1056
 -162 -162
 -162 -162
 -162 -1186
 -162 -1224
 184 -8355656
 184 -32584
 184 -1096
 184 -1143
 -85 -213
 -85 -213
 -85 -1237
 -85 -1189
 -148 -148
 -148 -148
 -148 -1172
 -148 -1187
 -38 -166
 -38 -166
 -38 -678
 -38 -761
 71 -8355641
 71 -32569
 71 -313
 71 -378
 -104 -232
 -104 -232
 -104 -232
 -104 -226
 42 42
 42 42
 42 42
 42 42
 65 65
 65 65
 65 65
 65 32
 -47 8355665
 -47 32593
 -47 81
 -47 75
 115 115
 115 115
 115 115
 115 115
 282 282
 282 282
 282 282
 282 321
 109 237
 109 237
 109 493
 109 481
 -21 8355691
 -21 32619
 -21 619
 -21 614
 56 56
 56 56
 56 824
 56 829
 -51 8355661
 -51 32589
 -51 845
 -51 810
 49 177
 49 177
 49 433
 49 491
 97 225
 97 225
 97 481
 97 459
 138 138
 138 138
 138 394
 138 493
 115 243
 115 243
 115 1011
 115 964
 40 168
 40 168
 40 1448
 40 1523
 241 241
 241 241
 241 1521
 241 1488
 160 32
 160 32
 160 1312
 160 1318
 30 158
 30 158
 30 1182
 30 1168
 -333 8355507
 -333 32435
 -333 947
 -333 945
 -146 8355694
 -146 32622
 -146 878
 -146 834
 93 93
 93 93
 93 861
 93 832
 179 51
 179 51
 179 563
 179 585
 11 -8355701
 11 -32629
 11 -117
 11 -58
 128 -8355840
 128 -32768
 128 -256
 128 -149
 -32 -160
 -32 -160
 -32 -160
 -32 -133
 -56 -56
 -56 -56
 -56 -56
 -56 -60
 29 -8355683
 29 -32611
 29 -355
 29 -339
 -24 -24
 -24 -24
 -24 -536
 -24 -605
 -43 -43
 -43 -43
 -43 -555
 -43 -621
 -156 -28
 -156 -28
 -156 -540
 -156 -561
 -41 -169
 -41 -169
 -41 -425
 -41 -496
 -25 -153
 -25 -153
 -25 -665
 -25 -666
 -102 -102
 -102 -102
 -102 -1126
 -102 -1069
 -193 -65
 -193 -65
 -193 -1601
 -193 -1573
 -23 -23
 -23 -23
 -23 -1559
 -23 -1615
 -41 -169
 -41 -169
 -41 -1449
 -41 -1414
 -81 -209
 -81 -209
 -81 -1233
 -81 -1242
 -12 -140
 -12 -140
 -12 -652
 -12 -734
 31 -8355681
 31 -32609
 31 -609
 31 -637
 393 -8355575
 393 -32503
 393 -503
 393 -440
 219 -8355749
 219 -32677
 219 -165
 219 -231
 105 -8355607
 105 -32535
 105 -23
 105 -124
 35 35
 35 35
 35 35
 35 59
 79 207
 79 207
 79 463
 79 405
 112 240
 112 240
 112 496
 112 467
 8 136
 8 136
 8 648
 8 733
 47 47
 47 47
 47 815
 47 800
 19 19
 19 19
 19 787
 19 841
 194 194
 194 194
 194 706
 194 685
 113 113
 113 113
 113 625
 113 635
 -44 8355796
 -44 32724
 -44 724
 -44 643
 -259 8355581
 -259 32509
 -259 1021
 -259 907
 -179 8355661
 -179 32589
 -179 1357
 -179 1398
 -162 8355806
 -162 32734
 -162 1502
 -162 1476
 -187 8355653
 -187 32581
 -187 1605
 -187 1639
 -281 8355431
 -281 32359
 -281 1639
 -281 1602
 -253 8355715
 -253 32643
 -253 1411
 -253 1465
 -165 8355803
 -165 32731
 -165 1243
 -165 1243
 -148 8355820
 -148 32748
 -148 1004
 -148 907
 -72 8355640
 -72 32568
 -72 568
 -72 623
 -130 8355838
 -130 32766
 -130 510
 -130 499
 -59 8355653
 -59 32581
 -59 69
 -59 19
 -100 -228
 -100 -228
 -100 -228
 -100 -206
 -21 -149
 -21 -149
 -21 -149
 -21 -163
 -57 -185
 -57 -185
 -57 -185
 -57 -165
 161 -8355679
 161 -32607
 161 -95
 161 -62
 28 -8355684
 28 -32612
 28 -356
 28 -349
 147 -8355693
 147 -32621
 147 -621
 147 -552
 201 -8355639
 201 -32567
 201 -567
 201 -527
 -104 -104
 -104 -104
 -104 -616
 -104 -589
 8 -8355704
 8 -32632
 8 -888
 8 -779
 9 -8355831
 9 -32759
 9 -1271
 9 -1267
 23 -8355689
 23 -32617
 23 -1385
 23 -1332
 -20 -148
 -20 -148
 -20 -1684
 -20 -1748
 106 -8355606
 106 -32534
 106 -1558
 106 -1648
 -55 -183
 -55 -183
 -55 -1207
 -55 -1270
 116 -8355596
 116 -32524
 116 -780
 116 -869
 -17 -145
 -17 -145
 -17 -657
 -17 -654
 -2 -130
 -2 -130
 -2 -642
 -2 -712
 124 -8355716
 124 -32644
 124 -388
 124 -464
 221 -8355619
 221 -32547
 221 -291
 221 -265
 170 170
 170 170
 170 170
 170 229
 -101 8355739
 -101 32667
 -101 155
 -101 244
 139 139
 139 139
 139 139
 139 245
 301 429
 301 429
 301 429
 301 465
 110 238
 110 238
 110 750
 110 693
 -343 8355497
 -343 32425
 -343 681
 -343 658
 -205 8355635
 -205 32563
 -205 819
 -205 785
 62 190
 62 190
 62 958
 62 976
 119 119
 119 119
 119 887
 119 834
 239 111
 239 111
 239 1135
 239 1045
 -28 8355684
 -28 32612
 -28 1380
 -28 1336
 -109 8355603
 -109 32531
 -109 1299
 -109 1331
 156 156
 156 156
 156 1436
 156 1496
 250 250
 250 250
 250 1530
 250 1421
 -193 8355647
 -193 32575
 -193 1343
 -193 1393
 -43 8355669
 -43 32597
 -43 1109
 -43 1061
 -157 8355683
 -157 32611
 -157 867
 -157 786
 -135 8355833
 -135 32761
 -135 505
 -135 396
 112 240
 112 240
 112 496
 112 435
 164 164
 164 164
 164 420
 164 402
 123 123
 123 123
 123 123
 123 26
 -13 -141
 -13 -141
 -13 -141
 -13 -176
 37 -8355675
 37 -32603
 37 -91
 37 -44
 23 -8355689
 23 -32617
 23 -105
 23 -80
 -80 -80
 -80 -80
 -80 -336
 -80 -341
 -211 -83
 -211 -83
 -211 -595
 -211 -559
 -139 -139
 -139 -139
 -139 -651
 -139 -755
 -126 -254
 -126 -254
 -126 -766
 -126 -647
 -45 -173
 -45 -173
 -45 -685
 -45 -689
 -182 -182
 -182 -182
 -182 -950
 -182 -1010
 -377 -505
 -377 -505
 -377 -1529
 -377 -1499
 -223 -223
 -223 -223
 -223 -1759
 -223 -1733
 -140 -140
 -140 -140
 -140 -1676
 -140 -1682
 0 -8355712
 0 -32640
 0 -1408
 0 -1390
 -46 -46
 -46 -46
 -46 -1070
 -46 -1062
 -9 -9
 -9 -9
 -9 -777
 -9 -796
 -134 -134
 -134 -134
 -134 -390
 -134 -398
 23 -8355817
 23 -32745
 23 -489
 23 -462
 -172 -172
 -172 -172
 -172 -172
 -172 -141
 -169 8355799
 -169 32727
 -169 215
 -169 214
 74 202
 74 202
 74 458
 74 418
 9 9
 9 9
 9 265
 9 379
 -52 8355660
 -52 32588
 -52 332
 -52 321
 73 73
 73 73
 73 329
 73 301
 180 180
 180 180
 180 436
 180 450
 248 120
 248 120
 248 632
 248 632
 -70 8355642
 -70 32570
 -70 314
 -70 372
 -258 8355454
 -258 32382
 -258 382
 -258 338
 59 59
 59 59
 59 571
 59 609
 -222 8355618
 -222 32546
 -222 1058
 -222 1115
 -182 8355786
 -182 32714
 -182 1226
 -182 1255
 -32 8355808
 -32 32736
 -32 1504
 -32 1512
 221 93
 221 93
 221 1629
 221 1619
 172 172
 172 172
 172 1196
 172 1269
 58 186
 58 186
 58 954
 58 1018
 -109 8355603
 -109 32531
 -109 787
 -109 773
 -97 8355615
 -97 32543
 -97 543
 -97 548
 163 163
 163 163
 163 419
 163 493
 -246 8355594
 -246 32522
 -246 266
 -246 371
 -429 8355539
 -429 32467
 -429 211
 -429 150
 -45 8355667
 -45 32595
 -45 83
 -45 62
 259 -8355581
 259 -32509
 259 -253
 259 -215
 247 -8355721
 247 -32649
 247 -393
 247 -452
 -64 -64
 -64 -64
 -64 -576
 -64 -553
 -162 -34
 -162 -34
 -162 -546
 -162 -553
 17 -8355823
 17 -32751
 17 -751
 17 -743
 155 -8355685
 155 -32613
 155 -869
 155 -799
 -29 -157
 -29 -157
 -29 -925
 -29 -957
 -236 -236
 -236 -236
 -236 -1260
 -236 -1170
 -185 -57
 -185 -57
 -185 -1593
 -185 -1578
 26 -8355686
 26 -32614
 26 -1638
 26 -1664
 -10 -10
 -10 -10
 -10 -1546
 -10 -1625
 140 -8355700
 140 -32628
 140 -1396
 140 -1365
 -9 -137
 -9 -137
 -9 -905
 -9 -967
 -153 -153
 -153 -153
 -153 -665
 -153 -706
 -54 -54
 -54 -54
 -54 -566
 -54 -633
 51 -8355661
 51 -32589
 51 -333
 51 -259
 86 -8355626
 86 -32554
 86 -298
 86 -258
 103 -8355737
 103 -32665
 103 -153
 103 -179
 -63 8355777
 -63 32705
 -63 193
 -63 139
 -41 8355799
 -41 32727
 -41 471
 -41 384
 86 214
 86 214
 86 470
 86 405
 -94 8355746
 -94 32674
 -94 418
 -94 405
 -55 8355785
 -55 32713
 -55 457
 -55 487
 -126 8355714
 -126 32642
 -126 386
 -126 502
 -107 8355605
 -107 32533
 -107 533
 -107 574
 -101 8355739
 -101 32667
 -101 667
 -101 695
 -178 8355662
 -178 32590
 -178 846
 -178 793
 -144 8355824
 -144 32752
 -144 1008
 -144 974
 -163 8355677
 -163 32605
 -163 1373
 -163 1372
 -135 8355705
 -135 32633
 -135 1401
 -135 1335
 -183 8355785
 -183 32713
 -183 1481
 -183 1442
 -126 8355586
 -126 32514
 -126 1282
 -126 1348
 -420 8355548
 -420 32476
 -420 988
 -420 904
 -156 8355812
 -156 32740
 -156 740
 -156 655
 -200 8355768
 -200 32696
 -200 440
 -200 486
 -60 8355652
 -60 32580
 -60 68
 -60 121
 -288 8355424
 -288 32352
 -288 96
 -288 125
 -240 8355600
 -240 32528
 -240 16
 -240 45
 32 -8355680
 32 -32608
 32 -352
 32 -323
 7 -8355833
 7 -32761
 7 -505
 7 -425
 -29 -29
 -29 -29
 -29 -541
 -29 -625
 -169 -169
 -169 -169
 -169 -681
 -169 -703
 -78 -78
 -78 -78
 -78 -590
 -78 -619
 -207 -207
 -207 -207
 -207 -719
 -207 -691
 -284 -284
 -284 -284
 -284 -540
 -284 -638
 -194 -66
 -194 -66
 -194 -578
 -194 -531
 -315 -443
 -315 -443
 -315 -955
 -315 -939
 -124 -252
 -124 -252
 -124 -1276
 -124 -1273
 -221 -221
 -221 -221
 -221 -1757
 -221 -1677
 -226 -98
 -226 -98
 -226 -1890
 -226 -1862
 -358 -358
 -358 -358
 -358 -1638
 -358 -1554
 -136 -8
 -136 -8
 -136 -1032
 -136 -1138
 -325 -453
 -325 -453
 -325 -965
 -325 -909
 -131 -3
 -131 -3
 -131 -771
 -131 -787
 -73 -201
 -73 -201
 -73 -457
 -73 -509
 89 -8355751
 89 -32679
 89 -423
 89 -389
 -44 -172
 -44 -172
 -44 -172
 -44 -172
 -139 -11
 -139 -11
 -139 -11
 -139 -18
 -320 8355392
 -320 32320
 -320 64
 -320 85
 -71 8355769
 -71 32697
 -71 185
 -71 177
 -51 8355661
 -51 32589
 -51 333
 -51 368
 -308 8355532
 -308 32460
 -308 460
 -308 479
 -215 8355625
 -215 32553
 -215 553
 -215 567
 25 25
 25 25
 25 281
 25 341
 -13 8355699
 -13 32627
 -13 371
 -13 299
 -179 8355789
 -179 32717
 -179 717
 -179 677
 295 295
 295 295
 295 807
 295 891
 97 97
 97 97
 97 1377
 97 1288
 22 22
 22 22
 22 1302
 22 1358
 -245 8355595
 -245 32523
 -245 1291
 -245 1378
 -22 8355818
 -22 32746
 -22 1258
 -22 1196
 -136 8355704
 -136 32632
 -136 1144
 -136 1075
 -133 8355707
 -133 32635
 -133 891
 -133 877
 -108 8355732
 -108 32660
 -108 404
 -108 493
 -194 8355646
 -194 32574
 -194 318
 -194 312
 87 87
 87 87
 87 87
 87 73
 -134 -6
 -134 -6
 -134 -6
 -134 -57
 -175 -47
 -175 -47
 -175 -303
 -175 -269
 -239 -111
 -239 -111
 -239 -623
 -239 -535
 -442 -314
 -442 -314
 -442 -570
 -442 -526
 -453 -453
 -453 -453
 -453 -709
 -453 -674
 -228 -228
 -228 -228
 -228 -484
 -228 -456
 -173 -173
 -173 -173
 -173 -429
 -173 -419
 -40 -168
 -40 -168
 -40 -424
 -40 -472
 -172 -44
 -172 -44
 -172 -812
 -172 -801
 -351 -351
 -351 -351
 -351 -1375
 -351 -1363
 -14 -14
 -14 -14
 -14 -1550
 -14 -1630
 216 -8355752
 216 -32680
 216 -1704
 216 -1685
 251 -8355717
 251 -32645
 251 -1669
 251 -1761
 82 -8355630
 82 -32558
 82 -1326
 82 -1339
 -5 -133
 -5 -133
 -5 -901
 -5 -897
 -226 -226
 -226 -226
 -226 -738
 -226 -727
 -120 -120
 -120 -120
 -120 -888
 -120 -779
 -105 -105
 -105 -105
 -105 -617
 -105 -565
 -90 -218
 -90 -218
 -90 -474
 -90 -408
 -118 -118
 -118 -118
 -118 -118
 -118 -101
 -252 8355588
 -252 32516
 -252 4
 -252 93
 -176 8355664
 -176 32592
 -176 80
 -176 88
 28 28
 28 28
 28 284
 28 270
 -137 8355703
 -137 32631
 -137 375
 -137 293
 -256 8355712
 -256 32640
 -256 384
 -256 432
 40 168
 40 168
 40 424
 40 481
 33 161
 33 161
 33 417
 33 421
 8 136
 8 136
 8 392
 8 509
 -93 8355747
 -93 32675
 -93 675
 -93 757
 -120 8355592
 -120 32520
 -120 1032
 -120 1077
 93 93
 93 93
 93 1373
 93 1335
 251 251
 251 251
 251 1531
 251 1458
 -16 8355696
 -16 32624
 -16 1392
 -16 1304
 -14 8355826
 -14 32754
 -14 1010
 -14 1015
 -161 8355679
 -161 32607
 -161 863
 -161 844
 -42 8355798
 -42 32726
 -42 470
 -42 432
 201 201
 201 201
 201 201
 201 197
 -23 8355817
 -23 32745
 -23 233
 -23 180
 -3 8355709
 -3 32637
 -3 125
 -3 97
 -122 -122
 -122 -122
 -122 -122
 -122 -50
 7 -8355705
 7 -32633
 7 -377
 7 -372
 26 -8355814
 26 -32742
 26 -486
 26 -469
 -89 -89
 -89 -89
 -89 -601
 -89 -520
 -79 -79
 -79 -79
 -79 -591
 -79 -622
 134 -8355706
 134 -32634
 134 -634
 134 -611
 288 -8355424
 288 -32352
 288 -608
 288 -551
 205 -8355763
 205 -32691
 205 -691
 205 -706
 239 -8355601
 239 -32529
 239 -1041
 239 -1041
 330 -8355382
 330 -32310
 330 -1334
 330 -1363
 149 -8355819
 149 -32747
 149 -1515
 149 -1528
 71 -8355641
 71 -32569
 71 -1593
 71 -1571
 75 -8355637
 75 -32565
 75 -1333
 75 -1325
 106 -8355734
 106 -32662
 106 -1174
 106 -1229
 440 -8355528
 440 -32456
 440 -968
 440 -915
 260 -8355580
 260 -32508
 260 -1020
 260 -992
 142 -8355698
 142 -32626
 142 -1138
 142 -1043
 205 -8355635
 205 -32563
 205 -563
 205 -518
 223 -8355745
 223 -32673
 223 -417
 223 -473
 546 -8355166
 546 -32094
 546 -350
 546 -332
 588 -8355124
 588 -32052
 588 -52
 588 -29
 403 -8355437
 403 -32365
 403 -109
 403 -15
 603 603
 603 603
 603 347
 603 263
 509 509
 509 509
 509 509
 509 460
 849 977
 849 977
 849 465
 849 393
 528 656
 528 656
 528 144
 528 137
 571 571
 571 571
 571 59
 571 112
 828 956
 828 956
 828 188
 828 136
 945 817
 945 817
 945 305
 945 340
 879 1007
 879 1007
 879 495
 879 434
 877 1005
 877 1005
 877 749
 877 704
 1012 1012
 1012 1012
 1012 1012
 1012 1001
 889 1017
 889 1017
 889 1017
 889 899
 1158 1030
 1158 1030
 1158 774
 1158 805
 1421 1293
 1421 1293
 1421 525
 1421 620
 1461 1333
 1461 1333
 1461 309
 1461 311
 1664 1664
 1664 1664
 1664 128
 1664 191
 1680 1552
 1680 1552
 1680 16
 1680 26
 1876 -8353836
 1876 -30764
 1876 -44
 1876 -21
 2036 -8353932
 2036 -30860
 2036 -396
 2036 -392
 2151 -8353689
 2151 -30617
 2151 -409
 2151 -480
 2520 -8353320
 2520 -30248
 2520 -552
 2520 -612
 2502 -8353466
 2502 -30394
 2502 -698
 2502 -743
 2724 -8353116
 2724 -30044
 2724 -860
 2724 -840
 2996 -8352844
 2996 -29772
 2996 -1100
 2996 -1108
 3137 -8352703
 3137 -29631
 3137 -1215
 3137 -1242
 3294 -8352674
 3294 -29602
 3294 -1186
 3294 -1199
 3285 -8352555
 3285 -29483
 3285 -1323
 3285 -1365
 3688 -8352024
 3688 -28952
 3688 -1560
 3688 -1585
 4122 -8351718
 4122 -28646
 4122 -2278
 4122 -2226
 4174 -8351538
 4174 -28466
 4174 -2354
 4174 -2424
 4465 -8351375
 4465 -28303
 4465 -2447
 4465 -2445
 4855 -8351113
 4855 -28041
 4855 -2441
 4855 -2529
 5250 -8350718
 5250 -27646
 5250 -2302
 5250 -2275
 5712 -8350128
 5712 -27056
 5712 -1968
 5712 -2007
 6297 -8349543
 6297 -26471
 6297 -1639
 6297 -1641
 6383 -8349457
 6383 -26385
 6383 -1553
 6383 -1576
 6686 -8349026
 6686 -25954
 6686 -1378
 6686 -1406
 7132 -8348708
 7132 -25636
 7132 -1316
 7132 -1388
 7720 -8348120
 7720 -25048
 7720 -1496
 7720 -1430
 8376 -8347592
 8376 -24520
 8376 -1224
 8376 -1223
 8842 -8346998
 8842 -23926
 8842 -1142
 8842 -1047
 9522 -8346190
 9522 -23118
 9522 -1102
 9522 -1057
 10232 -8345608
 10232 -22536
 10232 -1032
 10232 -1110
 10950 -8345018
 10950 -21946
 10950 -954
 10950 -1009
 11590 -8344122
 11590 -21050
 11590 -1082
 11590 -1121
 12352 -8343488
 12352 -20416
 12352 -1216
 12352 -1243
 13139 -8342701
 13139 -19629
 13139 -941
 13139 -1008
 13979 -8341861
 13979 -18789
 13979 -869
 13979 -895
 14846 -8341122
 14846 -18050
 14846 -642
 14846 -675
 15747 -8340221
 15747 -17149
 15747 -765
 15747 -712
 16705 -8339135
 16705 -16063
 16705 -959
 16705 -911
 17703 -8338009
 17703 -14937
 17703 -1113
 17703 -1130
 19003 -8336837
 19003 -13765
 19003 -1733
 19003 -1702
 20170 -8335798
 20170 -12726
 20170 -2230
 20170 -2269
 21480 -8334360
 21480 -11288
 21480 -2584
 21480 -2611
 22892 -8332820
 22892 -9748
 22892 -2836
 22892 -2818
 24131 -8331709
 24131 -8637
 24131 -3005
 24131 -3063
 25706 -8330134
 25706 -7062
 25706 -3478
 25706 -3516
 27198 -8328642
 27198 -5570
 27198 -4034
 27198 -4075
 28835 -8327005
 28835 -3933
 28835 -4189
 28835 -4130
 30434 -8325534
 30434 -2462
 30434 -4510
 30434 -4535
 32191 -8323649
 32191 -577
 32191 -4929
 32191 -4984
 34186 -8354550
 34186 -31478
 34186 -5110
 34186 -5072
 36145 -8352335
 36145 -29263
 36145 -5455
 36145 -5446
 38105 -8350503
 38105 -27431
 38105 -5671
 38105 -5695
 40266 -8348342
 40266 -25270
 40266 -5814
 40266 -5849
 42595 -8346013
 42595 -22941
 42595 -6557
 42595 -6557
 44977 -8343759
 44977 -20687
 44977 -7375
 44977 -7416
 47523 -8341213
 47523 -18141
 47523 -8157
 47523 -8170
 50167 -8338441
 50167 -15369
 50167 -8457
 50167 -8571
 52840 -8335768
 52840 -12696
 52840 -8600
 52840 -8691
 55690 -8332918
 55690 -9846
 55690 -8822
 55690 -8789
 58631 -8329977
 58631 -6905
 58631 -8953
 58631 -8904
 61742 -8326866
 61742 -3794
 61742 -8914
 61742 -8943
 64976 -8323632
 64976 -560
 64976 -9264
 64976 -9288
 68460 -8287252
 68460 -29716
 68460 -9492
 68460 -9581
 72196 -8283644
 72196 -26108
 72196 -9980
 72196 -9913
 75968 -8280000
 75968 -22464
 75968 -10176
 75968 -10156
 79583 -8276385
 79583 -18849
 79583 -10657
 79583 -10651
 83698 -8272142
 83698 -14606
 83698 -11022
 83698 -11018
 87890 -8267950
 87890 -10414
 87890 -11694
 87890 -11742
 92170 -8263670
 92170 -6134
 92170 -12022
 92170 -12017
 96809 -8258903
 96809 -1367
 96809 -12631
 96809 -12548
 101822 -8286786
 101822 -29250
 101822 -13378
 101822 -13377
 106636 -8282100
 106636 -24564
 106636 -14068
 106636 -14046
 111710 -8276770
 111710 -19234
 111710 -14882
 111710 -14855
 117276 -8271332
 117276 -13796
 117276 -15332
 117276 -15340
 122936 -8265672
 122936 -8136
 122936 -15816
 122936 -15868
 128552 -8259928
 128552 -2392
 128552 -16472
 128552 -16432
 134658 -8221182
 134658 -29182
 134658 -17150
 134658 -17066
 140891 -8214949
 140891 -22949
 140891 -17829
 140891 -17908
 147408 -8208560
 147408 -16560
 147408 -19120
 147408 -19133
 154115 -8201725
 154115 -9725
 154115 -20733
 154115 -20657
 160956 -8195012
 160956 -3012
 160956 -21700
 160956 -21682
 168169 -8220567
 168169 -28567
 168169 -22935
 168169 -23010
 175681 -8212799
 175681 -20799
 175681 -24383
 175681 -24389
 183319 -8205161
 183319 -13161
 183319 -25705
 183319 -25606
 191039 -8197441
 191039 -5441
 191039 -26945
 191039 -26954
 199283 -8156429
 199283 -29965
 199283 -28173
 199283 -28280
 208150 -8147690
 208150 -21226
 208150 -29674
 208150 -29599
 216893 -8138819
 216893 -12355
 216893 -30787
 216893 -30826
 225811 -8129901
 225811 -3437
 225811 -32109
 225811 -32083
 235259 -8186117
 235259 -59653
 235259 -33285
 235259 -33403
 244858 -8176390
 244858 -49926
 244858 -35078
 244858 -35075
 254738 -8166510
 254738 -40046
 254738 -36974
 254738 -36897
 265181 -8123555
 265181 -62627
 265181 -38563
 265181 -38606
 275353 -8113383
 275353 -52455
 275353 -40423
 275353 -40400
 286296 -8102184
 286296 -41256
 286296 -42280
 286296 -42303
 297326 -8123922
 297326 -62994
 297326 -44050
 297326 -44089
 308586 -8112790
 308586 -51862
 308586 -45718
 308586 -45718
 320332 -8101044
 320332 -40116
 320332 -47284
 320332 -47236
 332393 -8056087
 332393 -60695
 332393 -48663
 332393 -48656
 344735 -8044001
 344735 -48609
 344735 -50401
 344735 -50391
 357607 -8031001
 357607 -35609
 357607 -51993
 357607 -52030
 370360 -8051144
 370360 -55752
 370360 -53448
 370360 -53421
 383304 -8037944
 383304 -42552
 383304 -55352
 383304 -55373
 396998 -7991610
 396998 -61754
 396998 -57402
 396998 -57398
 411101 -7977635
 411101 -47779
 411101 -59299
 411101 -59340
 425084 -7963524
 425084 -33668
 425084 -61316
 425084 -61349
 439719 -7981785
 439719 -51929
 439719 -63705
 439719 -63627
 454489 -7934119
 454489 -69799
 454489 -65959
 454489 -65963
 469389 -7886451
 469389 -87667
 469389 -68211
 469389 -68105
 484890 -7870822
 484890 -72038
 484890 -70246
 484890 -70225
 500752 -7887856
 500752 -89072
 500752 -72688
 500752 -72637
 516456 -7872152
 516456 -73368
 516456 -74904
 516456 -74990
 532383 -7823457
 532383 -90209
 532383 -77409
 532383 -77425
 548917 -7806795
 548917 -73547
 548917 -79947
 548917 -79928
 565820 -7822660
 565820 -89412
 565820 -81988
 565820 -82011
 582759 -7805721
 582759 -72473
 582759 -84505
 582759 -84533
 599979 -7755989
 599979 -88277
 599979 -87509
 599979 -87497
 617519 -7738321
 617519 -70609
 617519 -90577
 617519 -90527
 635367 -7753369
 635367 -85657
 635367 -93593
 635367 -93624
 653251 -7735357
 653251 -67645
 653251 -96829
 653251 -96791
 671463 -7717273
 671463 -115097
 671463 -99993
 671463 -99987
 689921 -7731327
 689921 -129151
 689921 -103295
 689921 -103183
 708522 -7712982
 708522 -110806
 708522 -106454
 708522 -106482
 727214 -7661522
 727214 -124882
 727214 -109778
 727214 -109710
 745894 -7642714
 745894 -106074
 745894 -112986
 745894 -112899
 764875 -7656629
 764875 -119989
 764875 -116405
 764875 -116365
 784161 -7637215
 784161 -100575
 784161 -119519
 784161 -119534
 803569 -7585039
 803569 -113935
 803569 -122895
 803569 -122910
 822946 -7598558
 822946 -127454
 822946 -126174
 822946 -126091
 842460 -7578916
 842460 -107812
 842460 -129572
 842460 -129654
 861902 -7493938
 861902 -153906
 861902 -133170
 861902 -133229
 881670 -7474042
 881670 -134010
 881670 -136826
 881670 -136768
 901319 -7487417
 901319 -147385
 901319 -140473
 901319 -140429
 920782 -7435058
 920782 -160562
 920782 -143922
 920782 -143972
 940428 -7415412
 940428 -140916
 940428 -147572
 940428 -147581
 960134 -7428602
 960134 -154106
 960134 -151290
 960134 -151188
 979380 -7409228
 979380 -134732
 979380 -154444
 979380 -154458
 998927 -7356785
 998927 -147825
 998927 -157553
 998927 -157549
 1018294 -7370442
 1018294 -161482
 1018294 -160714
 1018294 -160673
 1037463 -7383913
 1037463 -174953
 1037463 -164201
 1037463 -164134
 1056479 -7332257
 1056479 -188833
 1056479 -167329
 1056479 -167353
 1075396 -7313340
 1075396 -169916
 1075396 -170684
 1075396 -170730
 1093946 -7327430
 1093946 -184006
 1093946 -173766
 1093946 -173805
 1112572 -7308932
 1112572 -165508
 1112572 -177284
 1112572 -177330
 1130712 -7257896
 1130712 -180008
 1130712 -180776
 1130712 -180780
 1148931 -7272317
 1148931 -194429
 1148931 -184189
 1148931 -184105
 1166596 -7254652
 1166596 -176764
 1166596 -187516
 1166596 -187476
 1183931 -7204805
 1183931 -192453
 1183931 -190917
 1183931 -190880
 1200779 -7187957
 1200779 -175605
 1200779 -194293
 1200779 -194224
 1217310 -7171298
 1217310 -224482
 1217310 -197346
 1217310 -197339
 1233585 -7155151
 1233585 -208335
 1233585 -200655
 1233585 -200592
 1249045 -7106667
 1249045 -225387
 1249045 -203627
 1249045 -203646
 1264406 -7091306
 1264406 -210026
 1264406 -206442
 1264406 -206393
 1279180 -7109556
 1279180 -228276
 1279180 -209332
 1279180 -209306
 1293465 -7095143
 1293465 -213863
 1293465 -212327
 1293465 -212305
 1306918 -7081562
 1306918 -200282
 1306918 -215642
 1306918 -215569
 1320076 -7035892
 1320076 -220148
 1320076 -218868
 1320076 -218796
 1332729 -7023239
 1332729 -207495
 1332729 -221831
 1332729 -221906
 1344486 -7044122
 1344486 -228378
 1344486 -224794
 1344486 -224878
 1355474 -7033262
 1355474 -217518
 1355474 -228014
 1355474 -227973
 1365737 -7055767
 1365737 -240023
 1365737 -230807
 1365737 -230891
 1375557 -7045819
 1375557 -230075
 1375557 -233659
 1375557 -233626
 1384251 -7004357
 1384251 -254149
 1384251 -236485
 1384251 -236484
 1392418 -6996190
 1392418 -245982
 1392418 -239070
 1392418 -239043
 1399979 -6988629
 1399979 -238421
 1399979 -241493
 1399979 -241413
 1406400 -6982336
 1406400 -232128
 1406400 -243648
 1406400 -243667
 1411861 -7009387
 1411861 -259179
 1411861 -245867
 1411861 -245779
 1416775 -7004473
 1416775 -254265
 1416775 -247865
 1416775 -247936
 1420568 -7000808
 1420568 -250600
 1420568 -249832
 1420568 -249794
 1423345 -6998031
 1423345 -247823
 1423345 -251663
 1423345 -251702
 1425440 -6995936
 1425440 -245728
 1425440 -253920
 1425440 -253876
 1426454 -6994922
 1426454 -244714
 1426454 -255722
 1426454 -255706
 1426286 -6995090
 1426286 -244882
 1426286 -257170
 1426286 -257194
 1425195 -6996181
 1425195 -245973
 1425195 -258517
 1425195 -258468
 1423231 -6998017
 1423231 -247809
 1423231 -259329
 1423231 -259359
 1420035 -7001213
 1420035 -251005
 1420035 -259965
 1420035 -259845
 1415882 -7005622
 1415882 -255414
 1415882 -260278
 1415882 -260270
 1410688 -7010816
 1410688 -260608
 1410688 -260864
 1410688 -260779
 1404389 -6984219
 1404389 -234011
 1404389 -260891
 1404389 -260959
 1396912 -6991824
 1396912 -241616
 1396912 -261072
 1396912 -261051
 1388323 -7000157
 1388323 -249949
 1388323 -260957
 1388323 -260906
 1378488 -7010248
 1378488 -260040
 1378488 -260808
 1378488 -260774
 1367786 -7053718
 1367786 -237974
 1367786 -260246
 1367786 -260303
 1355715 -7065661
 1355715 -249917
 1355715 -259645
 1355715 -259699
 1342609 -7046127
 1342609 -230383
 1342609 -259055
 1342609 -259009
 1328181 -7060427
 1328181 -244683
 1328181 -257995
 1328181 -258012
 1312829 -7075779
 1312829 -260035
 1312829 -256963
 1312829 -256905
 1296258 -7125246
 1296258 -243966
 1296258 -255742
 1296258 -255740
 1278678 -7142826
 1278678 -261546
 1278678 -254378
 1278678 -254449
 1259960 -7128776
 1259960 -247496
 1259960 -252872
 1259960 -252838
 1240009 -7181495
 1240009 -234679
 1240009 -250807
 1240009 -250815
 1219045 -7202331
 1219045 -255515
 1219045 -248603
 1219045 -248589
 1196844 -7191764
 1196844 -244948
 1196844 -246228
 1196844 -246271
 1173617 -7247759
 1173617 -235407
 1173617 -243855
 1173617 -243967
 1149251 -7271997
 1149251 -259645
 1149251 -241725
 1149251 -241748
 1124036 -7264572
 1124036 -252220
 1124036 -239420
 1124036 -239370
 1097671 -7323833
 1097671 -245945
 1097671 -236729
 1097671 -236768
 1070067 -7318541
 1070067 -240653
 1070067 -233485
 1070067 -233593
 1041729 -7379647
 1041729 -236223
 1041729 -230591
 1041729 -230537
 1012277 -7343563
 1012277 -200139
 1012277 -227531
 1012277 -227501
 981660 -7406948
 981660 -197988
 981660 -224100
 981660 -224089
 950276 -7438204
 950276 -229244
 950276 -220796
 950276 -220685
 917965 -7437875
 917965 -228915
 917965 -217139
 917965 -217141
 884779 -7503701
 884779 -229205
 884779 -213333
 884779 -213282
 850684 -7537924
 850684 -197892
 850684 -208900
 850684 -208998
 815837 -7540131
 815837 -200099
 815837 -204451
 815837 -204477
 780098 -7608510
 780098 -202942
 780098 -199870
 780098 -199820
 743686 -7644922
 743686 -173818
 743686 -195322
 743686 -195202
 706457 -7715047
 706457 -178407
 706457 -190439
 706457 -190347
 668281 -7720199
 668281 -183559
 668281 -185351
 668281 -185362
 629497 -7792007
 629497 -189831
 629497 -180615
 629497 -180615
 590267 -7798341
 590267 -196165
 590267 -175429
 590267 -175469
 550490 -7838118
 550490 -170406
 550490 -169894
 550490 -169878
 510066 -7911182
 510066 -177934
 510066 -164110
 510066 -164195
 469016 -7886696
 469016 -153448
 469016 -158056
 469016 -158044
 427246 -7961362
 427246 -162578
 427246 -151826
 427246 -151873
 385389 -8003219
 385389 -138899
 385389 -145811
 385389 -145807
 343033 -8012935
 343033 -148615
 343033 -139399
 343033 -139467
 300159 -8088321
 300159 -158465
 300159 -132865
 300159 -132956
 257045 -8164203
 257045 -103275
 257045 -126571
 257045 -126503
 213670 -8174938
 213670 -114010
 213670 -119642
 213670 -119676
 170254 -8251122
 170254 -124658
 170254 -112882
 170254 -112851
 126632 -8294744
 126632 -102744
 126632 -106072
 126632 -106061
 82473 -8306135
 82473 -114135
 82473 -99031
 82473 -99023
 38298 -8350310
 38298 -92774
 38298 -92262
 38298 -92216
 -5887 -5887
 -5887 -71423
 -5887 -84991
 -5887 -84968
 -49945 -17305
 -49945 -82841
 -49945 -77721
 -49945 -77784
 -93961 -94089
 -93961 -94089
 -93961 -70793
 -93961 -70824
 -137938 -170706
 -137938 -39634
 -137938 -63698
 -137938 -63662
 -181583 -181583
 -181583 -50511
 -181583 -56399
 -181583 -56352
 -224972 -257740
 -224972 -61132
 -224972 -49100
 -224972 -49051
 -268139 -300907
 -268139 -38763
 -268139 -41579
 -268139 -41561
 -310896 -311024
 -310896 -48880
 -310896 -34032
 -310896 -33976
 -353150 -353278
 -353150 -25598
 -353150 -27134
 -353150 -27053
 -395365 -395493
 -395365 -2277
 -395365 -20197
 -395365 -20220
 -436967 -404199
 -436967 -10983
 -436967 -13287
 -436967 -13262
 -477923 -477923
 -477923 -19171
 -477923 -6115
 -477923 -6037
 -518276 7870460
 -518276 6140
 -518276 1020
 -518276 937
 -558435 7830045
 -558435 31261
 -558435 7709
 -558435 7739
 -598056 7757656
 -598056 24408
 -598056 14680
 -598056 14683
 -637011 7751469
 -637011 18221
 -637011 21549
 -637011 21624
 -674973 7680995
 -674973 13283
 -674973 28387
 -674973 28359
 -712492 7708884
 -712492 41172
 -712492 35028
 -712492 35035
 -749025 7639711
 -749025 37535
 -749025 41887
 -749025 41860
 -785153 7636223
 -785153 34047
 -785153 48895
 -785153 48792
 -820537 7600711
 -820537 64071
 -820537 55623
 -820537 55566
 -854976 7533760
 -854976 62656
 -854976 62144
 -854976 62139
 -888449 7500159
 -888449 94591
 -888449 68735
 -888449 68708
 -921100 7434612
 -921100 94580
 -921100 74868
 -921100 74844
 -952954 7435654
 -952954 95622
 -952954 81030
 -952954 81056
 -983558 7372154
 -983558 97658
 -983558 86906
 -983558 86858
 -1013764 7342076
 -1013764 67580
 -1013764 92924
 -1013764 92832
 -1042829 7378675
 -1042829 104179
 -1042829 99059
 -1042829 99040
 -1070891 7317589
 -1070891 108629
 -1070891 105045
 -1070891 105061
 -1097675 7323701
 -1097675 114741
 -1097675 111157
 -1097675 111169
 -1123516 7265220
 -1123516 121796
 -1123516 117444
 -1123516 117473
 -1148331 7273045
 -1148331 129621
 -1148331 123477
 -1148331 123410
 -1172078 7249298
 -1172078 105874
 -1172078 128914
 -1172078 128982
 -1194880 7160832
 -1194880 148480
 -1194880 134400
 -1194880 134479
 -1216348 7172132
 -1216348 159780
 -1216348 139812
 -1216348 139782
 -1236937 7151671
 -1236937 139319
 -1236937 144951
 -1236937 144951
 -1256662 7099306
 -1256662 152490
 -1256662 149930
 -1256662 150003
 -1274894 7080818
 -1274894 134002
 -1274894 154994
 -1274894 154885
 -1292168 7096440
 -1292168 149624
 -1292168 159608
 -1292168 159540
 -1308481 7112895
 -1308481 166079
 -1308481 164031
 -1308481 164016
 -1323500 7065236
 -1323500 183956
 -1323500 168340
 -1323500 168432
 -1337348 7051132
 -1337348 169852
 -1337348 172668
 -1337348 172637
 -1349915 7071461
 -1349915 190181
 -1349915 176613
 -1349915 176589
 -1361569 7059935
 -1361569 178655
 -1361569 180447
 -1361569 180397
 -1371951 7049297
 -1371951 168017
 -1371951 184657
 -1371951 184644
 -1381722 7006886
 -1381722 191142
 -1381722 188326
 -1381722 188326
 -1389906 6998574
 -1389906 182830
 -1389906 191534
 -1389906 191566
 -1396843 6991765
 -1396843 176021
 -1396843 194453
 -1396843 194517
 -1403078 6952762
 -1403078 202554
 -1403078 197178
 -1403078 197148
 -1408227 6947741
 -1408227 197533
 -1408227 199581
 -1408227 199557
 -1412097 6976511
 -1412097 226303
 -1412097 202239
 -1412097 202213
 -1415030 6973578
 -1415030 223370
 -1415030 204426
 -1415030 204428
 -1416937 6971799
 -1416937 221591
 -1416937 206231
 -1416937 206258
 -1417669 6971067
 -1417669 220859
 -1417669 208059
 -1417669 208095
 -1417584 6971024
 -1417584 220816
 -1417584 209808
 -1417584 209832
 -1416648 6971960
 -1416648 221752
 -1416648 211512
 -1416648 211499
 -1414613 6973995
 -1414613 223787
 -1414613 212779
 -1414613 212818
 -1411593 6977015
 -1411593 226807
 -1411593 214007
 -1411593 213988
 -1407709 6948131
 -1407709 197923
 -1407709 215075
 -1407709 215053
 -1403023 6952945
 -1403023 202737
 -1403023 216305
 -1403023 216239
 -1397118 6958722
 -1397118 208514
 -1397118 216962
 -1397118 217050
 -1390537 6965431
 -1390537 215223
 -1390537 217783
 -1390537 217776
 -1383299 6972669
 -1383299 222461
 -1383299 218109
 -1383299 218003
 -1375252 7013356
 -1375252 197612
 -1375252 218092
 -1375252 218013
 -1366308 7022172
 -1366308 206428
 -1366308 217692
 -1366308 217641
 -1356507 7032101
 -1356507 216357
 -1356507 217381
 -1356507 217420
 -1346113 7042367
 -1346113 226623
 -1346113 217663
 -1346113 217708
 -1335148 7020692
 -1335148 204948
 -1335148 217748
 -1335148 217842
 -1323481 7032487
 -1323481 216743
 -1323481 218023
 -1323481 218011
 -1311147 7044693
 -1311147 228949
 -1311147 217941
 -1311147 217943
 -1298179 7090301
 -1298179 209021
 -1298179 217725
 -1298179 217724
 -1284278 7104330
 -1284278 223050
 -1284278 217162
 -1284278 217195
 -1270367 7085473
 -1270367 204193
 -1270367 216481
 -1270367 216469
 -1255712 7100000
 -1255712 218720
 -1255712 215648
 -1255712 215634
 -1240407 7148073
 -1240407 201257
 -1240407 214569
 -1240407 214535
 -1225053 7163555
 -1225053 216739
 -1225053 213411
 -1225053 213494
 -1209313 7146655
 -1209313 199839
 -1209313 212383
 -1209313 212427
 -1192916 7162924
 -1192916 216108
 -1192916 211244
 -1192916 211243
 -1175953 7212655
 -1175953 200303
 -1175953 210031
 -1175953 209991
 -1158640 7230096
 -1158640 217744
 -1158640 208528
 -1158640 208621
 -1141223 7214745
 -1141223 202393
 -1141223 206745
 -1141223 206727
 -1123455 7232257
 -1123455 219905
 -1123455 205057
 -1123455 205092
 -1105534 7282946
 -1105534 205058
 -1105534 203266
 -1105534 203388
 -1087389 7301347
 -1087389 223459
 -1087389 201955
 -1087389 201881
 -1068732 7287236
 -1068732 209348
 -1068732 200388
 -1068732 200407
 -1050079 7305889
 -1050079 228001
 -1050079 198561
 -1050079 198577
 -1031173 7390075
 -1031173 181115
 -1031173 196219
 -1031173 196125
 -1012280 7376328
 -1012280 167368
 -1012280 193736
 -1012280 193709
 -993004 7395732
 -993004 186772
 -993004 191124
 -993004 191142
 -973870 7447378
 -973870 172882
 -973870 188498
 -973870 188448
 -954567 7466809
 -954567 192313
 -954567 185913
 -954567 185904
 -935254 7453354
 -935254 178858
 -935254 183210
 -935254 183288
 -916073 7505303
 -916073 165271
 -916073 180631
 -916073 180627
 -896660 7524844
 -896660 184812
 -896660 177900
 -896660 177850
 -877194 7511414
 -877194 171382
 -877194 175222
 -877194 175221
 -857865 7530743
 -857865 190711
 -857865 172535
 -857865 172499
 -838544 7582832
 -838544 177264
 -838544 169840
 -838544 169827
 -819404 7602100
 -819404 196532
 -819404 167092
 -819404 167096
 -800242 7588494
 -800242 182926
 -800242 164238
 -800242 164302
 -781212 7607524
 -781212 136420
 -781212 161508
 -781212 161495
 -762237 7626243
 -762237 155139
 -762237 158979
 -762237 158997
 -743472 7612368
 -743472 141264
 -743472 156112
 -743472 156116
 -724753 7631087
 -724753 159983
 -724753 153071
 -724753 152984
 -706364 7682116
 -706364 145476
 -706364 149828
 -706364 149875
 -688240 7700240
 -688240 163600
 -688240 146960
 -688240 146999
 -670183 7685657
 -670183 149017
 -670183 144153
 -670183 144215
 -652086 7736522
 -652086 134346
 -652086 141770
 -652086 141777
 -634481 7754127
 -634481 151951
 -634481 139407
 -634481 139404
 -616968 7738872
 -616968 136696
 -616968 136952
 -616968 136876
 -600101 7755611
 -600101 153435
 -600101 134491
 -600101 134502
 -582587 7806149
 -582587 138437
 -582587 132037
 -582587 131982
 -565588 7855660
 -565588 122412
 -565588 129580
 -565588 129544
 -549186 7839294
 -549186 106046
 -549186 127038
 -549186 127034
 -533005 7855603
 -533005 122355
 -533005 124659
 -533005 124563
 -517043 7904333
 -517043 105549
 -517043 122189
 -517043 122180
 -501285 7920091
 -501285 121307
 -501285 119771
 -501285 119749
 -485539 7903069
 -485539 104285
 -485539 117085
 -485539 117110
 -470433 7918175
 -470433 119391
 -470433 114783
 -470433 114767
 -455382 7965994
 -455382 101674
 -455382 112170
 -455382 112140
 -440916 7980332
 -440916 116012
 -440916 109612
 -440916 109620
 -426735 7994769
 -426735 130449
 -426735 107409
 -426735 107398
 -412614 7976122
 -412614 111802
 -412614 104890
 -412614 104891
 -399039 7989697
 -399039 125377
 -399039 102849
 -399039 102866
 -385565 8035811
 -385565 105955
 -385565 100835
 -385565 100851
 -372230 8049146
 -372230 119290
 -372230 98810
 -372230 98761
 -359423 7996417
 -359423 66561
 -359423 96257
 -359423 96306
 -346917 8008923
 -346917 79067
 -346917 93915
 -346917 93928
 -334776 8021064
 -334776 91208
 -334776 91208
 -334776 91209
 -322757 8065979
 -322757 70587
 -322757 88763
 -322757 88754
 -311081 8077527
 -311081 82135
 -311081 86487
 -311081 86447
 -299751 8088857
 -299751 93465
 -299751 83993
 -299751 84087
 -288774 8066938
 -288774 71546
 -288774 81786
 -288774 81770
 -278161 8077679
 -278161 82287
 -278161 79471
 -278161 79462
 -267685 8088283
 -267685 92891
 -267685 77275
 -267685 77194
 -257496 8131112
 -257496 70184
 -257496 74792
 -257496 74877
 -247783 8140953
 -247783 80025
 -247783 72601
 -247783 72696
 -238355 8150253
 -238355 89325
 -238355 70893
 -238355 70877
 -228873 8126967
 -228873 66039
 -228873 69111
 -228873 69028
 -219837 8136003
 -219837 75075
 -219837 67139
 -219837 67072
 -211074 8177662
 -211074 51198
 -211074 65278
 -211074 65220
 -202522 8185958
 -202522 59494
 -202522 63078
 -202522 63054
 -194411 8226837
 -194411 34837
 -194411 60949
 -194411 61020
 -186554 8234822
 -186554 42822
 -186554 59206
 -186554 59234
 -178824 8242552
 -178824 50552
 -178824 57464
 -178824 57388
 -171474 8250030
 -171474 58030
 -171474 55726
 -171474 55756
 -164271 8257105
 -164271 65105
 -164271 54353
 -164271 54344
 -157483 8230997
 -157483 38997
 -157483 53077
 -157483 53024
 -150766 8237970
 -150766 45970
 -150766 51858
 -150766 51848
 -143983 8244497
 -143983 52497
 -143983 50705
 -143983 50702
 -137801 8250679
 -137801 58679
 -137801 49463
 -137801 49417
 -131759 8256849
 -131759 64849
 -131759 48209
 -131759 48142
 -125898 8295478
 -125898 37942
 -125898 46902
 -125898 46889
 -120484 8300892
 -120484 43356
 -120484 45916
 -120484 45837
 -115191 8306185
 -115191 48649
 -115191 44553
 -115191 44611
 -110174 8311202
 -110174 53666
 -110174 43426
 -110174 43423
 -105170 8316206
 -105170 58670
 -105170 42798
 -105170 42800
 -100143 8321233
 -100143 63697
 -100143 41681
 -100143 41656
 -95536 8293072
 -95536 35536
 -95536 40400
 -95536 40430
 -91114 8297494
 -91114 39958
 -91114 39446
 -91114 39435
 -86861 8301619
 -86861 44083
 -86861 38451
 -86861 38494
 -82635 8305973
 -82635 48437
 -82635 37429
 -82635 37421
 -78813 8309923
 -78813 52387
 -78813 36771
 -78813 36839
 -75139 8313597
 -75139 56061
 -75139 36349
 -75139 36252
 -71511 8316969
 -71511 59433
 -71511 35369
 -71511 35424
 -67955 8320525
 -67955 62989
 -67955 34317
 -67955 34392
 -64587 8356789
 -64587 33717
 -64587 33205
 -64587 33164
 -61431 8327305
 -61431 4233
 -61431 32137
 -61431 32190
 -58419 8330189
 -58419 7117
 -58419 31181
 -58419 31207
 -55657 8332823
 -55657 9751
 -55657 29975
 -55657 30065
 -52739 8335741
 -52739 12669
 -52739 29309
 -52739 29216
 -49987 8338621
 -49987 15549
 -49987 28093
 -49987 28143
 -47510 8341226
 -47510 18154
 -47510 27370
 -47510 27269
 -45091 8343517
 -45091 20445
 -45091 26333
 -45091 26266
 -42955 8345781
 -42955 22709
 -42955 25525
 -42955 25494
 -40782 8347698
 -40782 24626
 -40782 24882
 -40782 24906
 -38342 8350394
 -38342 27322
 -38342 23994
 -38342 24024
 -36491 8352117
 -36491 29045
 -36491 23413
 -36491 23344
 -34570 8353910
 -34570 30838
 -34570 22646
 -34570 22645
 -32704 8323136
 -32704 64
 -32704 21824
 -32704 21882
 -31072 8324768
 -31072 1696
 -31072 21152
 -31072 21126
 -29473 8326239
 -29473 3167
 -29473 20319
 -29473 20264
 -27813 8328155
 -27813 5083
 -27813 19419
 -27813 19351
 -26219 8329493
 -26219 6421
 -26219 18453
 -26219 18557
 -24699 8331013
 -24699 7941
 -24699 18181
 -24699 18245
 -23457 8332511
 -23457 9439
 -23457 17887
 -23457 17903
 -22205 8333635
 -22205 10563
 -22205 17731
 -22205 17773
 -20947 8335021
 -20947 11949
 -20947 17325
 -20947 17363
 -19687 8336281
 -19687 13209
 -19687 17049
 -19687 17046
 -18712 8337000
 -18712 13928
 -18712 17000
 -18712 16942
 -17743 8338097
 -17743 15025
 -17743 16817
 -17743 16858
 -16759 8339081
 -16759 16009
 -16759 16521
 -16759 16533
 -15602 8340238
 -15602 17166
 -15602 16142
 -15602 16212
 -14740 8341228
 -14740 18156
 -14740 16108
 -14740 16000
 -13805 8342163
 -13805 19091
 -13805 15763
 -13805 15860
 -12979 8342989
 -12979 19917
 -12979 15565
 -12979 15493
 -12288 8343552
 -12288 20480
 -12288 15104
 -12288 15226
 -11731 8344237
 -11731 21165
 -11731 15021
 -11731 15008
 -11176 8344664
 -11176 21592
 -11176 14936
 -11176 14914
 -10448 8345392
 -10448 22320
 -10448 14640
 -10448 14647
 -9939 8345901
 -9939 22829
 -9939 14637
 -9939 14621
 -9183 8346657
 -9183 23585
 -9183 14881
 -9183 14876
 -8582 8347386
 -8582 24314
 -8582 15098
 -8582 14978
 -8181 8347659
 -8181 24587
 -8181 14859
 -8181 14930
 -7725 8348115
 -7725 25043
 -7725 14291
 -7725 14304
 -7098 8348742
 -7098 25670
 -7098 13638
 -7098 13645
 -6743 8349097
 -6743 26025
 -6743 13225
 -6743 13223
 -6499 8349213
 -6499 26141
 -6499 12829
 -6499 12884
 -6161 8349551
 -6161 26479
 -6161 12399
 -6161 12342
 -5698 8350014
 -5698 26942
 -5698 11838
 -5698 11868
 -5235 8350477
 -5235 27405
 -5235 11533
 -5235 11543
 -5136 8350576
 -5136 27504
 -5136 11120
 -5136 11114
 -4567 8351273
 -4567 28201
 -4567 10793
 -4567 10757
 -4476 8351236
 -4476 28164
 -4476 10244
 -4476 10255
 -3944 8351896
 -3944 28824
 -3944 9880
 -3944 9897
 -3772 8352068
 -3772 28996
 -3772 9796
 -3772 9811
 -3693 8352019
 -3693 28947
 -3693 9491
 -3693 9478
 -3484 8352484
 -3484 29412
 -3484 9188
 -3484 9199
 -3246 8352594
 -3246 29522
 -3246 9042
 -3246 9032
 -2937 8352903
 -2937 29831
 -2937 8839
 -2937 8852
 -2919 8352921
 -2919 29849
 -2919 8089
 -2919 8176
 -2817 8353023
 -2817 29951
 -2817 7679
 -2817 7638
 -2487 8353353
 -2487 30281
 -2487 7497
 -2487 7436
 -2448 8353520
 -2448 30448
 -2448 7152
 -2448 7112
 -2064 8353776
 -2064 30704
 -2064 7152
 -2064 7105
 -1976 8353864
 -1976 30792
 -1976 7240
 -1976 7276
 -1978 8353862
 -1978 30790
 -1978 7494
 -1978 7443
 -1817 8353895
 -1817 30823
 -1817 7527
 -1817 7548
 -1860 8353980
 -1860 30908
 -1860 7612
 -1860 7581
 -1807 8353905
 -1807 30833
 -1807 7537
 -1807 7526
 -1781 8354187
 -1781 31115
 -1781 7563
 -1781 7629
 -1602 8354238
 -1602 31166
 -1602 7870
 -1602 7823
 -1442 8354398
 -1442 31326
 -1442 8030
 -1442 8018
 -1393 8354319
 -1393 31247
 -1393 7951
 -1393 8042
 -1282 8354430
 -1282 31358
 -1282 8062
 -1282 8000
 -1411 8354557
 -1411 31485
 -1411 7933
 -1411 7881
 -1292 8354548
 -1292 31476
 -1292 7924
 -1292 7819
 -1082 8354758
 -1082 31686
 -1082 7622
 -1082 7590
 -920 8354920
 -920 31848
 -920 7784
 -920 7732
 -667 8355173
 -667 32101
 -667 8037
 -667 7957
 -838 8354874
 -838 31802
 -838 7994
 -838 7963
 -846 8354994
 -846 31922
 -846 8370
 -846 8383
 -620 8355092
 -620 32020
 -620 8468
 -620 8532
 -683 8355157
 -683 32085
 -683 8533
 -683 8460
 -673 8355167
 -673 32095
 -673 8287
 -673 8291
 -758 8355082
 -758 32010
 -758 7690
 -758 7798
 -831 8355009
 -831 31937
 -831 7361
 -831 7381
 -669 8355299
 -669 32227
 -669 6883
 -669 6907
 -628 8355212
 -628 32140
 -628 6540
 -628 6614
 -633 8355079
 -633 32007
 -633 6407
 -633 6483
 -521 8355319
 -521 32247
 -521 6135
 -521 6133
 -528 8355312
 -528 32240
 -528 6128
 -528 6022
 -662 8355306
 -662 32234
 -662 5866
 -662 5830
 -611 8355229
 -611 32157
 -611 5789
 -611 5829
 -456 8355384
 -456 32312
 -456 5688
 -456 5662
 -376 8355336
 -376 32264
 -376 5384
 -376 5410
 -564 8355148
 -564 32076
 -564 5196
 -564 5154
 -604 8355236
 -604 32164
 -604 5028
 -604 5059
 -402 8355438
 -402 32366
 -402 4718
 -402 4670
 -223 8355617
 -223 32545
 -223 4129
 -223 4129
 -488 8355480
 -488 32408
 -488 3736
 -488 3737
 -447 8355521
 -447 32449
 -447 3265
 -447 3286
 -508 8355332
 -508 32260
 -508 2820
 -508 2933
 -352 8355360
 -352 32288
 -352 3360
 -352 3351
 -289 8355551
 -289 32479
 -289 3807
 -289 3748
 -315 8355397
 -315 32325
 -315 3909
 -315 3933
 -226 8355614
 -226 32542
 -226 4126
 -226 4100
 -185 8355783
 -185 32711
 -185 4295
 -185 4257
 -336 8355376
 -336 32304
 -336 4400
 -336 4453
 -493 8355347
 -493 32275
 -493 4627
 -493 4616
 -380 8355460
 -380 32388
 -380 4740
 -380 4820
 -229 8355611
 -229 32539
 -229 4891
 -229 4967
 -217 8355623
 -217 32551
 -217 4903
 -217 4976
 -156 8355684
 -156 32612
 -156 4964
 -156 4986
 -40 8355800
 -40 32728
 -40 5080
 -40 5058
 -60 8355652
 -60 32580
 -60 5188
 -60 5205
 38 166
 38 166
 38 5542
 38 5552
 -175 8355793
 -175 32721
 -175 5329
 -175 5333
 -497 8355471
 -497 32399
 -497 5263
 -497 5344
 -360 8355480
 -360 32408
 -360 5528
 -360 5609
 -434 8355406
 -434 32334
 -434 5710
 -434 5730
 -298 8355542
 -298 32470
 -298 6102
 -298 6060
 -333 8355507
 -333 32435
 -333 6067
 -333 6092
 -147 8355693
 -147 32621
 -147 5741
 -147 5672
 -385 8355455
 -385 32383
 -385 5503
 -385 5414
 -408 8355432
 -408 32360
 -408 4968
 -408 4961
 -301 8355411
 -301 32339
 -301 4691
 -301 4658
 8 136
 8 136
 8 4232
 8 4305
 -88 8355752
 -88 32680
 -88 4008
 -88 3976
 -212 8355756
 -212 32684
 -212 3756
 -212 3827
 -188 8355780
 -188 32708
 -188 3780
 -188 3806
 -161 8355807
 -161 32735
 -161 3807
 -161 3743
 -132 8355836
 -132 32764
 -132 3836
 -132 3740
 -19 8355693
 -19 32621
 -19 3437
 -19 3452
 -478 8355490
 -478 32418
 -478 2978
 -478 2987
 -176 8355664
 -176 32592
 -176 2896
 -176 2856
 91 219
 91 219
 91 2779
 91 2710
 -164 8355676
 -164 32604
 -164 2652
 -164 2579
 -137 8355831
 -137 32759
 -137 2295
 -137 2282
 -222 8355746
 -222 32674
 -222 1954
 -222 2006
 -126 8355714
 -126 32642
 -126 1666
 -126 1785
 -109 8355603
 -109 32531
 -109 1555
 -109 1612
 22 150
 22 150
 22 1686
 22 1786
 -304 8355536
 -304 32464
 -304 2256
 -304 2201
 -223 8355745
 -223 32673
 -223 2209
 -223 2248
 -199 8355641
 -199 32569
 -199 2361
 -199 2319
 -191 8355777
 -191 32705
 -191 2497
 -191 2545
 -204 8355636
 -204 32564
 -204 2612
 -204 2594
 -237 8355603
 -237 32531
 -237 2835
 -237 2854
 -168 8355800
 -168 32728
 -168 3288
 -168 3317
 -54 8355658
 -54 32586
 -54 3402
 -54 3378
 139 139
 139 139
 139 3211
 139 3240
 -137 8355703
 -137 32631
 -137 3447
 -137 3388
 -250 8355590
 -250 32518
 -250 3334
 -250 3407
 -202 8355638
 -202 32566
 -202 3638
 -202 3598
 -120 8355592
 -120 32520
 -120 3592
 -120 3677
 3 3
 3 3
 3 3587
 3 3634
 -91 8355749
 -91 32677
 -91 3493
 -91 3509
 -229 8355739
 -229 32667
 -229 3995
 -229 3986
 -148 8355692
 -148 32620
 -148 4460
 -148 4387
 -22 8355690
 -22 32618
 -22 4714
 -22 4608
 114 242
 114 242
 114 4850
 114 4808
 -66 8355774
 -66 32702
 -66 4542
 -66 4549
 -144 8355824
 -144 32752
 -144 4080
 -144 4074
 -42 8355798
 -42 32726
 -42 3542
 -42 3571
 -181 8355659
 -181 32587
 -181 3147
 -181 3136
 -128 8355584
 -128 32512
 -128 2816
 -128 2901
 -18 8355822
 -18 32750
 -18 2798
 -18 2741
 -274 8355438
 -274 32366
 -274 2670
 -274 2637
 -96 8355744
 -96 32672
 -96 2720
 -96 2725
 114 242
 114 242
 114 2290
 114 2261
 82 82
 82 82
 82 2130
 82 2103
 -226 8355742
 -226 32670
 -226 1950
 -226 1954
 -174 8355794
 -174 32722
 -174 1746
 -174 1733
 -122 8355718
 -122 32646
 -122 1670
 -122 1777
 11 11
 11 11
 11 1547
 11 1647
 -59 8355781
 -59 32709
 -59 1477
 -59 1528
 -90 8355622
 -90 32550
 -90 1062
 -90 1083
 -165 8355803
 -165 32731
 -165 731
 -165 704
 -216 8355624
 -216 32552
 -216 296
 -216 320
 -157 8355811
 -157 32739
 -157 227
 -157 140
 -145 8355823
 -145 32751
 -145 495
 -145 448
 -81 8355759
 -81 32687
 -81 687
 -81 763
 -256 8355584
 -256 32512
 -256 1024
 -256 1025
 -173 8355795
 -173 32723
 -173 1235
 -173 1206
 -140 8355700
 -140 32628
 -140 1396
 -140 1366
 -94 8355746
 -94 32674
 -94 1698
 -94 1753
 -125 8355587
 -125 32515
 -125 1795
 -125 1812
 -100 8355612
 -100 32540
 -100 1820
 -100 1822
 -233 8355735
 -233 32663
 -233 1943
 -233 2017
 -88 8355624
 -88 32552
 -88 2088
 -88 2061
 -76 8355764
 -76 32692
 -76 2228
 -76 2194
 -98 8355614
 -98 32542
 -98 2334
 -98 2396
 121 121
 121 121
 121 2681
 121 2582
 205 205
 205 205
 205 2765
 205 2772
 -110 8355730
 -110 32658
 -110 2706
 -110 2730
 -234 8355734
 -234 32662
 -234 2966
 -234 3054
 -180 8355788
 -180 32716
 -180 3276
 -180 3250
 -146 8355822
 -146 32750
 -146 3566
 -146 3559
 116 244
 116 244
 116 3572
 116 3583
 -30 8355682
 -30 32610
 -30 3682
 -30 3672
 -97 8355743
 -97 32671
 -97 3487
 -97 3471
 24 24
 24 24
 24 3096
 24 3124
 -83 8355757
 -83 32685
 -83 2989
 -83 2968
 -26 8355686
 -26 32614
 -26 2406
 -26 2423
 -23 8355689
 -23 32617
 -23 2153
 -23 2085
 -321 8355519
 -321 32447
 -321 2239
 -321 2273
 -305 8355407
 -305 32335
 -305 2127
 -305 2162
 -145 8355823
 -145 32751
 -145 2031
 -145 1960
 -282 8355430
 -282 32358
 -282 1638
 -282 1653
 -103 8355737
 -103 32665
 -103 1689
 -103 1714
 -247 8355721
 -247 32649
 -247 1161
 -247 1273
 -286 8355426
 -286 32354
 -286 1378
 -286 1282
 -154 8355686
 -154 32614
 -154 1382
 -154 1309
 102 102
 102 102
 102 1126
 102 1043
 -101 8355611
 -101 32539
 -101 795
 -101 843
 -84 8355628
 -84 32556
 -84 556
 -84 518
 120 248
 120 248
 120 248
 120 231
 -169 -41
 -169 -41
 -169 -41
 -169 -121
 -59 -187
 -59 -187
 -59 -443
 -59 -391
 45 -8355667
 45 -32595
 45 -339
 45 -281
 -47 8355665
 -47 32593
 -47 81
 -47 60
 -197 8355771
 -197 32699
 -197 443
 -197 443
 -14 8355826
 -14 32754
 -14 1010
 -14 947
 -9 8355703
 -9 32631
 -9 1143
 -9 1076
 -135 8355833
 -135 32761
 -135 1273
 -135 1164
 -38 8355802
 -38 32730
 -38 1242
 -38 1275
 -98 8355614
 -98 32542
 -98 1310
 -98 1395
 120 120
 120 120
 120 1656
 120 1649
 -257 8355455
 -257 32383
 -257 1663
 -257 1538
 -46 8355794
 -46 32722
 -46 1746
 -46 1692
 113 241
 113 241
 113 1777
 113 1728
 200 200
 200 200
 200 1736
 200 1770
 70 70
 70 70
 70 1862
 70 1820
 -34 8355806
 -34 32734
 -34 2014
 -34 2007
 -320 8355392
 -320 32320
 -320 2112
 -320 2061
 -189 8355779
 -189 32707
 -189 2499
 -189 2448
 124 252
 124 252
 124 2812
 124 2745
 210 210
 210 210
 210 2770
 210 2795
 -161 8355679
 -161 32607
 -161 2911
 -161 2838
 -261 8355579
 -261 32507
 -261 2555
 -261 2512
 -94 8355618
 -94 32546
 -94 2594
 -94 2583
 106 234
 106 234
 106 2538
 106 2439
 34 34
 34 34
 34 2082
 34 2149
 -62 8355778
 -62 32706
 -62 1986
 -62 1954
 -345 8355495
 -345 32423
 -345 1703
 -345 1704
 -332 8355380
 -332 32308
 -332 1588
 -332 1550
 76 204
 76 204
 76 972
 76 1010
 179 179
 179 179
 179 691
 179 706
 -138 8355702
 -138 32630
 -138 886
 -138 851
 -274 8355566
 -274 32494
 -274 750
 -274 668
 -286 8355554
 -286 32482
 -286 482
 -286 453
 -94 8355618
 -94 32546
 -94 290
 -94 300
 10 138
 10 138
 10 394
 10 391
 -150 8355690
 -150 32618
 -150 362
 -150 314
 -540 -540
 -540 -540
 -540 -28
 -540 -108
 -487 -487
 -487 -487
 -487 -487
 -487 -478
 -240 -112
 -240 -112
 -240 -880
 -240 -799
 -169 -41
 -169 -41
 -169 -809
 -169 -882
 -104 -104
 -104 -104
 -104 -872
 -104 -850
 1 -8355839
 1 -32767
 1 -767
 1 -690
 -258 -386
 -258 -386
 -258 -386
 -258 -394
 -195 8355645
 -195 32573
 -195 61
 -195 23
 38 38
 38 38
 38 294
 38 378
 -281 8355431
 -281 32359
 -281 359
 -281 340
 -204 8355636
 -204 32564
 -204 564
 -204 535
 -139 8355701
 -139 32629
 -139 885
 -139 857
 27 27
 27 27
 27 1051
 27 1130
 -50 8355662
 -50 32590
 -50 1358
 -50 1328
 -155 8355813
 -155 32741
 -155 1509
 -155 1422
 -82 8355758
 -82 32686
 -82 1454
 -82 1500
 -176 8355664
 -176 32592
 -176 1360
 -176 1322
 -172 8355668
 -172 32596
 -172 1364
 -172 1317
 -66 8355646
 -66 32574
 -66 1598
 -66 1636
 58 58
 58 58
 58 1594
 58 1575
 9 9
 9 9
 9 2057
 9 2084
 103 231
 103 231
 103 2279
 103 2276
 -147 8355821
 -147 32749
 -147 2541
 -147 2443
 -168 8355800
 -168 32728
 -168 2264
 -168 2262
 -280 8355432
 -280 32360
 -280 2152
 -280 2075
 -132 8355708
 -132 32636
 -132 1916
 -132 1866
 -92 8355620
 -92 32548
 -92 1828
 -92 1832
 -206 8355762
 -206 32690
 -206 1714
 -206 1776
 -106 8355734
 -106 32662
 -106 1430
 -106 1420
 -162 8355678
 -162 32606
 -162 1118
 -162 1076
 -188 8355652
 -188 32580
 -188 836
 -188 801
 -119 8355593
 -119 32521
 -119 777
 -119 873
 -77 8355763
 -77 32691
 -77 691
 -77 650
 -161 8355679
 -161 32607
 -161 95
 -161 103
 13 -8355699
 13 -32627
 13 -115
 13 -12
 -9 8355831
 -9 32759
 -9 247
 -9 253
 23 23
 23 23
 23 23
 23 11
 -152 -24
 -152 -24
 -152 -24
 -152 -14
 -140 8355700
 -140 32628
 -140 116
 -140 32
 -82 -210
 -82 -210
 -82 -466
 -82 -385
 4 -8355836
 4 -32764
 4 -764
 4 -733
 -10 -138
 -10 -138
 -10 -906
 -10 -1008
 -118 -118
 -118 -118
 -118 -1398
 -118 -1388
 -258 -386
 -258 -386
 -258 -1154
 -258 -1156
 -345 -473
 -345 -473
 -345 -985
 -345 -1009
 22 -8355818
 22 -32746
 22 -746
 22 -750
 -45 -45
 -45 -45
 -45 -557
 -45 -521
 -53 -181
 -53 -181
 -53 -181
 -53 -152
 -128 8355712
 -128 32640
 -128 128
 -128 155
 -127 8355585
 -127 32513
 -127 257
 -127 307
 82 82
 82 82
 82 338
 82 323
 230 102
 230 102
 230 614
 230 561
 -81 8355759
 -81 32687
 -81 431
 -81 401
 -355 8355357
 -355 32285
 -355 797
 -355 792
 -313 8355527
 -313 32455
 -313 967
 -313 969
 -18 8355694
 -18 32622
 -18 1134
 -18 1117
 -43 8355797
 -43 32725
 -43 1237
 -43 1205
 -369 8355471
 -369 32399
 -369 1167
 -369 1206
 -218 8355750
 -218 32678
 -218 1446
 -218 1457
 -45 8355795
 -45 32723
 -45 1747
 -45 1789
 -113 8355727
 -113 32655
 -113 1935
 -113 2003
 30 30
 30 30
 30 2078
 30 2059
 -94 8355746
 -94 32674
 -94 2210
 -94 2204
 -197 8355643
 -197 32571
 -197 2107
 -197 2113
 -85 8355755
 -85 32683
 -85 1707
 -85 1675
 6 6
 6 6
 6 1286
 6 1306
 36 164
 36 164
 36 932
 36 961
 -169 8355671
 -169 32599
 -169 1111
 -169 1077
 -196 8355644
 -196 32572
 -196 828
 -196 869
 -206 8355762
 -206 32690
 -206 690
 -206 728
 54 182
 54 182
 54 438
 54 455
 111 111
 111 111
 111 111
 111 29
 -67 -67
 -67 -67
 -67 -67
 -67 -64
 55 -8355657
 55 -32585
 55 -73
 55 -26
 -77 -77
 -77 -77
 -77 -77
 -77 -124
 -112 -112
 -112 -112
 -112 -368
 -112 -340
 55 -8355657
 55 -32585
 55 -329
 55 -362
 -78 -78
 -78 -78
 -78 -334
 -78 -322
 -93 -93
 -93 -93
 -93 -605
 -93 -558
 132 -8355708
 132 -32636
 132 -892
 132 -860
 91 -8355749
 91 -32677
 91 -1189
 91 -1276
 -173 -173
 -173 -173
 -173 -1453
 -173 -1432
 -164 -164
 -164 -164
 -164 -1444
 -164 -1470
 -69 -197
 -69 -197
 -69 -1221
 -69 -1236
 17 -8355695
 17 -32623
 17 -879
 17 -792
 -140 -140
 -140 -140
 -140 -396
 -140 -476
 -44 -172
 -44 -172
 -44 -428
 -44 -451
 -104 -232
 -104 -232
 -104 -488
 -104 -454
 -232 -104
 -232 -104
 -232 -104
 -232 -102
 76 204
 76 204
 76 460
 76 390
 -225 8355743
 -225 32671
 -225 415
 -225 507
 -119 8355721
 -119 32649
 -119 649
 -119 647
 -85 8355755
 -85 32683
 -85 683
 -85 679
 -164 8355804
 -164 32732
 -164 732
 -164 735
 -211 8355629
 -211 32557
 -211 813
 -211 798
 -255 8355585
 -255 32513
 -255 769
 -255 825
 -160 8355808
 -160 32736
 -160 736
 -160 719
 -208 8355632
 -208 32560
 -208 816
 -208 882
 -111 8355729
 -111 32657
 -111 1425
 -111 1414
 -7 8355833
 -7 32761
 -7 1785
 -7 1782
 53 53
 53 53
 53 1845
 53 1896
 47 47
 47 47
 47 1839
 47 1859
 -73 8355639
 -73 32567
 -73 1847
 -73 1809
 -69 8355771
 -69 32699
 -69 1467
 -69 1514
 56 184
 56 184
 56 1208
 56 1197
 -218 8355622
 -218 32550
 -218 806
 -218 769
 -148 8355820
 -148 32748
 -148 492
 -148 458
 -203 8355765
 -203 32693
 -203 437
 -203 450
 -345 8355495
 -345 32423
 -345 167
 -345 134
 -142 -142
 -142 -142
 -142 -142
 -142 -157
 -203 -75
 -203 -75
 -203 -75
 -203 -74
 -55 -55
 -55 -55
 -55 -55
 -55 -10
 -147 -19
 -147 -19
 -147 -19
 -147 -99
 0 -8355712
 0 -32640
 0 -384
 0 -300
 -307 -435
 -307 -435
 -307 -435
 -307 -458
 -49 -49
 -49 -49
 -49 -561
 -49 -633
 -152 -152
 -152 -152
 -152 -664
 -152 -721
 105 -8355735
 105 -32663
 105 -919
 105 -1013
 132 -8355708
 132 -32636
 132 -1404
 132 -1297
 170 -8355798
 170 -32726
 170 -1494
 170 -1430
 -45 -45
 -45 -45
 -45 -1581
 -45 -1610
 -88 -216
 -88 -216
 -88 -1752
 -88 -1732
 -38 -38
 -38 -38
 -38 -1574
 -38 -1603
 -45 -173
 -45 -173
 -45 -1197
 -45 -1159
 -37 -37
 -37 -37
 -37 -805
 -37 -833
 -136 -8
 -136 -8
 -136 -520
 -136 -545
 100 -8355612
 100 -32540
 100 -540
 100 -539
 36 -8355804
 36 -32732
 36 -220
 36 -203
 204 76
 204 76
 204 76
 204 36
 153 25
 153 25
 153 25
 153 98
 -187 8355653
 -187 32581
 -187 325
 -187 352
 -132 8355836
 -132 32764
 -132 252
 -132 239
 114 114
 114 114
 114 370
 114 361
 3 131
 3 131
 3 387
 3 498
 120 120
 120 120
 120 632
 120 605
 126 254
 126 254
 126 510
 126 477
 -263 8355449
 -263 32377
 -263 889
 -263 795
 -18 8355822
 -18 32750
 -18 1006
 -18 1014
 72 72
 72 72
 72 1352
 72 1346
 -19 8355693
 -19 32621
 -19 1901
 -19 1825
 -264 8355576
 -264 32504
 -264 1784
 -264 1728
 -94 8355618
 -94 32546
 -94 1570
 -94 1579
 9 9
 9 9
 9 1289
 9 1357
 119 119
 119 119
 119 1143
 119 1112
 -18 8355694
 -18 32622
 -18 878
 -18 868
 -441 8355399
 -441 32327
 -441 583
 -441 559
 -277 8355435
 -277 32363
 -277 363
 -277 375
 126 254
 126 254
 126 254
 126 208
 45 -8355667
 45 -32595
 45 -83
 45 -30
 -212 -212
 -212 -212
 -212 -468
 -212 -387
 -113 -241
 -113 -241
 -113 -497
 -113 -494
 -293 -293
 -293 -293
 -293 -549
 -293 -580
 -134 -6
 -134 -6
 -134 -518
 -134 -627
 -51 -51
 -51 -51
 -51 -819
 -51 -788
 41 -8355799
 41 -32727
 41 -727
 41 -766
 -14 -142
 -14 -142
 -14 -910
 -14 -961
 109 -8355731
 109 -32659
 109 -915
 109 -1018
 143 -8355697
 143 -32625
 143 -1393
 143 -1367
 35 -8355805
 35 -32733
 35 -1501
 35 -1534
 -69 -69
 -69 -69
 -69 -1861
 -69 -1872
 -350 -350
 -350 -350
 -350 -1630
 -350 -1557
 -40 -40
 -40 -40
 -40 -1320
 -40 -1287
 44 -8355668
 44 -32596
 44 -1364
 44 -1297
 201 -8355767
 201 -32695
 201 -1207
 201 -1209
 104 -8355736
 104 -32664
 104 -1176
 104 -1189
 -84 -212
 -84 -212
 -84 -980
 -84 -912
 -137 -9
 -137 -9
 -137 -521
 -137 -600
 -68 -196
 -68 -196
 -68 -196
 -68 -228
 -24 8355688
 -24 32616
 -24 104
 -24 15
 -245 8355595
 -245 32523
 -245 11
 -245 20
 -112 8355728
 -112 32656
 -112 400
 -112 419
 120 120
 120 120
 120 632
 120 548
 -89 8355623
 -89 32551
 -89 551
 -89 550
 -261 8355579
 -261 32507
 -261 507
 -261 481
 -11 8355829
 -11 32757
 -11 501
 -11 480
 -16 8355696
 -16 32624
 -16 624
 -16 579
 141 13
 141 13
 141 525
 141 617
 201 201
 201 201
 201 969
 201 912
 -123 8355717
 -123 32645
 -123 1157
 -123 1205
 -87 8355625
 -87 32553
 -87 1321
 -87 1378
 -176 8355664
 -176 32592
 -176 1104
 -176 1135
 -142 8355698
 -142 32626
 -142 1138
 -142 1060
 -93 8355619
 -93 32547
 -93 803
 -93 834
 -59 8355781
 -59 32709
 -59 453
 -59 449
 -309 8355403
 -309 32331
 -309 331
 -309 257
 -242 8355726
 -242 32654
 -242 142
 -242 157
 -249 8355591
 -249 32519
 -249 7
 -249 116
 -116 -116
 -116 -116
 -116 -116
 -116 -84
 5 -8355707
 5 -32635
 5 -379
 5 -355
 -231 -103
 -231 -103
 -231 -615
 -231 -577
 -205 -205
 -205 -205
 -205 -717
 -205 -694
 -100 -228
 -100 -228
 -100 -740
 -100 -682
 19 -8355693
 19 -32621
 19 -877
 19 -863
 -365 -365
 -365 -365
 -365 -1133
 -365 -1136
 -70 -70
 -70 -70
 -70 -1094
 -70 -1112
 -153 -153
 -153 -153
 -153 -1177
 -153 -1255
 -37 -165
 -37 -165
 -37 -1701
 -37 -1764
 -162 -34
 -162 -34
 -162 -2082
 -162 -2087
 -146 -18
 -146 -18
 -146 -1810
 -146 -1913
 -214 -86
 -214 -86
 -214 -1878
 -214 -1812
 -119 -119
 -119 -119
 -119 -1655
 -119 -1615
 98 -8355614
 98 -32542
 98 -1310
 98 -1318
 -92 -220
 -92 -220
 -92 -988
 -92 -981
 6 -8355834
 6 -32762
 6 -762
 6 -751
 -169 -41
 -169 -41
 -169 -553
 -169 -566
 -5 -5
 -5 -5
 -5 -517
 -5 -583
 -65 -193
 -65 -193
 -65 -449
 -65 -450
 -102 -102
 -102 -102
 -102 -102
 -102 -19
 -270 8355442
 -270 32370
 -270 114
 -270 66
 -180 8355660
 -180 32588
 -180 76
 -180 108
 114 114
 114 114
 114 114
 114 123
 207 207
 207 207
 207 207
 207 228
 5 133
 5 133
 5 133
 5 232
 -125 8355587
 -125 32515
 -125 259
 -125 326
 15 15
 15 15
 15 271
 15 347
 0 0
 0 0
 0 512
 0 625
 230 102
 230 102
 230 870
 230 877
 93 221
 93 221
 93 989
 93 929
 -173 8355795
 -173 32723
 -173 979
 -173 996
 -74 8355638
 -74 32566
 -74 822
 -74 863
 -92 8355748
 -92 32676
 -92 676
 -92 668
 -98 8355614
 -98 32542
 -98 542
 -98 523
 43 171
 43 171
 43 427
 43 390
 26 154
 26 154
 26 154
 26 169
 -211 -83
 -211 -83
 -211 -83
 -211 -28
 -88 -216
 -88 -216
 -88 -216
 -88 -154
 -114 -242
 -114 -242
 -114 -242
 -114 -177
 -100 -228
 -100 -228
 -100 -484
 -100 -494
 53 -8355787
 53 -32715
 53 -715
 53 -651
 -44 -44
 -44 -44
 -44 -812
 -44 -863
 -179 -51
 -179 -51
 -179 -819
 -179 -794
 -385 -257
 -385 -257
 -385 -1025
 -385 -1120
 -319 -319
 -319 -319
 -319 -1343
 -319 -1292
 -250 -122
 -250 -122
 -250 -1146
 -250 -1077
 -69 -197
 -69 -197
 -69 -1221
 -69 -1217
 -25 -25
 -25 -25
 -25 -1305
 -25 -1407
 -15 -15
 -15 -15
 -15 -1807
 -15 -1875
 -336 -336
 -336 -336
 -336 -2128
 -336 -2148
 -115 -115
 -115 -115
 -115 -2163
 -115 -2059
 -16 -16
 -16 -16
 -16 -1808
 -16 -1861
 188 -8355780
 188 -32708
 188 -1220
 188 -1237
 -76 -76
 -76 -76
 -76 -1100
 -76 -1143
 -160 -160
 -160 -160
 -160 -928
 -160 -913
 105 -8355735
 105 -32663
 105 -663
 105 -738
 18 -8355822
 18 -32750
 18 -750
 18 -707
 50 -8355662
 50 -32590
 50 -590
 50 -574
 16 -8355824
 16 -32752
 16 -496
 16 -385
 -35 -35
 -35 -35
 -35 -291
 -35 -295
 -75 -75
 -75 -75
 -75 -331
 -75 -268
 -28 -28
 -28 -28
 -28 -28
 -28 -56
 63 -8355649
 63 -32577
 63 -65
 63 -11
 15 15
 15 15
 15 15
 15 101
 -9 8355703
 -9 32631
 -9 119
 -9 120
 -96 8355616
 -96 32544
 -96 32
 -96 72
 -10 8355830
 -10 32758
 -10 246
 -10 250
 51 51
 51 51
 51 563
 51 635
 -46 8355666
 -46 32594
 -46 850
 -46 794
 -20 8355820
 -20 32748
 -20 1004
 -20 919
 128 0
 128 0
 128 768
 128 870
 -147 8355693
 -147 32621
 -147 621
 -147 562
 -236 8355604
 -236 32532
 -236 532
 -236 604
 -234 8355734
 -234 32662
 -234 150
 -234 233
 -190 -190
 -190 -190
 -190 -190
 -190 -131
 -170 -170
 -170 -170
 -170 -170
 -170 -152
 -3 -131
 -3 -131
 -3 -387
 -3 -423
 -79 -207
 -79 -207
 -79 -719
 -79 -753
 -282 -282
 -282 -282
 -282 -794
 -282 -817
 -71 -199
 -71 -199
 -71 -711
 -71 -671
 -100 -228
 -100 -228
 -100 -996
 -100 -949
 64 -8355648
 64 -32576
 64 -1088
 64 -1149
 -108 -236
 -108 -236
 -108 -1260
 -108 -1257
 -196 -68
 -196 -68
 -196 -1348
 -196 -1406
 -60 -188
 -60 -188
 -60 -1212
 -60 -1178
 93 -8355747
 93 -32675
 93 -1187
 93 -1244
 16 -8355824
 16 -32752
 16 -2032
 16 -1978
 -39 -167
 -39 -167
 -39 -1959
 -39 -2040
 -24 -152
 -24 -152
 -24 -2200
 -24 -2264
 23 -8355689
 23 -32617
 23 -2153
 23 -2118
 87 -8355625
 87 -32553
 87 -2089
 87 -2146
 148 -8355692
 148 -32620
 148 -1900
 148 -1854
 276 -8355436
 276 -32364
 276 -1644
 276 -1656
 -61 -61
 -61 -61
 -61 -1341
 -61 -1384
 -18 -146
 -18 -146
 -18 -914
 -18 -992
 226 -8355742
 226 -32670
 226 -670
 226 -764
 -28 -156
 -28 -156
 -28 -668
 -28 -733
 -332 -460
 -332 -460
 -332 -460
 -332 -497
 -87 -215
 -87 -215
 -87 -471
 -87 -475
 -134 -134
 -134 -134
 -134 -134
 -134 -210
 -69 -69
 -69 -69
 -69 -325
 -69 -263
 -49 -49
 -49 -49
 -49 -305
 -49 -306
 -199 -199
 -199 -199
 -199 -199
 -199 -161
 -202 -202
 -202 -202
 -202 -202
 -202 -133
 -158 8355682
 -158 32610
 -158 98
 -158 31
 -140 8355828
 -140 32756
 -140 500
 -140 406
 -326 8355514
 -326 32442
 -326 442
 -326 433
 -142 8355698
 -142 32626
 -142 370
 -142 336
 -241 8355599
 -241 32527
 -241 271
 -241 357
 -267 8355445
 -267 32373
 -267 629
 -267 516
 -16 8355824
 -16 32752
 -16 496
 -16 436
 105 233
 105 233
 105 233
 105 254
 79 207
 79 207
 79 207
 79 131
 41 -8355799
 41 -32727
 41 -215
 41 -222
 85 -8355627
 85 -32555
 85 -299
 85 -349
 -82 -82
 -82 -82
 -82 -338
 -82 -367
 -87 -87
 -87 -87
 -87 -599
 -87 -629
 -175 -47
 -175 -47
 -175 -815
 -175 -799
 185 -8355655
 185 -32583
 185 -1095
 185 -1129
 201 -8355639
 201 -32567
 201 -1079
 201 -1126
 72 -8355640
 72 -32568
 72 -1336
 72 -1365
 -96 -224
 -96 -224
 -96 -1504
 -96 -1441
 -61 -189
 -61 -189
 -61 -1213
 -61 -1258
 -142 -142
 -142 -142
 -142 -1422
 -142 -1468
 -33 -33
 -33 -33
 -33 -1825
 -33 -1835
 56 -8355656
 56 -32584
 56 -1864
 56 -1857
 -227 -99
 -227 -99
 -227 -2147
 -227 -2103
 -106 -234
 -106 -234
 -106 -2282
 -106 -2194
 -32 -32
 -32 -32
 -32 -2336
 -32 -2348
 -21 -149
 -21 -149
 -21 -1941
 -21 -2025
 189 -8355651
 189 -32579
 189 -1603
 189 -1605
 86 -8355754
 86 -32682
 86 -1450
 86 -1453
 -263 -391
 -263 -391
 -263 -1415
 -263 -1523
 -271 -271
 -271 -271
 -271 -1295
 -271 -1348
 -115 -115
 -115 -115
 -115 -1139
 -115 -1098
 91 -8355749
 91 -32677
 91 -677
 91 -675
 -120 -248
 -120 -248
 -120 -504
 -120 -457
 -91 -91
 -91 -91
 -91 -347
 -91 -347
 -128 -256
 -128 -256
 -128 -256
 -128 -168
 -165 -165
 -165 -165
 -165 -165
 -165 -129
 -56 -184
 -56 -184
 -56 -184
 -56 -250
 -285 -285
 -285 -285
 -285 -29
 -285 -105
 127 -8355585
 127 -32513
 127 -257
 127 -289
 229 -8355611
 229 -32539
 229 -283
 229 -336
 -15 -15
 -15 -15
 -15 -15
 -15 -69
 -202 8355766
 -202 32694
 -202 438
 -202 429
 -74 8355638
 -74 32566
 -74 822
 -74 777
 -149 8355691
 -149 32619
 -149 619
 -149 540
 -27 8355685
 -27 32613
 -27 357
 -27 340
 118 246
 118 246
 118 502
 118 429
 95 95
 95 95
 95 351
 95 273
 1 -8355839
 1 -32767
 1 -255
 1 -181
 -92 -92
 -92 -92
 -92 -348
 -92 -355
 73 -8355767
 73 -32695
 73 -695
 73 -695
 96 -8355744
 96 -32672
 96 -672
 96 -721
 98 -8355742
 98 -32670
 98 -670
 98 -724
 33 -8355807
 33 -32735
 33 -991
 33 -990
 65 -8355775
 65 -32703
 65 -959
 65 -991
 143 -8355697
 143 -32625
 143 -1137
 143 -1114
 197 -8355771
 197 -32699
 197 -1211
 197 -1273
 177 -8355663
 177 -32591
 177 -1359
 177 -1335
 -93 -93
 -93 -93
 -93 -1373
 -93 -1325
 -151 -151
 -151 -151
 -151 -1175
 -151 -1271
 -31 -159
 -31 -159
 -31 -1439
 -31 -1473
 276 -8355564
 276 -32492
 276 -2028
 276 -1930
 57 -8355655
 57 -32583
 57 -2119
 57 -2137
 -227 -227
 -227 -227
 -227 -2275
 -227 -2258
 -156 -156
 -156 -156
 -156 -2204
 -156 -2262
 -36 -36
 -36 -36
 -36 -1828
 -36 -1809
 -57 -185
 -57 -185
 -57 -1465
 -57 -1529
 -160 -160
 -160 -160
 -160 -1440
 -160 -1522
 -53 -181
 -53 -181
 -53 -1205
 -53 -1255
 -133 -5
 -133 -5
 -133 -1029
 -133 -1131
 -81 -209
 -81 -209
 -81 -977
 -81 -932
 47 -8355793
 47 -32721
 47 -721
 47 -665
 30 -8355810
 30 -32738
 30 -482
 30 -476
 47 -8355793
 47 -32721
 47 -465
 47 -481
 -74 -202
 -74 -202
 -74 -458
 -74 -419
 -105 -233
 -105 -233
 -105 -233
 -105 -171
 -18 -146
 -18 -146
 -18 -146
 -18 -157
 -13 -141
 -13 -141
 -13 -397
 -13 -399
 -76 -204
 -76 -204
 -76 -460
 -76 -392
 -9 -137
 -9 -137
 -9 -137
 -9 -186
 132 -8355836
 132 -32764
 132 -252
 132 -149
 269 269
 269 269
 269 13
 269 51
 193 193
 193 193
 193 193
 193 149
 87 87
 87 87
 87 343
 87 359
 -45 8355795
 -45 32723
 -45 211
 -45 246
 88 216
 88 216
 88 216
 88 243
 188 60
 188 60
 188 60
 188 87
 -81 -81
 -81 -81
 -81 -81
 -81 -128
 -248 -120
 -248 -120
 -248 -376
 -248 -313
 -26 -154
 -26 -154
 -26 -410
 -26 -477
 295 -8355417
 295 -32345
 295 -857
 295 -806
 252 -8355716
 252 -32644
 252 -900
 252 -926
 3 -8355837
 3 -32765
 3 -1021
 3 -1012
 -337 -337
 -337 -337
 -337 -1361
 -337 -1291
 -181 -53
 -181 -53
 -181 -1589
 -181 -1661
 3 -8355837
 3 -32765
 3 -1533
 3 -1413
 187 -8355781
 187 -32709
 187 -1477
 187 -1497
 90 -8355750
 90 -32678
 90 -1446
 90 -1511
 -15 -15
 -15 -15
 -15 -1551
 -15 -1621
 1 -8355839
 1 -32767
 1 -1791
 1 -1736
 -168 -168
 -168 -168
 -168 -1960
 -168 -2001
 -146 -146
 -146 -146
 -146 -2194
 -146 -2294
 -346 -474
 -346 -474
 -346 -2522
 -346 -2473
 -91 -91
 -91 -91
 -91 -2651
 -91 -2581
 -21 -149
 -21 -149
 -21 -2197
 -21 -2274
 4 -8355708
 4 -32636
 4 -2172
 4 -2074
 -146 -146
 -146 -146
 -146 -1682
 -146 -1772
 -103 -231
 -103 -231
 -103 -1511
 -103 -1475
 -279 -279
 -279 -279
 -279 -1303
 -279 -1289
 130 -8355838
 130 -32766
 130 -1022
 130 -1018
 281 -8355559
 281 -32487
 281 -999
 281 -911
 149 -8355691
 149 -32619
 149 -875
 149 -769
 198 -8355642
 198 -32570
 198 -570
 198 -553
 -121 -121
 -121 -121
 -121 -377
 -121 -354
 92 -8355748
 92 -32676
 92 -420
 92 -492
 -95 -95
 -95 -95
 -95 -607
 -95 -559
 155 -8355813
 155 -32741
 155 -485
 155 -421
 -26 -26
 -26 -26
 -26 -282
 -26 -339
 -176 -48
 -176 -48
 -176 -304
 -176 -361
 27 -8355685
 27 -32613
 27 -357
 27 -279
 105 -8355735
 105 -32663
 105 -151
 105 -143
 4 4
 4 4
 4 260
 4 289
 -385 8355583
 -385 32511
 -385 511
 -385 428
 -230 8355738
 -230 32666
 -230 154
 -230 228
 -194 8355646
 -194 32574
 -194 62
 -194 101
 84 84
 84 84
 84 84
 84 49
 -58 -186
 -58 -186
 -58 -186
 -58 -160
 -48 -48
 -48 -48
 -48 -560
 -48 -597
 36 -8355676
 36 -32604
 36 -860
 36 -816
 158 -8355810
 158 -32738
 158 -738
 158 -698
 150 -8355818
 150 -32746
 150 -1002
 150 -976
 -36 -164
 -36 -164
 -36 -1188
 -36 -1183
 -222 -222
 -222 -222
 -222 -1246
 -222 -1214
 -32 -160
 -32 -160
 -32 -1440
 -32 -1458
 178 -8355662
 178 -32590
 178 -1614
 178 -1593
 175 -8355665
 175 -32593
 175 -1617
 175 -1631
 141 -8355699
 141 -32627
 141 -1651
 141 -1620
 -203 -75
 -203 -75
 -203 -1611
 -203 -1582
 -127 -255
 -127 -255
 -127 -1791
 -127 -1737
 34 -8355678
 34 -32606
 34 -1886
 34 -1875
 120 -8355720
 120 -32648
 120 -2440
 120 -2489
 -147 -19
 -147 -19
 -147 -2579
 -147 -2632
 -185 -185
 -185 -185
 -185 -2489
 -185 -2541
 55 -8355657
 55 -32585
 55 -2377
 55 -2341
 134 -8355834
 134 -32762
 134 -2298
 134 -2204
 215 -8355625
 215 -32553
 215 -1833
 215 -1817
 115 -8355725
 115 -32653
 115 -1421
 115 -1485
 181 -8355659
 181 -32587
 181 -1355
 181 -1281
 -12 -140
 -12 -140
 -12 -1164
 -12 -1226
 5 -8355707
 5 -32635
 5 -1147
 5 -1108
 -108 -236
 -108 -236
 -108 -1004
 -108 -902
 -138 -10
 -138 -10
 -138 -778
 -138 -864
 2 -8355838
 2 -32766
 2 -766
 2 -690
 -14 -142
 -14 -142
 -14 -654
 -14 -661
 -104 -104
 -104 -104
 -104 -872
 -104 -824
 127 -8355585
 127 -32513
 127 -769
 127 -769
 217 -8355751
 217 -32679
 217 -679
 217 -764
 -31 -159
 -31 -159
 -31 -671
 -31 -668
 -23 -151
 -23 -151
 -23 -151
 -23 -216
 -13 8355827
 -13 32755
 -13 243
 -13 167
 47 47
 47 47
 47 303
 47 294
 -161 8355679
 -161 32607
 -161 607
 -161 542
 -161 8355679
 -161 32607
 -161 351
 -161 280
 -98 -98
 -98 -98
 -98 -354
 -98 -317
 -60 -188
 -60 -188
 -60 -444
 -60 -415
 85 -8355627
 85 -32555
 85 -555
 85 -558
 28 -8355684
 28 -32612
 28 -612
 28 -572
 284 -8355428
 284 -32356
 284 -612
 284 -606
 82 -8355630
 82 -32558
 82 -814
 82 -796
 -23 -151
 -23 -151
 -23 -919
 -23 -898
 -39 -167
 -39 -167
 -39 -1191
 -39 -1179
 3 -8355709
 3 -32637
 3 -1405
 3 -1391
 -129 -1
 -129 -1
 -129 -1537
 -129 -1553
 101 -8355739
 101 -32667
 101 -1691
 101 -1669
 53 -8355659
 53 -32587
 53 -1867
 53 -1875
 -123 -123
 -123 -123
 -123 -1915
 -123 -1878
 -111 -111
 -111 -111
 -111 -1647
 -111 -1612
 -79 -79
 -79 -79
 -79 -1615
 -79 -1645
 5 -8355707
 5 -32635
 5 -1915
 5 -1890
 -180 -180
 -180 -180
 -180 -1972
 -180 -2041
 25 -8355687
 25 -32615
 25 -2407
 25 -2425
 -336 -336
 -336 -336
 -336 -2384
 -336 -2427
 -215 -87
 -215 -87
 -215 -2391
 -215 -2329
 7 -8355833
 7 -32761
 7 -2041
 7 -1926
 -13 -13
 -13 -13
 -13 -1805
 -13 -1833
 -43 -171
 -43 -171
 -43 -1707
 -43 -1764
 -191 -63
 -191 -63
 -191 -1599
 -191 -1582
 -90 -90
 -90 -90
 -90 -1370
 -90 -1397
 -59 -59
 -59 -59
 -59 -1083
 -59 -1106
 13 -8355827
 13 -32755
 13 -1011
 13 -956
 -143 -143
 -143 -143
 -143 -911
 -143 -966
 -84 -212
 -84 -212
 -84 -724
 -84 -665
 23 -8355689
 23 -32617
 23 -617
 23 -577
 -45 -45
 -45 -45
 -45 -557
 -45 -620
 49 -8355663
 49 -32591
 49 -591
 49 -546
 68 -8355644
 68 -32572
 68 -572
 68 -529
 20 -8355692
 20 -32620
 20 -364
 20 -329
 -30 -158
 -30 -158
 -30 -158
 -30 -236
 149 21
 149 21
 149 21
 149 13
 -147 8355693
 -147 32621
 -147 365
 -147 333
 -253 8355587
 -253 32515
 -253 259
 -253 273
 -281 8355431
 -281 32359
 -281 103
 -281 48
 -27 -27
 -27 -27
 -27 -27
 -27 -41
 185 -8355783
 185 -32711
 185 -199
 185 -178
 24 -8355816
 24 -32744
 24 -488
 24 -449
 -133 -5
 -133 -5
 -133 -517
 -133 -579
 -98 -98
 -98 -98
 -98 -866
 -98 -834
 -203 -203
 -203 -203
 -203 -971
 -203 -982
 43 -8355797
 43 -32725
 43 -981
 43 -1022
 22 -8355818
 22 -32746
 22 -1258
 22 -1197
 -217 -89
 -217 -89
 -217 -1369
 -217 -1379
 -149 -21
 -149 -21
 -149 -1301
 -149 -1397
 -75 -75
 -75 -75
 -75 -1611
 -75 -1558
 56 -8355784
 56 -32712
 56 -1736
 56 -1774
 -65 -65
 -65 -65
 -65 -1601
 -65 -1640
 -18 -146
 -18 -146
 -18 -1682
 -18 -1757
 46 -8355794
 46 -32722
 46 -1746
 46 -1695
 -85 -85
 -85 -85
 -85 -2133
 -85 -2096
 143 -8355825
 143 -32753
 143 -2545
 143 -2478
 89 -8355751
 89 -32679
 89 -2471
 89 -2497
 -102 -230
 -102 -230
 -102 -2534
 -102 -2484
 -160 -160
 -160 -160
 -160 -2208
 -160 -2279
 -210 -210
 -210 -210
 -210 -2002
 -210 -1986
 -222 -222
 -222 -222
 -222 -1758
 -222 -1735
 -19 -147
 -19 -147
 -19 -1427
 -19 -1522
 -98 -226
 -98 -226
 -98 -1250
 -98 -1220
 -98 -226
 -98 -226
 -98 -1250
 -98 -1167
 103 -8355609
 103 -32537
 103 -1305
 103 -1285
 182 -8355786
 182 -32714
 182 -1226
 182 -1262
 -192 -192
 -192 -192
 -192 -960
 -192 -950
 -319 -447
 -319 -447
 -319 -703
 -319 -703
 -261 -389
 -261 -389
 -261 -645
 -261 -665
 15 -8355825
 15 -32753
 15 -753
 15 -652
 33 -8355807
 33 -32735
 33 -479
 33 -406
 -14 -14
 -14 -14
 -14 -526
 -14 -587
 -44 -172
 -44 -172
 -44 -684
 -44 -757
 -96 -224
 -96 -224
 -96 -480
 -96 -415
 168 40
 168 40
 168 40
 168 18
 141 141
 141 141
 141 141
 141 216
 59 59
 59 59
 59 315
 59 284
 110 238
 110 238
 110 494
 110 399
 66 66
 66 66
 66 66
 66 106
 226 98
 226 98
 226 98
 226 104
 296 -8355416
 296 -32344
 296 -88
 296 -10
 -8 -136
 -8 -136
 -8 -392
 -8 -473
 -210 -210
 -210 -210
 -210 -722
 -210 -738
 -21 -149
 -21 -149
 -21 -661
 -21 -732
 41 -8355671
 41 -32599
 41 -855
 41 -814
 -24 -152
 -24 -152
 -24 -1176
 -24 -1154
 -118 -246
 -118 -246
 -118 -1526
 -118 -1429
 -27 -155
 -27 -155
 -27 -1435
 -27 -1532
 301 -8355411
 301 -32339
 301 -1363
 301 -1357
 22 -8355818
 22 -32746
 22 -1002
 22 -948
 137 -8355703
 137 -32631
 137 -1143
 137 -1046
 -149 -149
 -149 -149
 -149 -1429
 -149 -1507
 -233 -105
 -233 -105
 -233 -1641
 -233 -1663
 -89 -217
 -89 -217
 -89 -2009
 -89 -1981
 80 -8355632
 80 -32560
 80 -2352
 80 -2306
 -257 -257
 -257 -257
 -257 -2561
 -257 -2648
 -15 -143
 -15 -143
 -15 -2703
 -15 -2815
 -151 -151
 -151 -151
 -151 -2455
 -151 -2524
 63 -8355649
 63 -32577
 63 -2113
 63 -2133
 365 -8355475
 365 -32403
 365 -1939
 365 -1988
 -15 -15
 -15 -15
 -15 -1551
 -15 -1634
 -52 -180
 -52 -180
 -52 -1460
 -52 -1508
 -24 -24
 -24 -24
 -24 -1304
 -24 -1402
 70 -8355642
 70 -32570
 70 -1338
 70 -1337
