 5 5
 5 131077
 5 137989
 5 138042
 -131 8388477
 -131 130941
 -131 123773
 -131 123752
 -102 8388378
 -102 130842
 -102 106010
 -102 106025
 -265 8355575
 -265 98039
 -265 87287
 -265 87249
 -444 8355524
 -444 97988
 -444 68804
 -444 68805
 -460 8388148
 -460 65076
 -460 48948
 -460 48985
 -143 8355825
 -143 32753
 -143 26097
 -143 26055
 -73 -73
 -73 -73
 -73 -3401
 -73 -3348
 -140 -32908
 -140 -32908
 -140 -38284
 -140 -38375
 -10 -10
 -10 -65546
 -10 -71434
 -10 -71433
 -7 -7
 -7 -65543
 -7 -97799
 -7 -97829
 -13 -32781
 -13 -98317
 -13 -118029
 -13 -118031
 -84 -84
 -84 -131156
 -84 -132948
 -84 -132974
 -126 -254
 -126 -131326
 -126 -140798
 -126 -140706
 -157 -157
 -157 -131229
 -157 -142749
 -157 -142739
 -232 -104
 -232 -131176
 -232 -141160
 -232 -141074
 -116 -244
 -116 -131316
 -116 -135156
 -116 -135118
 -38 -32934
 -38 -98470
 -38 -126118
 -38 -126175
 0 -8388480
 0 -130944
 0 -116352
 0 -116268
 114 -8388494
 114 -130958
 114 -103310
 114 -103315
 87 -8355625
 87 -98089
 87 -83497
 87 -83505
 -172 -32940
 -172 -32940
 -172 -55212
 -172 -55216
 170 -8355670
 170 -32598
 170 -22358
 170 -22304
 -13 8355827
 -13 32755
 -13 10739
 -13 10709
 -166 8388442
 -166 65370
 -166 44378
 -166 44400
 -81 8355631
 -81 98095
 -81 80943
 -81 80983
 170 32810
 170 98346
 170 116010
 170 116039
 -10 8355702
 -10 163702
 -10 142710
 -10 142609
 -273 8355439
 -273 163439
 -273 157807
 -273 157808
 81 32977
 81 164049
 81 165841
 81 165784
 186 32826
 186 163898
 186 171322
 186 171267
 162 32930
 162 164002
 162 174754
 162 174779
 215 32855
 215 163927
 215 176215
 215 176165
 -161 8388575
 -161 196575
 -161 174815
 -161 174822
 -264 8388344
 -264 196344
 -264 172536
 -264 172521
 -146 8388590
 -146 196590
 -146 168430
 -146 168404
 75 75
 75 131147
 75 162379
 75 162429
 48 176
 48 131248
 48 155824
 48 155776
 115 243
 115 131315
 115 147955
 115 147951
 -5 8355835
 -5 163835
 -5 138235
 -5 138158
 -119 8388489
 -119 130953
 -119 124041
 -119 124042
 -262 8388218
 -262 130682
 -262 106618
 -262 106592
 -228 8355740
 -228 98204
 -228 87708
 -228 87733
 -139 8355701
 -139 98165
 -139 69237
 -139 69205
 19 32787
 19 32787
 19 49427
 19 49415
 75 203
 75 203
 75 26827
 75 26800
 34 -8355806
 34 -32734
 34 -2270
 34 -2180
 -129 -32897
 -129 -32897
 -129 -36993
 -129 -37032
 -202 -74
 -202 -65610
 -202 -69962
 -202 -69961
 -201 -73
 -201 -65609
 -201 -96585
 -201 -96536
 -204 -32844
 -204 -98380
 -204 -117580
 -204 -117519
 -206 -78
 -206 -131150
 -206 -132686
 -206 -132653
 -52 -52
 -52 -131124
 -52 -140596
 -52 -140634
 -79 -207
 -79 -131279
 -79 -143055
 -79 -142986
 -218 -90
 -218 -131162
 -218 -141658
 -218 -141625
 -172 -172
 -172 -131244
 -172 -135596
 -172 -135643
 -257 -33153
 -257 -98689
 -257 -126593
 -257 -126627
 -148 -32916
 -148 -98452
 -148 -116628
 -148 -116692
 -48 -32944
 -48 -98480
 -48 -104112
 -48 -104155
 -60 -188
 -60 -65724
 -60 -84668
 -60 -84689
 12 -8388596
 12 -65524
 12 -57076
 12 -57044
 -70 -198
 -70 -198
 -70 -24262
 -70 -24232
 -141 8355827
 -141 32755
 -141 9203
 -141 9199
 -374 8388106
 -374 65034
 -374 42506
 -374 42563
 -348 8355364
 -348 97828
 -348 78884
 -348 78908
 -319 8388289
 -319 130753
 -319 114113
 -319 114162
 -223 8355745
 -223 163745
 -223 141217
 -223 141269
 -115 8355725
 -115 163725
 -115 157069
 -115 157088
 65 32961
 65 164033
 65 165569
 65 165564
 -176 8388560
 -176 196560
 -176 170960
 -176 170978
 -140 8388468
 -140 196468
 -140 174708
 -140 174595
 -115 8388365
 -115 196365
 -115 176141
 -115 176157
 -138 8388598
 -138 196598
 -138 175094
 -138 175016
 33 32929
 33 164001
 33 172449
 33 172478
 57 32953
 57 164025
 57 168633
 57 168625
 25 153
 25 131225
 25 162457
 25 162444
 -107 8355605
 -107 163605
 -107 155669
 -107 155685
 -231 8355737
 -231 163737
 -231 148121
 -231 148216
 65 193
 65 131265
 65 138433
 65 138487
 40 32936
 40 98472
 40 124584
 40 124658
 172 32812
 172 98348
 172 107308
 172 107270
 32 32
 32 65568
 32 88352
 32 88343
 -200 8355768
 -200 98232
 -200 69816
 -200 69816
 35 32931
 35 32931
 35 50083
 35 50113
 -60 8355652
 -60 32580
 -60 27716
 -60 27657
 46 -8355666
 46 -32594
 46 -850
 46 -842
 -36 -32804
 -36 -32804
 -36 -35620
 -36 -35660
 117 -8355723
 117 -98187
 117 -69515
 117 -69509
 44 -8355668
 44 -98132
 44 -96852
 44 -96881
 -137 -32905
 -137 -98441
 -137 -117897
 -137 -117911
 -110 -110
 -110 -131182
 -110 -133486
 -110 -133493
 -44 -172
 -44 -131244
 -44 -141740
 -44 -141786
 -118 -118
 -118 -131190
 -118 -145014
 -118 -144902
 80 -8355632
 80 -163632
 80 -144176
 80 -144130
 94 -8355618
 94 -163618
 94 -138530
 94 -138562
 63 -8388545
 63 -131009
 63 -130241
 63 -130225
 78 -8388530
 78 -130994
 78 -120754
 78 -120730
 -214 -32854
 -214 -98390
 -214 -108886
 -214 -108903
 -99 -99
 -99 -65635
 -99 -90723
 -99 -90705
 -125 -32893
 -125 -32893
 -125 -63101
 -125 -63079
 -107 -235
 -107 -235
 -107 -29931
 -107 -29881
 -74 8355766
 -74 32694
 -74 3510
 -74 3536
 -136 8388472
 -136 65400
 -136 37752
 -136 37648
 277 277
 277 65813
 277 75029
 277 75026
 260 33156
 260 98692
 260 110980
 260 111034
 -67 8355645
 -67 163645
 -67 138557
 -67 138566
 41 169
 41 131241
 41 154793
 41 154781
 81 209
 81 131281
 81 163281
 81 163322
 -1 8388607
 -1 196607
 -1 168959
 -1 168856
 287 33055
 287 164127
 287 172575
 287 172632
 188 32956
 188 164028
 188 174268
 188 174273
 132 32900
 132 163972
 132 173444
 132 173456
 -199 8388409
 -199 196409
 -199 171321
 -199 171331
 -228 8388508
 -228 196508
 -228 167324
 -228 167331
 -130 8355710
 -130 163710
 -130 162174
 -130 162175
 170 42
 170 131114
 170 156202
 170 156283
 117 117
 117 131189
 117 148853
 117 148768
 -99 8355613
 -99 163613
 -99 139037
 -99 139092
 -104 8388504
 -104 130968
 -104 125336
 -104 125381
 -258 8388350
 -258 130814
 -258 108542
 -258 108463
 -316 8355524
 -316 97988
 -316 90052
 -316 90018
 -55 8355657
 -55 98121
 -55 71753
 -55 71708
 -143 8388465
 -143 65393
 -143 52593
 -143 52487
 -5 8355835
 -5 32763
 -5 30715
 -5 30682
 62 62
 62 62
 62 2622
 62 2622
 -113 -113
 -113 -113
 -113 -31601
 -113 -31555
 -69 -32837
 -69 -32837
 -69 -64837
 -69 -64854
 -163 -163
 -163 -65699
 -163 -92067
 -163 -92040
 -36 -32804
 -36 -98340
 -36 -113444
 -36 -113449
 31 -8388577
 31 -131041
 31 -129249
 31 -129180
 55 -8355657
 55 -163657
 55 -137801
 55 -137753
 254 -8355714
 254 -163714
 254 -140418
 254 -140515
 148 -8355692
 148 -163692
 148 -139884
 148 -139900
 -149 -149
 -149 -131221
 -149 -134037
 -149 -134104
 -175 -32943
 -175 -98479
 -175 -125359
 -175 -125379
 -266 -33162
 -266 -98698
 -266 -115338
 -266 -115450
 -198 -32838
 -198 -98374
 -198 -103238
 -198 -103243
 -162 -34
 -162 -65570
 -162 -84514
 -162 -84504
 -139 -32779
 -139 -32779
 -139 -57355
 -139 -57396
 172 -8355796
 172 -32724
 172 -24788
 172 -24722
 40 40
 40 40
 40 8744
 40 8732
 -82 8388398
 -82 65326
 -82 42030
 -82 41994
 132 132
 132 65668
 132 78468
 132 78516
 179 32947
 179 98483
 179 114099
 179 114122
 125 125
 125 131197
 125 141949
 125 141866
 82 210
 82 131282
 82 157906
 82 157857
 38 32934
 38 164006
 38 166566
 38 166606
 -59 8388549
 -59 196549
 -59 172229
 -59 172270
 -69 8388411
 -69 196411
 -69 176443
 -69 176461
 -130 8388478
 -130 196478
 -130 178302
 -130 178214
 -167 8388441
 -167 196441
 -167 177497
 -167 177414
 132 32772
 132 163844
 132 174852
 132 174887
 40 32808
 40 163880
 40 170792
 40 170785
 -177 8388431
 -177 196431
 -177 164943
 -177 164885
 -270 8355570
 -270 163570
 -270 158194
 -270 158191
 -188 8355780
 -188 163780
 -188 150468
 -188 150456
 -165 8355675
 -165 163675
 -165 141147
 -165 141075
 -14 8388594
 -14 131058
 -14 127730
 -14 127691
 91 32859
 91 98395
 91 110939
 91 110898
 138 138
 138 65674
 138 92298
 138 92373
 41 41
 41 65577
 41 73769
 41 73733
 -289 8388191
 -289 65119
 -289 53855
 -289 53779
 -145 8355695
 -145 32623
 -145 31599
 -145 31544
 -155 8355813
 -155 32741
 -155 3813
 -155 3825
 -216 -216
 -216 -216
 -216 -30680
 -216 -30622
 134 -8388602
 134 -65530
 134 -65018
 134 -64975
 103 -8355609
 103 -98073
 103 -92697
 103 -92719
 -65 -32961
 -65 -98497
 -65 -114625
 -65 -114642
 -367 -495
 -367 -131567
 -367 -131311
 -367 -131316
 -313 -441
 -313 -131513
 -313 -140729
 -313 -140765
 -83 -211
 -83 -131283
 -83 -144083
 -83 -144119
 -53 -53
 -53 -131125
 -53 -143669
 -53 -143642
 -63 -191
 -63 -131263
 -63 -138431
 -63 -138469
 107 -8388501
 107 -130965
 107 -129941
 107 -129973
 -85 -32981
 -85 -98517
 -85 -120789
 -85 -120814
 -221 -32989
 -221 -98525
 -221 -109533
 -221 -109454
 -265 -393
 -265 -65929
 -265 -92041
 -265 -92061
 -32 -160
 -32 -65696
 -32 -66208
 -32 -66282
 89 -8388391
 89 -65319
 89 -35111
 89 -35156
 126 -8355714
 126 -32642
 126 -3202
 126 -3297
 -72 8355640
 -72 32568
 -72 28216
 -72 28197
 -141 8388595
 -141 65523
 -141 63219
 -141 63124
 9 9
 9 65545
 9 98057
 9 98170
 -180 8388428
 -180 130892
 -180 125004
 -180 124986
 -11 8355701
 -11 163701
 -11 139893
 -11 139813
 67 195
 67 131267
 67 143043
 67 143010
 -266 8355446
 -266 163446
 -266 131190
 -266 131125
 -312 8355528
 -312 97992
 -312 85704
 -312 85752
 -225 8355743
 -225 32671
 -225 21919
 -225 21929
 -438 -33078
 -438 -33078
 -438 -39222
 -438 -39284
 -352 -33120
 -352 -98656
 -352 -105568
 -352 -105477
 -383 -383
 -383 -196991
 -383 -203903
 -383 -203835
 -46 -32814
 -46 -294958
 -46 -306990
 -46 -306965
 261 -8388347
 261 -327419
 261 -297467
 261 -297389
 180 -8355660
 180 -229196
 180 -225612
 180 -225592
 121 -8355719
 121 -163719
 121 -154247
 121 -154246
 -84 -32852
 -84 -98388
 -84 -98900
 -84 -98890
 -117 -33013
 -117 -33013
 -117 -58613
 -117 -58528
 -187 -32955
 -187 -32955
 -187 -39099
 -187 -39051
 -233 -33001
 -233 -33001
 -233 -35817
 -233 -35833
 76 -8388532
 76 -65460
 76 -36020
 76 -36004
 -15 -32783
 -15 -32783
 -15 -34319
 -15 -34416
 -203 -32843
 -203 -32843
 -203 -32843
 -203 -32838
 -4 -4
 -4 -4
 -4 -32004
 -4 -32056
 -2 -2
 -2 -2
 -2 -30466
 -2 -30541
 -49 -177
 -49 -177
 -49 -28337
 -49 -28325
 -40 -168
 -40 -168
 -40 -28072
 -40 -28160
 64 -8355648
 64 -32576
 64 -28224
 64 -28265
 242 -8355726
 242 -32654
 242 -24974
 242 -25025
 -112 -240
 -112 -240
 -112 -19696
 -112 -19654
 -50 -178
 -50 -178
 -50 -16050
 -50 -16119
 21 -8355819
 21 -32747
 21 -15339
 21 -15277
 -130 -2
 -130 -2
 -130 -15362
 -130 -15473
 -38 -166
 -38 -166
 -38 -14246
 -38 -14314
 51 -8355661
 51 -32589
 51 -11853
 51 -11786
 156 -8355684
 156 -32612
 156 -8548
 156 -8486
 46 -8355666
 46 -32594
 46 -3666
 46 -3651
 -305 8355407
 -305 32335
 -305 335
 -305 312
 -157 8355683
 -157 32611
 -157 1891
 -157 1863
 -176 8355792
 -176 32720
 -176 1232
 -176 1252
 -154 8355814
 -154 32742
 -154 1766
 -154 1776
 37 165
 37 165
 37 4773
 37 4793
 -66 8355646
 -66 32574
 -66 7486
 -66 7495
 31 31
 31 31
 31 5919
 31 5898
 -152 8355816
 -152 32744
 -152 1512
 -152 1506
 -134 -6
 -134 -6
 -134 -2310
 -134 -2337
 -51 -51
 -51 -51
 -51 -3635
 -51 -3681
 37 -8355803
 37 -32731
 37 -3547
 37 -3567
 282 -8355558
 282 -32486
 282 -2790
 282 -2715
 174 -8355666
 174 -32594
 174 -1874
 174 -1796
 -117 -245
 -117 -245
 -117 -1781
 -117 -1772
 -51 -179
 -51 -179
 -51 -4275
 -51 -4263
 -260 -260
 -260 -260
 -260 -7684
 -260 -7723
 -80 -208
 -80 -208
 -80 -9424
 -80 -9403
 249 -8355719
 249 -32647
 249 -8071
 249 -8133
 103 -8355609
 103 -32537
 103 -6169
 103 -6232
 -1 -129
 -1 -129
 -1 -6785
 -1 -6803
 62 -8355778
 62 -32706
 62 -9922
 62 -9904
 146 -8355694
 146 -32622
 146 -13166
 146 -13065
 117 -8355595
 117 -32523
 117 -15115
 117 -15129
 -156 -28
 -156 -28
 -156 -16156
 -156 -16161
 95 -8355617
 95 -32545
 95 -16417
 95 -16415
 63 -8355649
 63 -32577
 63 -16705
 63 -16641
 69 -8355771
 69 -32699
 69 -16059
 69 -16106
 78 -8355634
 78 -32562
 78 -16178
 78 -16172
 -110 -238
 -110 -238
 -110 -17646
 -110 -17544
 -36 -164
 -36 -164
 -36 -17060
 -36 -17146
 -101 -101
 -101 -101
 -101 -13157
 -101 -13125
 -121 -249
 -121 -249
 -121 -7417
 -121 -7350
 -119 -247
 -119 -247
 -119 -3319
 -119 -3273
 -80 -80
 -80 -80
 -80 -2128
 -80 -2083
 -122 -250
 -122 -250
 -122 -2042
 -122 -1990
 45 -8355795
 45 -32723
 45 -2771
 45 -2712
 60 -8355780
 60 -32708
 60 -2500
 60 -2491
 123 251
 123 251
 123 1275
 123 1160
 -130 8355838
 -130 32766
 -130 7422
 -130 7311
 -84 8355628
 -84 32556
 -84 12332
 -84 12371
 64 192
 64 192
 64 13504
 64 13502
 194 194
 194 194
 194 11458
 194 11494
 208 80
 208 80
 208 11344
 208 11365
 7 135
 7 135
 7 13191
 7 13196
 -45 8355795
 -45 32723
 -45 14547
 -45 14470
 -75 8355637
 -75 32565
 -75 13621
 -75 13604
 220 92
 220 92
 220 10844
 220 10808
 117 117
 117 117
 117 7797
 117 7722
 16 144
 16 144
 16 4496
 16 4530
 -62 8355778
 -62 32706
 -62 1730
 -62 1771
 -176 8355664
 -176 32592
 -176 1104
 -176 1031
 -299 8355413
 -299 32341
 -299 2133
 -299 2053
 -127 8355585
 -127 32513
 -127 2561
 -127 2608
 -65 8355775
 -65 32703
 -65 959
 -65 1015
 89 -8355623
 89 -32551
 89 -1831
 89 -1910
 80 -8355632
 80 -32560
 80 -4144
 80 -4099
 -117 -245
 -117 -245
 -117 -4853
 -117 -4781
 -130 -130
 -130 -130
 -130 -5250
 -130 -5275
 -119 -247
 -119 -247
 -119 -6391
 -119 -6365
 -6 -6
 -6 -6
 -6 -7686
 -6 -7749
 -3 -131
 -3 -131
 -3 -9091
 -3 -9216
 27 -8355813
 27 -32741
 27 -11493
 27 -11436
 101 -8355739
 101 -32667
 101 -13979
 101 -14040
 69 -8355771
 69 -32699
 69 -15803
 69 -15792
 -323 -323
 -323 -323
 -323 -16707
 -323 -16766
 -273 -401
 -273 -401
 -273 -16785
 -273 -16879
 -49 -177
 -49 -177
 -49 -16305
 -49 -16381
 106 -8355734
 106 -32662
 106 -15510
 106 -15593
 97 -8355615
 97 -32543
 97 -14111
 97 -14193
 105 -8355735
 105 -32663
 105 -11159
 105 -11242
 199 -8355641
 199 -32569
 199 -7737
 199 -7782
 -35 -163
 -35 -163
 -35 -5027
 -35 -5106
 -279 -407
 -279 -407
 -279 -2455
 -279 -2525
 100 -8355612
 100 -32540
 100 -796
 100 -887
 -43 -171
 -43 -171
 -43 -683
 -43 -747
 -115 -115
 -115 -115
 -115 -115
 -115 -119
 -54 8355658
 -54 32586
 -54 3146
 -54 3101
 -69 8355643
 -69 32571
 -69 8251
 -69 8245
 48 176
 48 176
 48 11952
 48 11989
 -218 8355750
 -218 32678
 -218 12966
 -218 13036
 -120 8355592
 -120 32520
 -120 12808
 -120 12886
 -38 8355674
 -38 32602
 -38 14170
 -38 14135
 -270 8355570
 -270 32498
 -270 16114
 -270 16046
 -21 8355819
 -21 32747
 -21 16619
 -21 16604
 -88 8355624
 -88 32552
 -88 14632
 -88 14705
 -202 8355638
 -202 32566
 -202 11318
 -202 11292
 -507 8355461
 -507 32389
 -507 8069
 -507 8142
 -213 8355627
 -213 32555
 -213 5163
 -213 5221
 161 161
 161 161
 161 3489
 161 3537
 72 200
 72 200
 72 3272
 72 3318
 -122 8355590
 -122 32518
 -122 3846
 -122 3864
 -232 8355736
 -232 32664
 -232 2968
 -232 2956
 -169 8355799
 -169 32727
 -169 471
 -169 478
 -7 -135
 -7 -135
 -7 -1927
 -7 -1948
 -176 -176
 -176 -176
 -176 -3248
 -176 -3267
 -107 -107
 -107 -107
 -107 -3947
 -107 -3907
 134 -8355706
 134 -32634
 134 -4730
 134 -4695
 -2 -130
 -2 -130
 -2 -5250
 -2 -5372
 -39 -167
 -39 -167
 -39 -7079
 -39 -7116
 -255 -127
 -255 -127
 -255 -9599
 -255 -9579
 -105 -105
 -105 -105
 -105 -12393
 -105 -12346
 -67 -195
 -67 -195
 -67 -14531
 -67 -14502
 152 -8355816
 152 -32744
 152 -15336
 152 -15315
 158 -8355682
 158 -32610
 158 -16226
 158 -16168
 173 -8355667
 173 -32595
 173 -16979
 173 -16936
 -61 -61
 -61 -61
 -61 -16701
 -61 -16652
 -45 -173
 -45 -173
 -45 -16045
 -45 -16102
 -311 -311
 -311 -311
 -311 -15159
 -311 -15166
 -112 -240
 -112 -240
 -112 -12528
 -112 -12483
 -106 -106
 -106 -106
 -106 -8554
 -106 -8527
 -41 -41
 -41 -41
 -41 -4393
 -41 -4413
 125 -8355587
 125 -32515
 125 -1283
 125 -1388
 -35 -163
 -35 -163
 -35 -419
 -35 -435
 -147 -19
 -147 -19
 -147 -1043
 -147 -1064
 84 -8355756
 84 -32684
 84 -684
 84 -736
 -144 8355696
 -144 32624
 -144 2416
 -144 2316
 -118 8355722
 -118 32650
 -118 7818
 -118 7854
 57 185
 57 185
 57 12729
 57 12672
 42 42
 42 42
 42 14634
 42 14708
 -26 8355686
 -26 32614
 -26 14438
 -26 14435
 -88 8355752
 -88 32680
 -88 15016
 -88 14989
 -80 8355632
 -80 32560
 -80 16176
 -80 16240
 -172 8355796
 -172 32724
 -172 16340
 -172 16326
 -130 8355710
 -130 32638
 -130 15486
 -130 15387
 67 67
 67 67
 67 13123
 67 13119
 -35 8355677
 -35 32605
 -35 10077
 -35 9990
 -44 8355668
 -44 32596
 -44 6996
 -44 6976
 -249 8355719
 -249 32647
 -249 4487
 -249 4564
 -368 8355472
 -368 32400
 -368 3216
 -368 3283
 -140 8355828
 -140 32756
 -140 3060
 -140 3025
 44 44
 44 44
 44 2604
 44 2637
 -63 8355649
 -63 32577
 -63 1601
 -63 1653
 -262 -390
 -262 -390
 -262 -134
 -262 -149
 -148 -20
 -148 -20
 -148 -2068
 -148 -2129
 1 -8355711
 1 -32639
 1 -3711
 1 -3699
 -100 -100
 -100 -100
 -100 -5220
 -100 -5128
 -214 -86
 -214 -86
 -214 -6486
 -214 -6411
 1 -8355839
 1 -32767
 1 -7935
 1 -7829
 -2 -2
 -2 -2
 -2 -9218
 -2 -9233
 127 -8355585
 127 -32513
 127 -11521
 127 -11639
 38 -8355802
 38 -32730
 38 -13786
 38 -13697
 -130 -2
 -130 -2
 -130 -15362
 -130 -15442
 -171 -43
 -171 -43
 -171 -17707
 -171 -17688
 -310 -310
 -310 -310
 -310 -18486
 -310 -18435
 -37 -37
 -37 -37
 -37 -17701
 -37 -17743
 -50 -50
 -50 -50
 -50 -16178
 -50 -16175
 76 -8355636
 76 -32564
 76 -14644
 76 -14659
 255 -8355585
 255 -32513
 255 -12289
 255 -12358
 95 -8355745
 95 -32673
 95 -8865
 95 -8910
 -47 -47
 -47 -47
 -47 -5423
 -47 -5487
 -81 -209
 -81 -209
 -81 -3025
 -81 -3020
 -215 -87
 -215 -87
 -215 -1367
 -215 -1390
 -149 -149
 -149 -149
 -149 -661
 -149 -707
 -17 8355695
 -17 32623
 -17 367
 -17 359
 -155 8355813
 -155 32741
 -155 3045
 -155 3004
 -334 8355378
 -334 32306
 -334 7474
 -334 7504
 -252 8355716
 -252 32644
 -252 11908
 -252 11922
 -163 8355805
 -163 32733
 -163 14301
 -163 14210
 -69 8355771
 -69 32699
 -69 14779
 -69 14801
 124 124
 124 124
 124 15740
 124 15707
 68 196
 68 196
 68 17348
 68 17355
 -62 8355778
 -62 32706
 -62 18114
 -62 18108
 33 161
 33 161
 33 16545
 33 16573
 14 142
 14 142
 14 13198
 14 13262
 -11 8355701
 -11 32629
 -11 9845
 -11 9837
 -18 8355822
 -18 32750
 -18 7406
 -18 7348
 -54 8355658
 -54 32586
 -54 5450
 -54 5427
 98 98
 98 98
 98 4450
 98 4412
 11 139
 11 139
 11 3723
 11 3802
 -57 8355655
 -57 32583
 -57 3143
 -57 3169
 28 156
 28 156
 28 1692
 28 1667
 -99 -99
 -99 -99
 -99 -611
 -99 -602
 -47 -47
 -47 -47
 -47 -2607
 -47 -2674
 72 -8355640
 72 -32568
 72 -3640
 72 -3703
 126 -8355586
 126 -32514
 126 -4354
 126 -4379
 81 -8355631
 81 -32559
 81 -5679
 81 -5681
 -285 -413
 -285 -413
 -285 -7837
 -285 -7852
 -145 -17
 -145 -17
 -145 -10257
 -145 -10250
 -102 -102
 -102 -102
 -102 -12390
 -102 -12356
 23 -8355817
 23 -32745
 23 -14313
 23 -14235
 99 -8355613
 99 -32541
 99 -16157
 99 -16149
 150 -8355690
 150 -32618
 150 -18026
 150 -17926
 282 -8355430
 282 -32358
 282 -18790
 282 -18716
 375 -8355465
 375 -32393
 375 -17801
 375 -17917
 -102 -230
 -102 -230
 -102 -17126
 -102 -17102
 -52 -180
 -52 -180
 -52 -16052
 -52 -16110
 -15 -143
 -15 -143
 -15 -13455
 -15 -13554
 20 -8355692
 20 -32620
 20 -9324
 20 -9336
 -79 -207
 -79 -207
 -79 -5839
 -79 -5877
 -120 -120
 -120 -120
 -120 -3192
 -120 -3081
 123 -8355717
 123 -32645
 123 -1157
 123 -1258
 228 -8355740
 228 -32668
 228 -668
 228 -763
 58 -8355782
 58 -32710
 58 -198
 58 -180
 15 15
 15 15
 15 2063
 15 2109
 -88 8355752
 -88 32680
 -88 6824
 -88 6817
 52 180
 52 180
 52 11956
 52 12007
 14 14
 14 14
 14 15118
 14 15106
 -92 8355620
 -92 32548
 -92 15652
 -92 15737
 63 191
 63 191
 63 16319
 63 16329
 -16 8355696
 -16 32624
 -16 17776
 -16 17667
 90 218
 90 218
 90 18394
 90 18376
 50 178
 50 178
 50 16818
 50 16874
 -29 8355683
 -29 32611
 -29 14179
 -29 14167
 -13 8355827
 -13 32755
 -13 11507
 -13 11493
 -167 8355801
 -167 32729
 -167 8921
 -167 8922
 -290 8355550
 -290 32478
 -290 6622
 -290 6621
 -93 8355747
 -93 32675
 -93 4771
 -93 4814
 -93 8355747
 -93 32675
 -93 4003
 -93 4042
 48 48
 48 48
 48 3376
 48 3348
 -275 8355565
 -275 32493
 -275 2029
 -275 1948
 -238 8355730
 -238 32658
 -238 146
 -238 149
 -95 -223
 -95 -223
 -95 -1759
 -95 -1731
 -187 -187
 -187 -187
 -187 -3259
 -187 -3238
 -36 -36
 -36 -36
 -36 -4644
 -36 -4613
 -192 -64
 -192 -64
 -192 -6464
 -192 -6499
 -404 -404
 -404 -404
 -404 -8596
 -404 -8601
 -13 -141
 -13 -141
 -13 -9869
 -13 -9955
 116 -8355724
 116 -32652
 116 -11660
 116 -11669
 -88 -88
 -88 -88
 -88 -13912
 -88 -13935
 -164 -36
 -164 -36
 -164 -16420
 -164 -16390
 -90 -90
 -90 -90
 -90 -19034
 -90 -18985
 -53 -181
 -53 -181
 -53 -20149
 -53 -20117
 -202 -74
 -202 -74
 -202 -19530
 -202 -19541
 -94 -222
 -94 -222
 -94 -18142
 -94 -18066
 67 -8355645
 67 -32573
 67 -16189
 67 -16226
 -47 -175
 -47 -175
 -47 -13487
 -47 -13502
 47 -8355665
 47 -32593
 47 -9809
 47 -9824
 -326 -326
 -326 -326
 -326 -6982
 -326 -6960
 -188 -188
 -188 -188
 -188 -4028
 -188 -4055
 -165 -165
 -165 -165
 -165 -1701
 -165 -1726
 51 -8355661
 51 -32589
 51 -589
 51 -629
 41 169
 41 169
 41 169
 41 201
 -170 8355670
 -170 32598
 -170 2646
 -170 2609
 -266 8355446
 -266 32374
 -266 7286
 -266 7223
 -209 8355759
 -209 32687
 -209 11951
 -209 11966
 -151 8355689
 -151 32617
 -151 14953
 -151 14849
 -17 8355823
 -17 32751
 -17 15855
 -17 15777
 100 228
 100 228
 100 17124
 100 17033
 66 194
 66 194
 66 18882
 66 18931
 139 139
 139 139
 139 19339
 139 19378
 -77 8355763
 -77 32691
 -77 17843
 -77 17862
 -18 8355822
 -18 32750
 -18 15086
 -18 15023
 66 194
 66 194
 66 11970
 66 11980
 -7 8355833
 -7 32761
 -7 9209
 -7 9208
 -71 8355641
 -71 32569
 -71 6969
 -71 6983
 -70 8355642
 -70 32570
 -70 5434
 -70 5406
 59 59
 59 59
 59 4411
 59 4439
 184 56
 184 56
 184 3896
 184 3879
 -45 8355667
 -45 32595
 -45 2131
 -45 2093
 -205 8355635
 -205 32563
 -205 51
 -205 103
 76 -8355636
 76 -32564
 76 -1332
 76 -1334
 292 -8355548
 292 -32476
 292 -2524
 292 -2496
 156 -8355812
 156 -32740
 156 -4068
 156 -4033
 27 -8355813
 27 -32741
 27 -6117
 27 -6136
 -11 -11
 -11 -11
 -11 -8203
 -11 -8237
 -249 -249
 -249 -249
 -249 -10489
 -249 -10490
 -142 -14
 -142 -14
 -142 -12302
 -142 -12380
 124 -8355716
 124 -32644
 124 -14212
 124 -14305
 -26 -154
 -26 -154
 -26 -16538
 -26 -16608
 -34 -34
 -34 -34
 -34 -18978
 -34 -19053
 -269 -397
 -269 -397
 -269 -20365
 -269 -20369
 -123 -251
 -123 -251
 -123 -19707
 -123 -19619
 -237 -237
 -237 -237
 -237 -18157
 -237 -18097
 -259 -387
 -259 -387
 -259 -16515
 -259 -16615
 -26 -26
 -26 -26
 -26 -14362
 -26 -14350
 -101 -101
 -101 -101
 -101 -10853
 -101 -10758
 -7 -7
 -7 -7
 -7 -6919
 -7 -6978
 69 -8355643
 69 -32571
 69 -3899
 69 -3893
 -206 -78
 -206 -78
 -206 -1614
 -206 -1592
 -140 -140
 -140 -140
 -140 -652
 -140 -656
 -97 8355743
 -97 32671
 -97 159
 -97 164
 -43 8355669
 -43 32597
 -43 2133
 -43 2103
 -26 8355814
 -26 32742
 -26 6630
 -26 6587
 -13 8355827
 -13 32755
 -13 11763
 -13 11763
 -76 8355636
 -76 32564
 -76 15156
 -76 15181
 -104 8355608
 -104 32536
 -104 16664
 -104 16677
 -341 8355499
 -341 32427
 -341 17835
 -341 17867
 -289 8355423
 -289 32351
 -289 19295
 -289 19270
 -214 8355626
 -214 32554
 -214 19754
 -214 19819
 0 128
 0 128
 0 18304
 0 18310
 270 270
 270 270
 270 15630
 270 15620
 -233 8355607
 -233 32535
 -233 12823
 -233 12812
 -113 8355599
 -113 32527
 -113 9999
 -113 10093
 -261 8355451
 -261 32379
 -261 7803
 -261 7758
 -131 8355709
 -131 32637
 -131 5757
 -131 5699
 -123 8355717
 -123 32645
 -123 4229
 -123 4313
 -58 8355782
 -58 32710
 -58 3526
 -58 3579
 144 144
 144 144
 144 2192
 144 2259
 -155 8355813
 -155 32741
 -155 485
 -155 489
 -162 -34
 -162 -34
 -162 -1058
 -162 -1094
 -78 -206
 -78 -206
 -78 -2510
 -78 -2466
 -139 -11
 -139 -11
 -139 -4363
 -139 -4423
 -9 -9
 -9 -9
 -9 -6665
 -9 -6668
 63 -8355777
 63 -32705
 63 -8897
 63 -8879
 41 -8355671
 41 -32599
 41 -10583
 41 -10620
 -107 -235
 -107 -235
 -107 -12267
 -107 -12286
 -74 -202
 -74 -202
 -74 -14538
 -74 -14526
 -221 -93
 -221 -93
 -221 -16989
 -221 -16997
 -208 -80
 -208 -80
 -208 -19792
 -208 -19769
 -301 -301
 -301 -301
 -301 -21549
 -301 -21577
 -92 -92
 -92 -92
 -92 -21084
 -92 -21035
 -80 -208
 -80 -208
 -80 -19152
 -80 -19134
 -5 -5
 -5 -5
 -5 -17413
 -5 -17473
 -185 -185
 -185 -185
 -185 -14777
 -185 -14806
 -245 -245
 -245 -245
 -245 -10997
 -245 -11004
 -288 -416
 -288 -416
 -288 -7328
 -288 -7420
 -196 -68
 -196 -68
 -196 -4932
 -196 -4867
 -38 -166
 -38 -166
 -38 -2470
 -38 -2461
 -7 -135
 -7 -135
 -7 -647
 -7 -751
 51 51
 51 51
 51 307
 51 310
 27 155
 27 155
 27 2459
 27 2464
 -51 8355661
 -51 32589
 -51 6989
 -51 6922
 -182 8355786
 -182 32714
 -182 11722
 -182 11763
 -163 8355805
 -163 32733
 -163 15325
 -163 15261
 -154 8355814
 -154 32742
 -154 16870
 -154 16775
 -101 8355739
 -101 32667
 -101 18075
 -101 18072
 -39 8355673
 -39 32601
 -39 20057
 -39 19981
 -152 8355688
 -152 32616
 -152 20840
 -152 20827
 -269 8355443
 -269 32371
 -269 19571
 -269 19513
 -164 8355804
 -164 32732
 -164 16348
 -164 16272
 -45 8355795
 -45 32723
 -45 13011
 -45 12980
 -63 8355649
 -63 32577
 -63 10561
 -63 10504
 -116 8355724
 -116 32652
 -116 8332
 -116 8383
 -229 8355611
 -229 32539
 -229 6683
 -229 6659
 -307 8355533
 -307 32461
 -307 5069
 -307 5040
 -338 8355502
 -338 32430
 -338 4014
 -338 4039
 -358 8355354
 -358 32282
 -358 2586
 -358 2644
 -66 8355774
 -66 32702
 -66 702
 -66 654
 -12 -12
 -12 -12
 -12 -1036
 -12 -1136
 -14 -142
 -14 -142
 -14 -2446
 -14 -2463
 -21 -21
 -21 -21
 -21 -4117
 -21 -4195
 -45 -45
 -45 -45
 -45 -6445
 -45 -6500
 -149 -21
 -149 -21
 -149 -8725
 -149 -8769
 93 -8355747
 93 -32675
 93 -10915
 93 -10921
 -121 -121
 -121 -121
 -121 -12665
 -121 -12583
 -187 -187
 -187 -187
 -187 -14779
 -187 -14847
 -66 -194
 -66 -194
 -66 -17346
 -66 -17296
 -158 -30
 -158 -30
 -158 -19998
 -158 -20055
 -87 -215
 -87 -215
 -87 -21719
 -87 -21676
 -152 -24
 -152 -24
 -152 -21016
 -152 -21009
 69 -8355643
 69 -32571
 69 -19771
 69 -19798
 86 -8355754
 86 -32682
 86 -18090
 86 -18102
 138 -8355830
 138 -32758
 138 -15606
 138 -15581
 80 -8355632
 80 -32560
 80 -12080
 80 -12074
 -2 -130
 -2 -130
 -2 -8578
 -2 -8604
 -70 -198
 -70 -198
 -70 -5318
 -70 -5362
 -241 -113
 -241 -113
 -241 -2417
 -241 -2369
 -238 -110
 -238 -110
 -238 -878
 -238 -870
 99 99
 99 99
 99 99
 99 36
 -171 8355797
 -171 32725
 -171 2005
 -171 2000
 -103 8355609
 -103 32537
 -103 6425
 -103 6415
 -15 8355825
 -15 32753
 -15 11761
 -15 11678
 -151 8355689
 -151 32617
 -151 15721
 -151 15730
 70 70
 70 70
 70 17478
 70 17421
 45 173
 45 173
 45 18605
 45 18579
 -207 8355633
 -207 32561
 -207 20273
 -207 20229
 25 25
 25 25
 25 20761
 25 20855
 -70 8355770
 -70 32698
 -70 19642
 -70 19608
 -91 8355621
 -91 32549
 -91 16677
 -91 16707
 -49 8355791
 -49 32719
 -49 13775
 -49 13712
 -169 8355799
 -169 32727
 -169 11223
 -169 11252
 -232 8355736
 -232 32664
 -232 8856
 -232 8935
 8 8
 8 8
 8 6920
 8 7005
 84 212
 84 212
 84 5332
 84 5266
 -80 8355632
 -80 32560
 -80 4144
 -80 4182
 44 172
 44 172
 44 2476
 44 2549
 -182 8355658
 -182 32586
 -182 842
 -182 786
 -189 -61
 -189 -61
 -189 -829
 -189 -786
 -53 -53
 -53 -53
 -53 -2101
 -53 -2107
 -136 -8
 -136 -8
 -136 -4104
 -136 -4156
 -87 -215
 -87 -215
 -87 -6871
 -87 -6833
 -31 -159
 -31 -159
 -31 -9119
 -31 -9170
 -99 -99
 -99 -99
 -99 -11107
 -99 -11089
 -41 -169
 -41 -169
 -41 -12969
 -41 -12953
 -164 -164
 -164 -164
 -164 -15012
 -164 -15042
 -259 -259
 -259 -259
 -259 -17155
 -259 -17272
 26 -8355686
 26 -32614
 26 -20582
 26 -20558
 -190 -62
 -190 -62
 -190 -22334
 -190 -22281
 -113 -241
 -113 -241
 -113 -22257
 -113 -22205
 -223 -223
 -223 -223
 -223 -20703
 -223 -20685
 -98 -226
 -98 -226
 -98 -18658
 -98 -18668
 59 -8355653
 59 -32581
 59 -15941
 59 -15977
 -24 -152
 -24 -152
 -24 -12440
 -24 -12514
 -171 -171
 -171 -171
 -171 -9131
 -171 -9135
 -136 -8
 -136 -8
 -136 -5640
 -136 -5653
 177 -8355791
 177 -32719
 177 -2767
 177 -2787
 159 -8355681
 159 -32609
 159 -1121
 159 -1111
 128 -8355712
 128 -32640
 128 -128
 128 -28
 -4 8355708
 -4 32636
 -4 2172
 -4 2091
 -199 8355641
 -199 32569
 -199 6457
 -199 6408
 -100 8355740
 -100 32668
 -100 11420
 -100 11482
 128 0
 128 0
 128 15360
 128 15429
 37 37
 37 37
 37 17189
 37 17219
 -209 8355631
 -209 32559
 -209 18735
 -209 18765
 10 10
 10 10
 10 21002
 10 21011
 -160 8355680
 -160 32608
 -160 21856
 -160 21860
 -133 8355707
 -133 32635
 -133 20603
 -133 20576
 -187 8355781
 -187 32709
 -187 17605
 -187 17597
 -93 8355619
 -93 32547
 -93 14371
 -93 14436
 133 133
 133 133
 133 11397
 133 11477
 -8 8355832
 -8 32760
 -8 9464
 -8 9347
 -347 8355493
 -347 32421
 -347 7589
 -347 7626
 -24 8355688
 -24 32616
 -24 5992
 -24 5896
 45 173
 45 173
 45 4781
 45 4773
 10 10
 10 10
 10 3082
 10 3141
 -169 8355799
 -169 32727
 -169 1239
 -169 1163
 21 -8355819
 21 -32747
 21 -491
 21 -428
 28 -8355812
 28 -32740
 28 -2020
 28 -2048
 -58 -58
 -58 -58
 -58 -3898
 -58 -3920
 -206 -78
 -206 -78
 -206 -6478
 -206 -6489
 -77 -77
 -77 -77
 -77 -9037
 -77 -9045
 220 -8355620
 220 -32548
 220 -11300
 220 -11312
 343 -8355369
 343 -32297
 343 -13097
 343 -13171
 243 -8355597
 243 -32525
 243 -15117
 243 -15202
 183 -8355785
 183 -32713
 183 -17609
 183 -17596
 51 -8355661
 51 -32589
 51 -20813
 51 -20777
 -137 -137
 -137 -137
 -137 -22921
 -137 -22917
 -74 -74
 -74 -74
 -74 -22602
 -74 -22580
 88 -8355624
 88 -32552
 88 -21032
 88 -21085
 -8 -136
 -8 -136
 -8 -18824
 -8 -18923
 -69 -69
 -69 -69
 -69 -16453
 -69 -16390
 -33 -161
 -33 -161
 -33 -12961
 -33 -12984
 42 -8355798
 42 -32726
 42 -9174
 42 -9194
 -153 -25
 -153 -25
 -153 -5913
 -153 -5930
 -159 -159
 -159 -159
 -159 -2975
 -159 -2999
 173 -8355667
 173 -32595
 173 -1363
 173 -1312
 23 -8355817
 23 -32745
 23 -233
 23 -233
 -34 8355678
 -34 32606
 -34 1886
 -34 1840
 115 243
 115 243
 115 6131
 115 6020
 145 145
 145 145
 145 11409
 145 11460
 -68 8355772
 -68 32700
 -68 15548
 -68 15564
 -241 8355599
 -241 32527
 -241 17679
 -241 17684
 -118 8355594
 -118 32522
 -118 19210
 -118 19312
 -91 8355749
 -91 32677
 -91 21413
 -91 21492
 -93 8355619
 -93 32547
 -93 22563
 -93 22528
 17 145
 17 145
 17 21137
 17 21213
 -197 8355643
 -197 32571
 -197 17979
 -197 17969
 -63 8355649
 -63 32577
 -63 14657
 -63 14686
 -165 8355803
 -165 32731
 -165 11995
 -165 12010
 -343 8355369
 -343 32297
 -343 10025
 -343 10024
 -35 8355677
 -35 32605
 -35 7773
 -35 7753
 49 177
 49 177
 49 5809
 49 5877
 -144 8355696
 -144 32624
 -144 4464
 -144 4447
 -60 8355780
 -60 32708
 -60 3012
 -60 3009
 -105 8355735
 -105 32663
 -105 1175
 -105 1265
 -77 -205
 -77 -205
 -77 -205
 -77 -197
 -329 -329
 -329 -329
 -329 -1609
 -329 -1597
 42 -8355670
 42 -32598
 42 -3670
 42 -3709
 81 -8355759
 81 -32687
 81 -6319
 81 -6376
 -271 -271
 -271 -271
 -271 -8975
 -271 -9067
 -201 -73
 -201 -73
 -201 -11337
 -201 -11358
 -144 -16
 -144 -16
 -144 -13072
 -144 -13163
 -443 -443
 -443 -443
 -443 -15035
 -443 -15018
 -400 -400
 -400 -400
 -400 -17552
 -400 -17625
 -40 -40
 -40 -40
 -40 -20776
 -40 -20862
 75 -8355637
 75 -32565
 75 -23349
 75 -23333
 -69 -69
 -69 -69
 -69 -23365
 -69 -23313
 -98 -98
 -98 -98
 -98 -21346
 -98 -21264
 -71 -199
 -71 -199
 -71 -19143
 -71 -19176
 -8 -136
 -8 -136
 -8 -16520
 -8 -16601
 125 -8355715
 125 -32643
 125 -13187
 125 -13187
 18 -8355694
 18 -32622
 18 -9582
 18 -9540
 14 -8355826
 14 -32754
 14 -6642
 14 -6611
 -49 -49
 -49 -49
 -49 -3633
 -49 -3618
 -183 -55
 -183 -55
 -183 -1335
 -183 -1347
 -70 8355642
 -70 32570
 -70 58
 -70 7
 -173 8355667
 -173 32595
 -173 2131
 -173 2067
 -267 8355445
 -267 32373
 -267 6005
 -267 5970
 -71 8355641
 -71 32569
 -71 11321
 -71 11322
 -126 8355586
 -126 32514
 -126 15618
 -126 15616
 -20 8355820
 -20 32748
 -20 17900
 -20 17907
 -154 8355686
 -154 32614
 -154 19558
 -154 19532
 -218 8355622
 -218 32550
 -218 21798
 -218 21877
 36 36
 36 36
 36 22820
 36 22894
 -99 8355741
 -99 32669
 -99 21661
 -99 21699
 44 172
 44 172
 44 18604
 44 18643
 -42 8355798
 -42 32726
 -42 15318
 -42 15334
 -138 8355830
 -138 32758
 -138 12790
 -138 12727
 -85 8355627
 -85 32555
 -85 10539
 -85 10538
 -393 8355447
 -393 32375
 -393 8567
 -393 8513
 -286 8355554
 -286 32482
 -286 6370
 -286 6367
 -12 8355828
 -12 32756
 -12 5108
 -12 5082
 -232 8355736
 -232 32664
 -232 3224
 -232 3289
 -138 8355702
 -138 32630
 -138 1654
 -138 1577
 -47 -175
 -47 -175
 -47 -175
 -47 -129
 65 -8355775
 65 -32703
 65 -1727
 65 -1684
 -195 -67
 -195 -67
 -195 -3395
 -195 -3339
 -290 -418
 -290 -418
 -290 -6306
 -290 -6273
 -134 -6
 -134 -6
 -134 -9222
 -134 -9343
 156 -8355684
 156 -32612
 156 -11876
 156 -11806
 69 -8355771
 69 -32699
 69 -13499
 69 -13496
 -197 -69
 -197 -69
 -197 -15429
 -197 -15453
 -25 -25
 -25 -25
 -25 -17689
 -25 -17785
 325 -8355387
 325 -32315
 325 -21051
 325 -21112
 268 -8355572
 268 -32500
 268 -23796
 268 -23754
 227 -8355613
 227 -32541
 227 -23837
 227 -23908
 -15 -143
 -15 -143
 -15 -22159
 -15 -22259
 132 -8355708
 132 -32636
 132 -20092
 132 -20081
 247 -8355721
 247 -32649
 247 -17289
 247 -17365
 60 -8355652
 60 -32580
 60 -13636
 60 -13572
 -342 -470
 -342 -470
 -342 -9942
 -342 -9881
 -131 -3
 -131 -3
 -131 -6915
 -131 -6958
 305 -8355407
 305 -32335
 305 -3919
 305 -3862
 93 -8355619
 93 -32547
 93 -1571
 93 -1546
 -69 -69
 -69 -69
 -69 -325
 -69 -275
 311 439
 311 439
 311 1463
 311 1468
 343 471
 343 471
 343 5591
 343 5559
 147 19
 147 19
 147 10771
 147 10788
 -131 8355709
 -131 32637
 -131 15485
 -131 15412
 -100 8355612
 -100 32540
 -100 17692
 -100 17748
 53 53
 53 53
 53 19509
 53 19492
 194 66
 194 66
 194 21570
 194 21551
 32 160
 32 160
 32 22688
 32 22693
 -18 8355694
 -18 32622
 -18 21870
 -18 21793
 138 138
 138 138
 138 18570
 138 18617
 228 228
 228 228
 228 15332
 228 15288
 367 367
 367 367
 367 12399
 367 12348
 282 282
 282 282
 282 10010
 282 10000
 215 87
 215 87
 215 7767
 215 7791
 174 174
 174 174
 174 5806
 174 5862
 183 55
 183 55
 183 4663
 183 4735
 161 33
 161 33
 161 3361
 161 3398
 42 170
 42 170
 42 1450
 42 1442
 445 -8355523
 445 -32451
 445 -451
 445 -475
 496 -8355344
 496 -32272
 496 -2320
 496 -2332
 270 -8355442
 270 -32370
 270 -4722
 270 -4707
 321 -8355519
 321 -32447
 321 -7871
 321 -7843
 637 -8355075
 637 -32003
 637 -10755
 637 -10796
 691 -8355149
 691 -32077
 691 -13133
 691 -13085
 404 -8355436
 404 -32364
 404 -15212
 404 -15145
 708 -8355260
 708 -32188
 708 -17340
 708 -17364
 634 -8355206
 634 -32134
 634 -20102
 634 -20114
 528 -8355184
 528 -32112
 528 -23920
 528 -23886
 661 -8355179
 661 -32107
 661 -26987
 661 -26935
 838 -8355002
 838 -31930
 838 -27066
 838 -27069
 949 -8355019
 949 -31947
 949 -25547
 949 -25558
 830 -8355010
 830 -31938
 830 -23234
 830 -23291
 1045 -8354795
 1045 -31723
 1045 -20971
 1045 -20987
 1223 -8354745
 1223 -31673
 1223 -17849
 1223 -17811
 1177 -8354663
 1177 -31591
 1177 -14439
 1177 -14396
 1195 -8354645
 1195 -31573
 1195 -11349
 1195 -11372
 1552 -8354160
 1552 -31088
 1552 -8560
 1552 -8498
 1696 -8354272
 1696 -31200
 1696 -6368
 1696 -6366
 2023 -8353945
 2023 -30873
 2023 -5017
 2023 -5017
 1910 -8353802
 1910 -30730
 1910 -3338
 1910 -3403
 2168 2168
 2168 2168
 2168 120
 2168 29
 2355 2355
 2355 2355
 2355 4659
 2355 4636
 2443 2315
 2443 2315
 2443 8715
 2443 8719
 2709 2581
 2709 2581
 2709 10517
 2709 10575
 2868 2868
 2868 2868
 2868 11828
 2868 11860
 2743 2615
 2743 2615
 2743 13623
 2743 13612
 3065 2937
 3065 2937
 3065 14713
 3065 14671
 3555 3555
 3555 3555
 3555 13027
 3555 13033
 3620 3620
 3620 3620
 3620 8996
 3620 9010
 3771 3771
 3771 3771
 3771 4795
 3771 4771
 4214 4342
 4214 4342
 4214 1270
 4214 1199
 4350 -8351490
 4350 -28418
 4350 -1794
 4350 -1796
 4915 -8350925
 4915 -27853
 4915 -4557
 4915 -4585
 5104 -8350864
 5104 -27792
 5104 -7568
 5104 -7644
 5450 -8350390
 5450 -27318
 5450 -10166
 5450 -10204
 6015 -8349697
 6015 -26625
 6015 -13313
 6015 -13362
 6301 -8349667
 6301 -26595
 6301 -17123
 6301 -17141
 6904 -8348936
 6904 -25864
 6904 -19720
 6904 -19829
 7133 -8348835
 7133 -25763
 7133 -22179
 7133 -22260
 7863 -8347977
 7863 -24905
 7863 -25417
 7863 -25445
 8678 -8347162
 8678 -24090
 8678 -29978
 8678 -29972
 9212 -8379396
 9212 -56324
 9212 -34820
 9212 -34819
 9474 -8379134
 9474 -56062
 9474 -39166
 9474 -39152
 10007 -8378473
 10007 -55401
 10007 -42857
 10007 -42849
 10501 -8378107
 10501 -55035
 10501 -46587
 10501 -46516
 11601 -8376879
 11601 -53807
 11601 -50735
 11601 -50798
 12246 -8376490
 12246 -53418
 12246 -56490
 12246 -56452
 13130 -8375478
 13130 -52406
 13130 -61622
 13130 -61577
 14010 -8374726
 14010 -51654
 14010 -64454
 14010 -64499
 14770 -8373966
 14770 -50894
 14770 -65486
 14770 -65527
 15718 -8339994
 15718 -82458
 15718 -66074
 15718 -66157
 16695 -8339145
 16695 -81609
 16695 -66249
 16695 -66210
 17771 -8337941
 17771 -80405
 17771 -65557
 17771 -65550
 18923 -8369685
 18923 -46613
 18923 -64789
 18923 -64844
 19838 -8368770
 19838 -45698
 19838 -64898
 19838 -65014
 21261 -8367347
 21261 -44275
 21261 -65523
 21261 -65413
 23028 -8332940
 23028 -75404
 23028 -66956
 23028 -66972
 24301 -8331667
 24301 -74131
 24301 -69267
 24301 -69362
 25647 -8330193
 25647 -72657
 25647 -71633
 25647 -71585
 27134 -8328834
 27134 -71298
 27134 -72066
 27134 -72144
 28617 -8327351
 28617 -69815
 28617 -71351
 28617 -71324
 30236 -8325476
 30236 -67940
 30236 -71268
 30236 -71268
 32150 -8323690
 32150 -66154
 32150 -73834
 32150 -73752
 33961 -8354775
 33961 -97239
 33961 -77527
 33961 -77536
 35807 -8352929
 35807 -95393
 35807 -81057
 35807 -81140
 38207 -8350273
 38207 -92737
 38207 -85569
 38207 -85532
 40448 -8348032
 40448 -90496
 40448 -92544
 40448 -92516
 42535 -8378841
 42535 -121305
 42535 -102105
 42535 -102064
 44868 -8376380
 44868 -118844
 44868 -112444
 44868 -112404
 47677 -8373571
 47677 -116035
 47677 -122691
 47677 -122688
 50061 -8338675
 50061 -146675
 50061 -132595
 50061 -132551
 52638 -8335970
 52638 -143970
 52638 -142434
 52638 -142450
 55654 -8332826
 55654 -140826
 55654 -152858
 55654 -152925
 58596 -8330140
 58596 -138140
 58596 -163228
 58596 -163238
 61622 -8359754
 61622 -167754
 61622 -173642
 61622 -173689
 64911 -8356465
 64911 -164465
 64911 -185201
 64911 -185143
 68386 -8287326
 68386 -226398
 68386 -196958
 68386 -196913
 72049 -8283791
 72049 -222863
 72049 -208783
 72049 -208814
 75737 -8280103
 75737 -219175
 75737 -221479
 75737 -221521
 79601 -8309007
 79601 -248079
 79601 -235279
 79601 -235288
 83499 -8305109
 83499 -244181
 83499 -250325
 83499 -250362
 87651 -8268061
 87651 -272669
 87651 -264733
 87651 -264827
 92171 -8263669
 92171 -268277
 92171 -279285
 92171 -279180
 96891 -8258821
 96891 -263429
 96891 -294661
 96891 -294702
 101785 -8319719
 101785 -324327
 101785 -311271
 101785 -311240
 106798 -8281682
 106798 -351826
 106798 -328786
 106798 -328759
 111822 -8276914
 111822 -347058
 111822 -346546
 111822 -346601
 117246 -8304258
 117246 -374402
 117246 -362626
 117246 -362681
 122840 -8298664
 122840 -368808
 122840 -377256
 122840 -377279
 128707 -8292669
 128707 -362813
 128707 -391741
 128707 -391714
 134395 -8221573
 134395 -422789
 134395 -406661
 134395 -406730
 140766 -8215202
 140766 -416418
 140766 -421538
 140766 -421519
 147177 -8241559
 147177 -442775
 147177 -436631
 147177 -436627
 154051 -8234557
 154051 -435773
 154051 -452925
 154051 -452909
 161100 -8194612
 161100 -461364
 161100 -469812
 161100 -469825
 168335 -8220401
 168335 -487153
 168335 -488433
 168335 -488367
 175706 -8245542
 175706 -512294
 175706 -508198
 175706 -508193
 183330 -8205150
 183330 -537438
 183330 -528478
 183330 -528505
 191552 -8196928
 191552 -529216
 191552 -548416
 191552 -548386
 199819 -8188789
 199819 -586613
 199819 -567413
 199819 -567404
 208038 -8180570
 208038 -578394
 208038 -587354
 208038 -587389
 216816 -8139024
 216816 -602384
 216816 -610064
 216816 -610093
 225986 -8162750
 225986 -626110
 225986 -634558
 225986 -634575
 235534 -8153074
 235534 -681970
 235534 -659442
 235534 -659329
 244935 -8143673
 244935 -672569
 244935 -685625
 244935 -685604
 254690 -8166814
 254690 -695710
 254690 -715422
 254690 -715430
 264964 -8090748
 264964 -750716
 264964 -748412
 264964 -748411
 275549 -8113059
 275549 -773027
 275549 -782755
 275549 -782790
 286117 -8069851
 286117 -795355
 286117 -817115
 286117 -817107
 297258 -8123990
 297258 -849494
 297258 -851798
 297258 -851803
 308756 -8112492
 308756 -903532
 308756 -887148
 308756 -887049
 320446 -8068162
 320446 -924738
 320446 -923202
 320446 -923177
 332435 -8056301
 332435 -978413
 332435 -960493
 332435 -960428
 344625 -8011087
 344625 -998735
 344625 -997967
 344625 -997978
 357274 -8031462
 357274 -1019110
 357274 -1037030
 357274 -1037026
 370359 -8018377
 370359 -1071561
 370359 -1076681
 370359 -1076696
 383458 -8005278
 383458 -1123998
 383458 -1116830
 383458 -1116855
 397028 -7991708
 397028 -1175964
 397028 -1158300
 397028 -1158281
 410846 -7945122
 410846 -1194914
 410846 -1201570
 410846 -1201657
 425066 -7930774
 425066 -1246102
 425066 -1246358
 425066 -1246401
 439546 -7981830
 439546 -1297158
 439546 -1291526
 439546 -1291528
 454477 -7934131
 454477 -1314995
 454477 -1336499
 454477 -1336557
 469675 -7886293
 469675 -1398229
 469675 -1382613
 469675 -1382598
 484990 -7903618
 484990 -1415554
 484990 -1430146
 484990 -1430207
 500607 -7920769
 500607 -1498241
 500607 -1479041
 500607 -1479133
 516238 -7872370
 516238 -1515378
 516238 -1529202
 516238 -1529212
 532509 -7823331
 532509 -1597411
 532509 -1577955
 532509 -1577920
 548991 -7839489
 548991 -1613569
 548991 -1624833
 548991 -1624852
 565752 -7855624
 565752 -1695240
 565752 -1671944
 565752 -1672052
 582900 -7805836
 582900 -1710988
 582900 -1719948
 582900 -1719946
 600002 -7788734
 600002 -1759422
 600002 -1767102
 600002 -1767102
 617332 -7771148
 617332 -1807372
 617332 -1815052
 617332 -1815063
 635165 -7753315
 635165 -1855075
 635165 -1864547
 635165 -1864452
 653028 -7735580
 653028 -1902876
 653028 -1914396
 653028 -1914384
 671451 -7717157
 671451 -1949989
 671451 -1965605
 671451 -1965686
 689617 -7731887
 689617 -2030255
 689617 -2018735
 689617 -2018738
 708270 -7713234
 708270 -2077138
 708270 -2071762
 708270 -2071805
 727009 -7628959
 727009 -2123935
 727009 -2123679
 727009 -2123721
 746057 -7609783
 746057 -2170295
 746057 -2174391
 746057 -2174390
 764794 -7656582
 764794 -2217094
 764794 -2225798
 764794 -2225917
 784099 -7637405
 784099 -2263453
 784099 -2279837
 784099 -2279935
 803360 -7585248
 803360 -2342368
 803360 -2335456
 803360 -2335460
 822856 -7565624
 822856 -2388280
 822856 -2390840
 822856 -2390887
 842268 -7546212
 842268 -2434404
 842268 -2447204
 842268 -2447174
 861733 -7493979
 861733 -2513243
 861733 -2506075
 861733 -2506005
 881369 -7474471
 881369 -2559271
 881369 -2567463
 881369 -2567546
 900772 -7487964
 900772 -2638300
 900772 -2629596
 900772 -2629630
 920544 -7435424
 920544 -2716832
 920544 -2690976
 920544 -2691052
 940181 -7448427
 940181 -2729835
 940181 -2751851
 940181 -2751800
 959650 -7461726
 959650 -2808670
 959650 -2812510
 959650 -2812516
 979170 -7442334
 979170 -2854814
 979170 -2873502
 979170 -2873488
 998509 -7389971
 998509 -2933523
 998509 -2933523
 998509 -2933597
 1017706 -7403670
 1017706 -3012758
 1017706 -2993302
 1017706 -2993306
 1036887 -7384361
 1036887 -3058985
 1036887 -3052841
 1036887 -3052897
 1056012 -7299700
 1056012 -3105396
 1056012 -3111796
 1056012 -3111747
 1075319 -7280521
 1075319 -3151753
 1075319 -3169929
 1075319 -3170041
 1094114 -7294622
 1094114 -3231390
 1094114 -3228062
 1094114 -3228045
 1112361 -7276119
 1112361 -3278423
 1112361 -3286871
 1112361 -3286833
 1130555 -7225157
 1130555 -3358533
 1130555 -3344965
 1130555 -3344962
 1148493 -7272755
 1148493 -3406131
 1148493 -3401779
 1148493 -3401852
 1166274 -7255102
 1166274 -3454014
 1166274 -3456574
 1166274 -3456613
 1183529 -7204951
 1183529 -3534935
 1183529 -3510615
 1183529 -3510638
 1200658 -7155182
 1200658 -3550702
 1200658 -3564526
 1200658 -3564514
 1217190 -7171418
 1217190 -3632474
 1217190 -3618394
 1217190 -3618319
 1233142 -7155466
 1233142 -3682058
 1233142 -3670794
 1233142 -3670859
 1248764 -7139972
 1248764 -3732100
 1248764 -3720324
 1248764 -3720327
 1263963 -7091877
 1263963 -3749541
 1263963 -3765413
 1263963 -3765424
 1278670 -7109938
 1278670 -3833138
 1278670 -3808050
 1278670 -3808081
 1292952 -7128424
 1292952 -3851624
 1292952 -3849320
 1292952 -3849244
 1306563 -7082173
 1306563 -3870909
 1306563 -3887549
 1306563 -3887607
 1319597 -7069139
 1319597 -3923411
 1319597 -3924435
 1319597 -3924406
 1332034 -7023806
 1332034 -3943614
 1332034 -3960254
 1332034 -3960241
 1343815 -7077561
 1343815 -3997369
 1343815 -3994041
 1343815 -3994044
 1354868 -7033740
 1354868 -4019084
 1354868 -4025996
 1354868 -4026003
 1365209 -7056167
 1365209 -4041511
 1365209 -4056871
 1365209 -4056892
 1374873 -7013735
 1374873 -4064615
 1374873 -4085863
 1374873 -4085775
 1383788 -7004692
 1383788 -4121108
 1383788 -4111124
 1383788 -4111122
 1391841 -6964127
 1391841 -4146079
 1391841 -4132511
 1391841 -4132509
 1399162 -6956550
 1399162 -4138502
 1399162 -4151558
 1399162 -4151556
 1405720 -6982760
 1405720 -4164712
 1405720 -4170344
 1405720 -4170245
 1411121 -7010255
 1411121 -4192207
 1411121 -4187599
 1411121 -4187602
 1415782 -6972826
 1415782 -4220314
 1415782 -4201370
 1415782 -4201365
 1419686 -6969050
 1419686 -4216538
 1419686 -4212954
 1419686 -4212890
 1422748 -6965860
 1422748 -4213348
 1422748 -4224356
 1422748 -4224326
 1424515 -6996861
 1424515 -4244349
 1424515 -4235389
 1424515 -4235383
 1425638 -6995866
 1425638 -4243354
 1425638 -4244122
 1425638 -4244104
 1425663 -6995713
 1425663 -4243201
 1425663 -4249601
 1425663 -4249714
 1424422 -6996826
 1424422 -4244314
 1424422 -4251482
 1424422 -4251504
 1422637 -6998611
 1422637 -4246099
 1422637 -4249939
 1422637 -4249906
 1419434 -7002070
 1419434 -4249558
 1419434 -4244950
 1419434 -4244978
 1415316 -7006188
 1415316 -4253676
 1415316 -4237036
 1415316 -4236952
 1409876 -6978604
 1409876 -4226092
 1409876 -4225324
 1409876 -4225396
 1403602 -6952366
 1403602 -4199854
 1403602 -4211118
 1403602 -4211162
 1396259 -6992221
 1396259 -4174173
 1396259 -4193629
 1396259 -4193571
 1387518 -7001090
 1387518 -4183042
 1387518 -4172034
 1387518 -4172036
 1377819 -6978021
 1377819 -4159973
 1377819 -4147173
 1377819 -4147163
 1367089 -7054159
 1367089 -4105039
 1367089 -4119887
 1367089 -4119868
 1354870 -7033610
 1354870 -4084490
 1354870 -4089610
 1354870 -4089663
 1341910 -7046698
 1341910 -4032042
 1341910 -4055850
 1341910 -4055935
 1327737 -7027975
 1327737 -4013319
 1327737 -4017671
 1327737 -4017754
 1312261 -7076219
 1312261 -3996027
 1312261 -3976315
 1312261 -3976304
 1295675 -7125701
 1295675 -3914437
 1295675 -3931845
 1295675 -3931779
 1278277 -7110203
 1278277 -3898939
 1278277 -3885115
 1278277 -3885072
 1259189 -7129419
 1259189 -3852619
 1259189 -3834955
 1259189 -3834964
 1239224 -7182152
 1239224 -3774280
 1239224 -3779144
 1239224 -3779163
 1218393 -7202855
 1218393 -3729447
 1218393 -3717671
 1218393 -3717727
 1196216 -7192392
 1196216 -3653448
 1196216 -3652168
 1196216 -3652150
 1173063 -7248185
 1173063 -3578169
 1173063 -3583033
 1173063 -3582981
 1148782 -7272594
 1148782 -3537042
 1148782 -3509394
 1148782 -3509488
 1123198 -7232514
 1123198 -3431426
 1123198 -3432450
 1123198 -3432516
 1096860 -7291748
 1096860 -3359588
 1096860 -3352932
 1096860 -3352900
 1069594 -7319014
 1069594 -3255782
 1069594 -3269862
 1069594 -3269886
 1040853 -7380651
 1040853 -3186347
 1040853 -3184555
 1040853 -3184623
 1011242 -7344598
 1011242 -3084758
 1011242 -3097558
 1011242 -3097508
 980786 -7440462
 980786 -2984014
 980786 -3007054
 980786 -3007082
 949476 -7406364
 949476 -2884380
 949476 -2912540
 949476 -2912597
 917210 -7504166
 917210 -2785574
 917210 -2813478
 917210 -2813456
 884202 -7471766
 884202 -2687638
 884202 -2711190
 884202 -2711177
 850096 -7571408
 850096 -2590672
 850096 -2608080
 850096 -2608026
 815244 -7540596
 815244 -2494324
 815244 -2504052
 815244 -2504015
 779358 -7642018
 779358 -2399138
 779358 -2396834
 779358 -2396902
 742735 -7645873
 742735 -2271921
 742735 -2287537
 742735 -2287572
 705632 -7682848
 705632 -2177824
 705632 -2178336
 705632 -2178387
 667693 -7720915
 667693 -2084819
 667693 -2069459
 667693 -2069398
 628959 -7792417
 628959 -1959713
 628959 -1958945
 628959 -1958922
 589422 -7799058
 589422 -1835282
 589422 -1845522
 589422 -1845586
 549585 -7806383
 549585 -1711535
 549585 -1729967
 549585 -1729930
 509256 -7912120
 509256 -1620664
 509256 -1612472
 509256 -1612433
 468155 -7920581
 468155 -1498053
 468155 -1493445
 468155 -1493502
 426877 -7994499
 426877 -1375363
 426877 -1372291
 426877 -1372331
 384907 -8003829
 384907 -1253621
 384907 -1249525
 384907 -1249422
 342471 -8013497
 342471 -1132217
 342471 -1125561
 342471 -1125586
 299784 -8088824
 299784 -1010936
 299784 -1000184
 299784 -1000118
 256400 -8132336
 256400 -857840
 256400 -873456
 256400 -873369
 213034 -8142806
 213034 -737238
 213034 -746198
 213034 -746156
 169624 -8218984
 169624 -616808
 169624 -619368
 169624 -619322
 125817 -8295431
 125817 -496647
 125817 -491783
 125817 -491829
 81784 -8306824
 81784 -376968
 81784 -363400
 81784 -363466
 37524 -8383980
 37524 -257516
 37524 -233452
 37524 -233453
 -6190 -39086
 -6190 -104622
 -6190 -102574
 -6190 -102632
 -50259 8338349
 -50259 15277
 -50259 27565
 -50259 27603
 -94282 8261558
 -94282 135094
 -94282 156854
 -94282 156877
 -138011 8217829
 -138011 287973
 -138011 285413
 -138011 285417
 -181610 8206998
 -181610 408214
 -181610 415126
 -181610 415145
 -225060 8130652
 -225060 528476
 -225060 547164
 -225060 547097
 -268319 8087521
 -268319 681953
 -268319 679137
 -268319 679088
 -310849 8077631
 -310849 803135
 -310849 810303
 -310849 810333
 -353326 8002514
 -353326 924626
 -353326 941522
 -353326 941553
 -395498 7960470
 -395498 1079190
 -395498 1071510
 -395498 1071500
 -436830 7951650
 -436830 1201442
 -436830 1198370
 -436830 1198445
 -477825 7878015
 -477825 1324415
 -477825 1322623
 -477825 1322552
 -518295 7870441
 -518295 1447913
 -518295 1445865
 -518295 1445769
 -558289 7863087
 -558289 1571631
 -558289 1568047
 -558289 1568045
 -597851 7790757
 -597851 1695909
 -597851 1688741
 -597851 1688760
 -636686 7784690
 -636686 1820914
 -636686 1809394
 -636686 1809376
 -674855 7680985
 -674855 1913817
 -674855 1929689
 -674855 1929633
 -712174 7676562
 -712174 2040466
 -712174 2047634
 -712174 2047684
 -748919 7639561
 -748919 2134537
 -748919 2162185
 -748919 2162288
 -785008 7636240
 -785008 2262288
 -785008 2273040
 -785008 2273118
 -820114 7568622
 -820114 2391278
 -820114 2382062
 -820114 2382072
 -854521 7534087
 -854521 2487815
 -854521 2487815
 -854521 2487912
 -888122 7533254
 -888122 2618054
 -888122 2589126
 -888122 2589083
 -920669 7467811
 -920669 2683683
 -920669 2685731
 -920669 2685781
 -952481 7436127
 -952481 2783071
 -952481 2779487
 -952481 2779449
 -983342 7405266
 -983342 2883282
 -983342 2870738
 -983342 2870773
 -1013000 7342840
 -1013000 2951928
 -1013000 2960120
 -1013000 2960043
 -1042006 7346602
 -1042006 3021226
 -1042006 3047338
 -1042006 3047357
 -1070062 7318546
 -1070062 3124242
 -1070062 3131154
 -1070062 3131228
 -1096859 7291749
 -1096859 3228517
 -1096859 3212645
 -1096859 3212671
 -1122631 7233081
 -1122631 3300921
 -1122631 3291449
 -1122631 3291462
 -1147381 7241355
 -1147381 3374731
 -1147381 3366539
 -1147381 3366580
 -1171136 7217472
 -1171136 3416384
 -1171136 3438656
 -1171136 3438664
 -1194033 7194575
 -1194033 3524559
 -1194033 3508175
 -1194033 3508167
 -1215570 7205678
 -1215570 3601198
 -1215570 3574318
 -1215570 3574307
 -1236184 7152424
 -1236184 3613480
 -1236184 3636264
 -1236184 3636263
 -1255575 7100265
 -1255575 3692393
 -1255575 3694441
 -1255575 3694339
 -1274039 7081929
 -1274039 3739593
 -1274039 3749321
 -1274039 3749280
 -1291480 7097128
 -1291480 3820328
 -1291480 3801640
 -1291480 3801709
 -1307594 7113910
 -1307594 3837110
 -1307594 3850934
 -1307594 3850946
 -1322535 7033177
 -1322535 3887449
 -1322535 3896153
 -1322535 3896111
 -1336422 7019290
 -1336422 3939098
 -1336422 3937306
 -1336422 3937318
 -1348949 7072299
 -1348949 3992107
 -1348949 3974955
 -1348949 3975033
 -1360372 7028364
 -1360372 4013708
 -1360372 4011148
 -1360372 4011189
 -1370943 7050305
 -1370943 4035649
 -1370943 4046401
 -1370943 4046345
 -1380394 6975446
 -1380394 4091862
 -1380394 4079318
 -1380394 4079294
 -1388839 6999641
 -1388839 4116057
 -1388839 4109145
 -1388839 4109103
 -1395906 6959934
 -1395906 4141886
 -1395906 4136510
 -1395906 4136559
 -1402113 6953727
 -1402113 4135679
 -1402113 4161279
 -1402113 4161252
 -1407205 6981531
 -1407205 4163483
 -1407205 4182171
 -1407205 4182224
 -1411038 6977570
 -1411038 4225058
 -1411038 4199970
 -1411038 4200027
 -1414069 6974667
 -1414069 4222155
 -1414069 4214219
 -1414069 4214167
 -1415860 6972876
 -1415860 4220364
 -1415860 4224204
 -1415860 4224153
 -1417004 7004244
 -1417004 4251732
 -1417004 4230996
 -1417004 4230929
 -1416806 7004442
 -1416806 4251930
 -1416806 4235802
 -1416806 4235840
 -1415966 7005282
 -1415966 4252770
 -1415966 4239970
 -1415966 4239973
 -1414007 7007369
 -1414007 4254857
 -1414007 4241289
 -1414007 4241334
 -1411057 7010319
 -1411057 4257807
 -1411057 4238095
 -1411057 4238080
 -1407154 6981454
 -1407154 4228942
 -1407154 4230990
 -1407154 4230914
 -1402347 6953621
 -1402347 4201109
 -1402347 4221077
 -1402347 4221118
 -1396690 6959150
 -1396690 4206638
 -1396690 4208174
 -1396690 4208191
 -1390327 6998281
 -1390327 4180233
 -1390327 4190473
 -1390327 4190545
 -1382883 7005853
 -1382883 4187805
 -1382883 4167837
 -1382883 4167910
 -1374609 7013999
 -1374609 4130415
 -1374609 4142191
 -1374609 4142093
 -1365638 7055738
 -1365638 4106618
 -1365638 4114810
 -1365638 4114707
 -1356160 7032448
 -1356160 4083328
 -1356160 4085376
 -1356160 4085420
 -1345739 7075637
 -1345739 4060981
 -1345739 4054069
 -1345739 4054143
 -1335026 7020942
 -1335026 4006286
 -1335026 4020878
 -1335026 4020899
 -1323125 7065355
 -1323125 3985163
 -1323125 3985675
 -1323125 3985671
 -1310750 7045090
 -1310750 3964898
 -1310750 3948514
 -1310750 3948495
 -1297757 7123491
 -1297757 3912227
 -1297757 3909667
 -1297757 3909752
 -1284147 7104333
 -1284147 3893069
 -1284147 3869261
 -1284147 3869215
 -1270058 7085782
 -1270058 3808982
 -1270058 3827158
 -1270058 3827162
 -1255347 7133389
 -1255347 3791053
 -1255347 3783373
 -1255347 3783398
 -1240352 7148256
 -1240352 3740384
 -1240352 3737312
 -1240352 3737251
 -1224915 7163693
 -1224915 3690285
 -1224915 3689005
 -1224915 3689035
 -1209053 7179683
 -1209053 3640739
 -1209053 3639971
 -1209053 3639966
 -1192671 7196065
 -1192671 3591585
 -1192671 3590305
 -1192671 3590372
 -1175746 7212862
 -1175746 3542846
 -1175746 3540030
 -1175746 3539977
 -1158666 7229942
 -1158666 3494390
 -1158666 3488246
 -1158666 3488184
 -1141215 7214625
 -1141215 3413537
 -1141215 3434785
 -1141215 3434754
 -1123353 7265127
 -1123353 3398503
 -1123353 3379559
 -1123353 3379519
 -1105571 7315805
 -1105571 3318109
 -1105571 3325277
 -1105571 3325235
 -1087305 7334071
 -1087305 3270839
 -1087305 3272887
 -1087305 3272902
 -1068734 7287106
 -1068734 3223874
 -1068734 3221058
 -1068734 3221095
 -1050063 7305905
 -1050063 3177137
 -1050063 3168689
 -1050063 3168694
 -1031403 7390101
 -1031403 3130261
 -1031403 3116181
 -1031403 3116281
 -1012375 7376233
 -1012375 3050857
 -1012375 3063913
 -1012375 3063861
 -993259 7395349
 -993259 3004437
 -993259 3010325
 -993259 3010355
 -974011 7414725
 -974011 2958277
 -974011 2956485
 -974011 2956481
 -954893 7433587
 -954893 2911603
 -954893 2901875
 -954893 2901809
 -935584 7420256
 -935584 2832736
 -935584 2846304
 -935584 2846258
 -916200 7505304
 -916200 2786712
 -916200 2790040
 -916200 2790059
 -896792 7524456
 -896792 2740328
 -896792 2734696
 -896792 2734698
 -877446 7511162
 -877446 2661498
 -877446 2681210
 -877446 2681212
 -857981 7497731
 -857981 2648067
 -857981 2627843
 -857981 2627889
 -838796 7549940
 -838796 2569204
 -838796 2573300
 -838796 2573204
 -819675 7569061
 -819675 2522789
 -819675 2516901
 -819675 2516943
 -800565 7588043
 -800565 2476235
 -800565 2461387
 -800565 2461333
 -781334 7640042
 -781334 2397162
 -781334 2406122
 -781334 2406117
 -762343 7659161
 -762343 2350745
 -762343 2349209
 -762343 2349202
 -743667 7645069
 -743667 2271117
 -743667 2289805
 -743667 2289830
 -725217 7630751
 -725217 2256799
 -725217 2229919
 -725217 2229940
 -706577 7681903
 -706577 2176879
 -706577 2170991
 -706577 2170918
 -688267 7700469
 -688267 2129909
 -688267 2113525
 -688267 2113476
 -670383 7685457
 -670383 2049361
 -670383 2057041
 -670383 2056975
 -652262 7769114
 -652262 2001946
 -652262 2000922
 -652262 2000975
 -634421 7786827
 -634421 1954123
 -634421 1945931
 -634421 1945861
 -616979 7771501
 -616979 1873261
 -616979 1891181
 -616979 1891189
 -599718 7756122
 -599718 1857882
 -599718 1836890
 -599718 1836895
 -582560 7806048
 -582560 1776736
 -582560 1783648
 -582560 1783592
 -565661 7822947
 -565661 1728099
 -565661 1731939
 -565661 1731945
 -549108 7839500
 -549108 1679116
 -549108 1680396
 -549108 1680420
 -532798 7855810
 -532798 1629890
 -532798 1629122
 -532798 1629081
 -516849 7871759
 -516849 1580303
 -516849 1577743
 -516849 1577739
 -501261 7887219
 -501261 1530227
 -501261 1527411
 -501261 1527373
 -485886 7902722
 -485886 1480194
 -485886 1478658
 -485886 1478760
 -470531 7917949
 -470531 1429885
 -470531 1431165
 -470531 1431060
 -455469 7933011
 -455469 1379411
 -455469 1383763
 -455469 1383803
 -441038 7947698
 -441038 1328562
 -441038 1336498
 -441038 1336515
 -426759 7994617
 -426759 1309945
 -426759 1289721
 -426759 1289656
 -412824 7975784
 -412824 1225576
 -412824 1244264
 -412824 1244248
 -398764 7957204
 -398764 1206996
 -398764 1203156
 -398764 1203088
 -385515 8035989
 -385515 1154709
 -385515 1165461
 -385515 1165507
 -372427 8016181
 -372427 1134901
 -372427 1128501
 -372427 1128534
 -359630 8029106
 -359630 1082290
 -359630 1092786
 -359630 1092809
 -347336 8008632
 -347336 1061816
 -347336 1058488
 -347336 1058442
 -334971 8053509
 -334971 1041157
 -334971 1024261
 -334971 1024349
 -322975 8065633
 -322975 987745
 -322975 990817
 -322975 990837
 -311462 8110042
 -311462 966618
 -311462 958170
 -311462 958139
 -300110 8088370
 -300110 944946
 -300110 925490
 -300110 925471
 -289028 8099452
 -289028 890492
 -289028 893052
 -289028 893048
 -278226 8077742
 -278226 868782
 -278226 862894
 -278226 862874
 -267871 8120737
 -267871 846241
 -267871 835489
 -267871 835507
 -257639 8130969
 -257639 790937
 -257639 809369
 -257639 809407
 -247904 8173472
 -247904 767904
 -247904 782240
 -247904 782300
 -238283 8183221
 -238283 777653
 -238283 754613
 -238283 754618
 -228909 8126931
 -228909 721363
 -228909 728275
 -228909 728232
 -220083 8168653
 -220083 697549
 -220083 702669
 -220083 702593
 -211174 8144666
 -211174 673562
 -211174 675610
 -211174 675704
 -202949 8185659
 -202949 649019
 -202949 646971
 -202949 647012
 -194851 8193629
 -194851 591453
 -194851 618077
 -194851 618064
 -186903 8201705
 -186903 599529
 -186903 590825
 -186903 590744
 -179184 8242320
 -179184 574608
 -179184 564624
 -179184 564639
 -171685 8217051
 -171685 549339
 -171685 539867
 -171685 539901
 -164481 8256895
 -164481 523647
 -164481 515967
 -164481 515966
 -157499 8230981
 -157499 497733
 -157499 492869
 -157499 492927
 -150749 8205091
 -150749 471843
 -150749 470819
 -150749 470799
 -144242 8244238
 -144242 445454
 -144242 449294
 -144242 449330
 -137886 8250850
 -137886 452066
 -137886 428514
 -137886 428451
 -132203 8223637
 -132203 424853
 -132203 408725
 -132203 408773
 -126238 8295138
 -126238 365282
 -126238 389602
 -126238 389551
 -120436 8300940
 -120436 371084
 -120436 370060
 -120436 370091
 -115143 8273593
 -115143 343737
 -115143 350393
 -115143 350401
 -110021 8278715
 -110021 348859
 -110021 331963
 -110021 331925
 -105042 8316206
 -105042 320814
 -105042 314926
 -105042 314886
 -100158 8321218
 -100158 325826
 -100158 298946
 -100158 298939
 -95616 8260224
 -95616 264832
 -95616 282752
 -95616 282844
 -91203 8264509
 -91203 269117
 -91203 266557
 -91203 266618
 -86894 8301586
 -86894 240658
 -86894 250130
 -86894 250146
 -82773 8305835
 -82773 244907
 -82773 235691
 -82773 235670
 -78880 8276832
 -78880 215904
 -78880 224352
 -78880 224285
 -75193 8280647
 -75193 219719
 -75193 214599
 -75193 214651
 -71623 8284345
 -71623 223417
 -71623 205753
 -71623 205778
 -68009 8287831
 -68009 226903
 -68009 198231
 -68009 198245
 -64855 8356521
 -64855 164521
 -64855 191657
 -64855 191624
 -61815 8359433
 -61815 167433
 -61815 184329
 -61815 184354
 -58699 8362677
 -58699 170677
 -58699 177589
 -58699 177562
 -55647 8365601
 -55647 173601
 -55647 171297
 -55647 171321
 -52702 8368802
 -52702 176802
 -52702 164770
 -52702 164762
 -50310 8338426
 -50310 146426
 -50310 158202
 -50310 158130
 -47633 8340975
 -47633 148975
 -47633 152559
 -47633 152566
 -45164 8343444
 -45164 151444
 -45164 149140
 -45164 149155
 -42872 8345736
 -42872 153736
 -42872 146568
 -42872 146654
 -40689 8348047
 -40689 156047
 -40689 142991
 -40689 143050
 -38477 8350003
 -38477 158003
 -38477 138035
 -38477 138012
 -36466 8352014
 -36466 160014
 -36466 133646
 -36466 133707
 -34819 8386429
 -34819 128893
 -34819 129917
 -34819 129846
 -32926 8388578
 -32926 131042
 -32926 124386
 -32926 124329
 -31191 8357545
 -31191 100009
 -31191 116137
 -31191 116220
 -29310 8359170
 -29310 101634
 -29310 107266
 -29310 107355
 -27840 8360768
 -27840 103232
 -27840 99392
 -27840 99371
 -26408 8329304
 -26408 71768
 -26408 92504
 -26408 92462
 -24904 8330936
 -24904 73400
 -24904 86200
 -24904 86229
 -23717 8332123
 -23717 74587
 -23717 80219
 -23717 80227
 -22496 8333472
 -22496 75936
 -22496 74656
 -22496 74696
 -21223 8334617
 -21223 77081
 -21223 69401
 -21223 69379
 -19761 8368847
 -19761 45775
 -19761 64207
 -19761 64215
 -18908 8369828
 -18908 46756
 -18908 59044
 -18908 59087
 -17915 8370693
 -17915 47621
 -17915 54533
 -17915 54609
 -16678 8371930
 -16678 48858
 -16678 50138
 -16678 50166
 -15337 8373399
 -15337 50327
 -15337 45207
 -15337 45226
 -14774 8373834
 -14774 50762
 -14774 40010
 -14774 40005
 -14303 8374305
 -14303 51233
 -14303 34849
 -14303 34843
 -13502 8342466
 -13502 19394
 -13502 30658
 -13502 30694
 -12575 8343137
 -12575 20065
 -12575 26977
 -12575 27000
 -11816 8344024
 -11816 20952
 -11816 23256
 -11816 23207
 -11104 8344736
 -11104 21664
 -11104 18592
 -11104 18676
 -10548 8345164
 -10548 22092
 -10548 13132
 -10548 13163
 -9855 8345857
 -9855 22785
 -9855 9473
 -9855 9528
 -9360 8346608
 -9360 23536
 -9360 8688
 -9360 8598
 -8923 8346917
 -8923 23845
 -8923 8741
 -8923 8755
 -8333 8347507
 -8333 24435
 -8333 9331
 -8333 9285
 -7920 8348048
 -7920 24976
 -7920 10640
 -7920 10674
 -7450 8348262
 -7450 25190
 -7450 12902
 -7450 12814
 -7033 8348807
 -7033 25735
 -7033 14215
 -7033 14287
 -6500 8349212
 -6500 26140
 -6500 15900
 -6500 15961
 -6205 8349635
 -6205 26563
 -6205 17347
 -6205 17334
 -6051 8349917
 -6051 26845
 -6051 18141
 -6051 18081
 -5603 8350365
 -5603 27293
 -5603 18333
 -5603 18318
 -5232 8350608
 -5232 27536
 -5232 19344
 -5232 19411
 -4916 8350924
 -4916 27852
 -4916 22476
 -4916 22451
 -4536 8351432
 -4536 28360
 -4536 26056
 -4536 26093
 -4306 8351662
 -4306 28590
 -4306 28846
 -4306 28802
 -4030 8351938
 -4030 28866
 -4030 29634
 -4030 29574
 -3751 8352217
 -3751 29145
 -3751 30681
 -3751 30669
 -3499 8352341
 -3499 29269
 -3499 32085
 -3499 32108
 -3499 8352469
 -3499 29397
 -3499 31189
 -3499 31177
 -3304 8352536
 -3304 29464
 -3304 28184
 -3304 28171
 -3000 8352840
 -3000 29768
 -3000 23880
 -3000 23907
 -2783 8353057
 -2783 29985
 -2783 20257
 -2783 20339
 -2551 8353417
 -2551 30345
 -2551 17545
 -2551 17578
 -2555 8353413
 -2555 30341
 -2555 15237
 -2555 15353
 -2444 8353524
 -2444 30452
 -2444 13044
 -2444 12951
 -2120 8353720
 -2120 30648
 -2120 10936
 -2120 10957
 -1991 8353849
 -1991 30777
 -1991 9273
 -1991 9226
 -2110 8353602
 -2110 30530
 -2110 7234
 -2110 7201
 -1923 8354045
 -1923 30973
 -1923 5373
 -1923 5348
 -1605 8354107
 -1605 31035
 -1605 3899
 -1605 3875
 -1797 8353915
 -1797 30843
 -1797 2683
 -1797 2561
 -1571 8354269
 -1571 31197
 -1571 477
 -1571 434
 -1317 -1445
 -1317 -1445
 -1317 -2469
 -1317 -2510
 -1335 -1335
 -1335 -1335
 -1335 -5175
 -1335 -5183
 -1063 -1191
 -1063 -1191
 -1063 -7079
 -1063 -7084
 -1213 -1213
 -1213 -1213
 -1213 -8381
 -1213 -8392
 -393 -265
 -393 -265
 -393 -9481
 -393 -9516
 -273 -401
 -273 -401
 -273 -6545
 -273 -6622
 -163 -35
 -163 -35
 -163 -3875
 -163 -3932
 -124 -124
 -124 -124
 -124 -1404
 -124 -1322
 -251 8355717
 -251 32645
 -251 389
 -251 444
 -297 8355415
 -297 32343
 -297 1623
 -297 1647
 -365 8355347
 -365 32275
 -365 3603
 -365 3622
 -299 8355541
 -299 32469
 -299 7637
 -299 7587
 -110 8355730
 -110 32658
 -110 11922
 -110 12013
 66 66
 66 66
 66 15170
 66 15212
 -96 8355616
 -96 32544
 -96 16928
 -96 16979
 -340 8355372
 -340 32300
 -340 18732
 -340 18787
 -315 8355525
 -315 32453
 -315 20421
 -315 20409
 -258 8355582
 -258 32510
 -258 20478
 -258 20461
 -17 8355695
 -17 32623
 -17 18031
 -17 17976
 -34 8355806
 -34 32734
 -34 14558
 -34 14587
 -190 8355650
 -190 32578
 -190 11586
 -190 11568
 36 164
 36 164
 36 9380
 36 9411
 -181 8355659
 -181 32587
 -181 7755
 -181 7754
 -222 8355746
 -222 32674
 -222 6050
 -222 6131
 -30 8355682
 -30 32610
 -30 4194
 -30 4135
 -117 8355595
 -117 32523
 -117 2827
 -117 2885
 -187 8355653
 -187 32581
 -187 1605
 -187 1570
 -22 -22
 -22 -22
 -22 -22
 -22 -10
 -10 -138
 -10 -138
 -10 -906
 -10 -1001
 -165 -165
 -165 -165
 -165 -1701
 -165 -1739
 -109 -237
 -109 -237
 -109 -3309
 -109 -3323
 -220 -92
 -220 -92
 -220 -5980
 -220 -5927
 -250 -122
 -250 -122
 -250 -8314
 -250 -8212
 -156 -156
 -156 -156
 -156 -9884
 -156 -9862
 -111 -239
 -111 -239
 -111 -11247
 -111 -11252
 -317 -317
 -317 -317
 -317 -12605
 -317 -12600
 -142 -142
 -142 -142
 -142 -14478
 -142 -14583
 -176 -176
 -176 -176
 -176 -17584
 -176 -17647
 -12 -12
 -12 -12
 -12 -19724
 -12 -19759
 -237 -109
 -237 -109
 -237 -19565
 -237 -19540
 -262 -262
 -262 -262
 -262 -17670
 -262 -17711
 -166 -38
 -166 -38
 -166 -15654
 -166 -15707
 -327 -455
 -327 -455
 -327 -12999
 -327 -13043
 -168 -40
 -168 -40
 -168 -9768
 -168 -9775
 -294 -294
 -294 -294
 -294 -6950
 -294 -6927
 -276 -276
 -276 -276
 -276 -4116
 -276 -4098
 -171 -171
 -171 -171
 -171 -1451
 -171 -1421
 -72 8355640
 -72 32568
 -72 312
 -72 343
 -183 8355785
 -183 32713
 -183 1481
 -183 1490
 -185 8355783
 -185 32711
 -185 3527
 -185 3459
 -456 8355512
 -456 32440
 -456 6840
 -456 6873
 -407 8355561
 -407 32489
 -407 11241
 -407 11141
 -319 8355521
 -319 32449
 -319 14529
 -319 14508
 -62 8355778
 -62 32706
 -62 16066
 -62 16059
 -154 8355686
 -154 32614
 -154 17766
 -154 17685
 12 140
 12 140
 12 19340
 12 19346
 -146 8355694
 -146 32622
 -146 19566
 -146 19573
 -77 8355763
 -77 32691
 -77 17331
 -77 17296
 -94 8355618
 -94 32546
 -94 13858
 -94 13903
 -249 8355719
 -249 32647
 -249 11143
 -249 11193
 -88 8355624
 -88 32552
 -88 9256
 -88 9285
 -128 8355584
 -128 32512
 -128 7424
 -128 7462
 -315 8355397
 -315 32325
 -315 5445
 -315 5424
 -489 8355351
 -489 32279
 -489 3607
 -489 3642
 -350 8355490
 -350 32418
 -350 2466
 -350 2445
 -281 8355431
 -281 32359
 -281 1127
 -281 1107
 -260 8355452
 -260 32380
 -260 124
 -260 74
 -271 -271
 -271 -271
 -271 -783
 -271 -820
 -87 -215
 -87 -215
 -87 -2007
 -87 -1993
 22 -8355818
 22 -32746
 22 -3818
 22 -3784
 -395 -395
 -395 -395
 -395 -6027
 -395 -6119
 -321 -321
 -321 -321
 -321 -8257
 -321 -8248
 -171 -171
 -171 -171
 -171 -9643
 -171 -9681
 -124 -124
 -124 -124
 -124 -10620
 -124 -10584
 -164 -36
 -164 -36
 -164 -11812
 -164 -11836
 -198 -198
 -198 -198
 -198 -14022
 -198 -13995
 -28 -28
 -28 -28
 -28 -17436
 -28 -17450
 73 -8355639
 73 -32567
 73 -20023
 73 -20022
 -267 -395
 -267 -395
 -267 -19595
 -267 -19628
 -151 -151
 -151 -151
 -151 -17815
 -151 -17802
 -256 -128
 -256 -128
 -256 -15232
 -256 -15152
 -57 -185
 -57 -185
 -57 -12473
 -57 -12502
 -79 -207
 -79 -207
 -79 -9679
 -79 -9667
 -222 -222
 -222 -222
 -222 -7134
 -222 -7086
 -226 -98
 -226 -98
 -226 -4450
 -226 -4407
 -179 -51
 -179 -51
 -179 -1843
 -179 -1844
 -95 8355745
 -95 32673
 -95 161
 -95 169
 -205 8355635
 -205 32563
 -205 1843
 -205 1837
 -57 8355655
 -57 32583
 -57 3399
 -57 3343
 85 213
 85 213
 85 6357
 85 6314
 -253 8355587
 -253 32515
 -253 10243
 -253 10241
 -132 8355708
 -132 32636
 -132 13436
 -132 13383
 -96 8355616
 -96 32544
 -96 15136
 -96 15145
 -280 8355432
 -280 32360
 -280 17000
 -280 16995
 -179 8355661
 -179 32589
 -179 19277
 -179 19215
 -83 8355629
 -83 32557
 -83 19501
 -83 19530
 2 2
 2 2
 2 17154
 2 17218
 -106 8355734
 -106 32662
 -106 13206
 -106 13277
 -430 8355410
 -430 32338
 -430 10322
 -430 10270
 -65 8355647
 -65 32575
 -65 8255
 -65 8275
 6 6
 6 6
 6 6918
 6 6947
 -123 8355717
 -123 32645
 -123 5509
 -123 5544
 4 132
 4 132
 4 3716
 4 3805
 -1 8355711
 -1 32639
 -1 2431
 -1 2431
 -139 8355829
 -139 32757
 -139 757
 -139 651
 -173 -173
 -173 -173
 -173 -685
 -173 -768
 -84 -212
 -84 -212
 -84 -1492
 -84 -1456
 -70 -198
 -70 -198
 -70 -1990
 -70 -1975
 -41 -41
 -41 -41
 -41 -3369
 -41 -3394
 81 -8355759
 81 -32687
 81 -6063
 81 -6028
 -127 -255
 -127 -255
 -127 -8191
 -127 -8178
 -158 -30
 -158 -30
 -158 -9758
 -158 -9769
 -133 -5
 -133 -5
 -133 -10757
 -133 -10858
 -188 -188
 -188 -188
 -188 -12220
 -188 -12234
 -168 -168
 -168 -168
 -168 -13992
 -168 -14028
 -150 -22
 -150 -22
 -150 -16406
 -150 -16440
 -59 -59
 -59 -59
 -59 -18747
 -59 -18708
 188 -8355652
 188 -32580
 188 -18756
 188 -18800
 -244 -244
 -244 -244
 -244 -17396
 -244 -17347
 -201 -73
 -201 -73
 -201 -15177
 -201 -15195
 -208 -208
 -208 -208
 -208 -12752
 -208 -12676
 -248 -248
 -248 -248
 -248 -9464
 -248 -9432
 -206 -78
 -206 -78
 -206 -6734
 -206 -6699
 -345 -473
 -345 -473
 -345 -4057
 -345 -4009
 -267 -395
 -267 -395
 -267 -1419
 -267 -1519
 -121 -121
 -121 -121
 -121 -121
 -121 -93
 -354 8355358
 -354 32286
 -354 1054
 -354 1044
 -175 8355793
 -175 32721
 -175 2769
 -175 2721
 -106 8355734
 -106 32662
 -106 6038
 -106 6106
 74 74
 74 74
 74 10570
 74 10528
 47 175
 47 175
 47 13743
 47 13799
 -140 8355828
 -140 32756
 -140 15348
 -140 15281
 -68 8355772
 -68 32700
 -68 16572
 -68 16627
 -281 8355559
 -281 32487
 -281 18407
 -281 18309
 -278 8355562
 -278 32490
 -278 18666
 -278 18629
 -34 8355678
 -34 32606
 -34 16734
 -34 16661
 -97 8355615
 -97 32543
 -97 13599
 -97 13612
 -105 8355607
 -105 32535
 -105 10775
 -105 10777
 -244 8355724
 -244 32652
 -244 8588
 -244 8587
 -287 8355425
 -287 32353
 -287 6753
 -287 6772
 -231 8355737
 -231 32665
 -231 5017
 -231 5044
 -191 8355649
 -191 32577
 -191 3137
 -191 3197
 -128 8355584
 -128 32512
 -128 1792
 -128 1836
 -35 8355805
 -35 32733
 -35 733
 -35 703
 -87 -215
 -87 -215
 -87 -215
 -87 -226
 -110 -110
 -110 -110
 -110 -1134
 -110 -1152
 -87 -87
 -87 -87
 -87 -2135
 -87 -2170
 -2 -2
 -2 -2
 -2 -3842
 -2 -3900
 -109 -109
 -109 -109
 -109 -5997
 -109 -5984
 -141 -13
 -141 -13
 -141 -8205
 -141 -8200
 -35 -35
 -35 -35
 -35 -9251
 -35 -9299
 -60 -60
 -60 -60
 -60 -10044
 -60 -10074
 -11 -139
 -11 -139
 -11 -11147
 -11 -11229
 -176 -48
 -176 -48
 -176 -13104
 -176 -13106
 -271 -399
 -271 -399
 -271 -16271
 -271 -16302
 -235 -107
 -235 -107
 -235 -19051
 -235 -19037
 -174 -174
 -174 -174
 -174 -19118
 -174 -19180
 -150 -22
 -150 -22
 -150 -17174
 -150 -17156
 63 -8355649
 63 -32577
 63 -14913
 63 -14906
 -242 -114
 -242 -114
 -242 -12402
 -242 -12395
 -47 -175
 -47 -175
 -47 -9391
 -47 -9421
 -205 -205
 -205 -205
 -205 -6861
 -205 -6861
 -178 -178
 -178 -178
 -178 -4530
 -178 -4492
 -164 -164
 -164 -164
 -164 -1956
 -164 -2006
 53 -8355659
 53 -32587
 53 -75
 53 -18
 -1 8355711
 -1 32639
 -1 1407
 -1 1303
 -143 8355697
 -143 32625
 -143 3185
 -143 3084
 -290 8355550
 -290 32478
 -290 6366
 -290 6302
 -284 8355428
 -284 32356
 -284 10084
 -284 10065
 -236 8355732
 -236 32660
 -236 12948
 -236 12950
 9 137
 9 137
 9 14729
 9 14779
 -70 8355642
 -70 32570
 -70 16186
 -70 16140
 72 72
 72 72
 72 17992
 72 18012
 38 166
 38 166
 38 18342
 38 18412
 -464 8355376
 -464 32304
 -464 16432
 -464 16476
 -385 8355455
 -385 32383
 -385 13183
 -385 13068
 -193 8355775
 -193 32703
 -193 9919
 -193 9968
 -199 8355769
 -199 32697
 -199 7865
 -199 7922
 -212 8355756
 -212 32684
 -212 6572
 -212 6559
 -177 8355663
 -177 32591
 -177 5199
 -177 5234
 20 148
 20 148
 20 3732
 20 3765
 -365 8355347
 -365 32275
 -365 2323
 -365 2420
 -520 8355320
 -520 32248
 -520 1272
 -520 1223
 -246 -246
 -246 -246
 -246 -246
 -246 -180
 -117 -245
 -117 -245
 -117 -1269
 -117 -1217
 -92 -92
 -92 -92
 -92 -2396
 -92 -2359
 -97 -225
 -97 -225
 -97 -3297
 -97 -3253
 -73 -201
 -73 -201
 -73 -5065
 -73 -5076
 -83 -83
 -83 -83
 -83 -7507
 -83 -7464
 -235 -235
 -235 -235
 -235 -9195
 -235 -9145
 -101 -101
 -101 -101
 -101 -10085
 -101 -10098
 55 -8355657
 55 -32585
 55 -11337
 55 -11352
 144 -8355696
 144 -32624
 144 -12912
 144 -12866
 187 -8355781
 187 -32709
 187 -15557
 187 -15584
 -122 -122
 -122 -122
 -122 -18298
 -122 -18257
 -44 -44
 -44 -44
 -44 -18220
 -44 -18229
 -95 -223
 -95 -223
 -95 -16863
 -95 -16793
 -230 -230
 -230 -230
 -230 -14822
 -230 -14816
 96 -8355744
 96 -32672
 96 -12448
 96 -12451
 161 -8355807
 161 -32735
 161 -9439
 161 -9406
 -121 -249
 -121 -249
 -121 -6393
 -121 -6282
 -331 -331
 -331 -331
 -331 -3915
 -331 -3877
 -290 -418
 -290 -418
 -290 -1442
 -290 -1454
 -144 8355696
 -144 32624
 -144 368
 -144 372
 -134 8355706
 -134 32634
 -134 1402
 -134 1393
 -200 8355768
 -200 32696
 -200 2744
 -200 2738
 -80 8355632
 -80 32560
 -80 5680
 -80 5639
 -357 8355483
 -357 32411
 -357 9627
 -357 9727
 -19 8355821
 -19 32749
 -19 13293
 -19 13306
 -157 8355683
 -157 32611
 -157 14691
 -157 14703
 -309 8355531
 -309 32459
 -309 15819
 -309 15803
 -188 8355652
 -188 32580
 -188 17732
 -188 17677
 -209 8355631
 -209 32559
 -209 18479
 -209 18434
 26 26
 26 26
 26 16666
 26 16756
 -40 8355800
 -40 32728
 -40 13528
 -40 13484
 -194 8355646
 -194 32574
 -194 10558
 -194 10575
 -273 8355439
 -273 32367
 -273 8303
 -273 8309
 -98 8355614
 -98 32542
 -98 6686
 -98 6691
 41 41
 41 41
 41 4905
 41 4902
 -101 8355611
 -101 32539
 -101 3355
 -101 3330
 -179 8355789
 -179 32717
 -179 1997
 -179 2025
 -82 8355630
 -82 32558
 -82 814
 -82 863
 -372 -500
 -372 -500
 -372 -244
 -372 -181
 -182 -54
 -182 -54
 -182 -1078
 -182 -1088
 -55 -55
 -55 -55
 -55 -2103
 -55 -2055
 -341 -469
 -341 -469
 -341 -3285
 -341 -3280
 -269 -397
 -269 -397
 -269 -5261
 -269 -5263
 -163 -35
 -163 -35
 -163 -7459
 -163 -7477
 -155 -27
 -155 -27
 -155 -8731
 -155 -8731
 -184 -56
 -184 -56
 -184 -9528
 -184 -9597
 -277 -405
 -277 -405
 -277 -10645
 -277 -10688
 -203 -75
 -203 -75
 -203 -12619
 -203 -12567
 -187 -59
 -187 -59
 -187 -15419
 -187 -15483
 -10 -138
 -10 -138
 -10 -18314
 -10 -18308
 175 -8355665
 175 -32593
 175 -18769
 175 -18730
 -90 -218
 -90 -218
 -90 -16858
 -90 -16854
 77 -8355763
 77 -32691
 77 -14515
 77 -14510
 -257 -385
 -257 -385
 -257 -12161
 -257 -12263
 -307 -307
 -307 -307
 -307 -9523
 -307 -9483
 -79 -207
 -79 -207
 -79 -6863
 -79 -6892
 -28 -156
 -28 -156
 -28 -4508
 -28 -4582
 -86 -86
 -86 -86
 -86 -2134
 -86 -2067
 -195 -67
 -195 -67
 -195 -67
 -195 -24
 -316 8355396
 -316 32324
 -316 1348
 -316 1285
 -271 8355569
 -271 32497
 -271 2801
 -271 2763
 -309 8355403
 -309 32331
 -309 5707
 -309 5722
 -184 8355656
 -184 32584
 -184 9288
 -184 9228
 -136 8355704
 -136 32632
 -136 12408
 -136 12385
 70 70
 70 70
 70 14150
 70 14100
 -273 8355439
 -273 32367
 -273 15471
 -273 15442
 -446 8355394
 -446 32322
 -446 17474
 -446 17411
 -227 8355741
 -227 32669
 -227 18077
 -227 18162
 -246 8355594
 -246 32522
 -246 16394
 -246 16450
 -178 8355790
 -178 32718
 -178 13006
 -178 13046
 138 138
 138 138
 138 9866
 138 9960
 35 163
 35 163
 35 7843
 35 7868
 38 38
 38 38
 38 6182
 38 6159
 -171 8355797
 -171 32725
 -171 4821
 -171 4828
 -168 8355800
 -168 32728
 -168 3288
 -168 3288
 -10 8355830
 -10 32758
 -10 2038
 -10 1945
 -283 8355557
 -283 32485
 -283 741
 -283 672
 70 -8355642
 70 -32570
 70 -570
 70 -519
 164 -8355676
 164 -32604
 164 -1372
 164 -1339
 -289 -289
 -289 -289
 -289 -2081
 -289 -2172
 -193 -65
 -193 -65
 -193 -3393
 -193 -3379
 -135 -135
 -135 -135
 -135 -4999
 -135 -5106
 -126 -126
 -126 -126
 -126 -7294
 -126 -7227
 25 -8355687
 25 -32615
 25 -9063
 25 -9062
 -69 -197
 -69 -197
 -69 -9925
 -69 -9915
 -246 -118
 -246 -118
 -246 -10870
 -246 -10785
 -170 -42
 -170 -42
 -170 -12330
 -170 -12386
 -191 -191
 -191 -191
 -191 -14783
 -191 -14792
 -175 -175
 -175 -175
 -175 -17327
 -175 -17310
 -152 -152
 -152 -152
 -152 -17816
 -152 -17866
 -139 -139
 -139 -139
 -139 -16523
 -139 -16580
 -137 -137
 -137 -137
 -137 -14473
 -137 -14565
 -33 -161
 -33 -161
 -33 -12449
 -33 -12503
 28 -8355684
 28 -32612
 28 -9572
 28 -9513
 -203 -75
 -203 -75
 -203 -6475
 -203 -6525
 -174 -46
 -174 -46
 -174 -4142
 -174 -4175
 54 -8355658
 54 -32586
 54 -1866
 54 -1866
 -193 8355647
 -193 32575
 -193 63
 -193 26
 -103 8355609
 -103 32537
 -103 1049
 -103 1133
 29 157
 29 157
 29 2461
 29 2501
 151 151
 151 151
 151 5271
 151 5353
 -218 8355750
 -218 32678
 -218 9126
 -218 9141
 -395 8355573
 -395 32501
 -395 12533
 -395 12529
 -103 8355609
 -103 32537
 -103 14361
 -103 14337
 -146 8355822
 -146 32750
 -146 15342
 -146 15301
 -77 8355635
 -77 32563
 -77 16947
 -77 16968
 -217 8355751
 -217 32679
 -217 18087
 -217 18059
 -224 8355744
 -224 32672
 -224 16544
 -224 16547
 -173 8355795
 -173 32723
 -173 13267
 -173 13292
 -394 8355574
 -394 32502
 -394 10230
 -394 10218
 -294 8355418
 -294 32346
 -294 7770
 -294 7807
 -313 8355527
 -313 32455
 -313 6087
 -313 6019
 -112 8355728
 -112 32656
 -112 4496
 -112 4577
 -105 8355607
 -105 32535
 -105 3095
 -105 3083
 -322 8355390
 -322 32318
 -322 1854
 -322 1835
 -284 8355428
 -284 32356
 -284 868
 -284 770
 -240 -240
 -240 -240
 -240 -240
 -240 -254
 -105 -233
 -105 -233
 -105 -1001
 -105 -1011
 3 -8355837
 3 -32765
 3 -2301
 3 -2278
 16 -8355824
 16 -32752
 16 -3568
 16 -3469
 -125 -125
 -125 -125
 -125 -5245
 -125 -5131
 -209 -209
 -209 -209
 -209 -7121
 -209 -7158
 -54 -54
 -54 -54
 -54 -8758
 -54 -8707
 -204 -204
 -204 -204
 -204 -9420
 -204 -9414
 -269 -397
 -269 -397
 -269 -10381
 -269 -10411
 -196 -196
 -196 -196
 -196 -11972
 -196 -11933
 -144 -16
 -144 -16
 -144 -14608
 -144 -14667
 -174 -46
 -174 -46
 -174 -17454
 -174 -17475
 35 -8355677
 35 -32605
 35 -18013
 35 -17947
 -302 -302
 -302 -302
 -302 -16430
 -302 -16494
 -316 -444
 -316 -444
 -316 -14012
 -316 -14065
 -232 -104
 -232 -104
 -232 -11880
 -232 -11870
 -95 -95
 -95 -95
 -95 -9311
 -95 -9326
 235 -8355605
 235 -32533
 235 -6421
 235 -6525
 43 -8355669
 43 -32597
 43 -4181
 43 -4201
 -120 -120
 -120 -120
 -120 -2168
 -120 -2092
 -22 -22
 -22 -22
 -22 -22
 -22 -90
 -126 8355714
 -126 32642
 -126 1410
 -126 1505
 45 45
 45 45
 45 2605
 45 2607
 21 21
 21 21
 21 5141
 21 5134
 2 130
 2 130
 2 8834
 2 8929
 173 45
 173 45
 173 12077
 173 12093
 -53 8355659
 -53 32587
 -53 13899
 -53 13854
 -285 8355555
 -285 32483
 -285 15075
 -285 15085
 -143 8355825
 -143 32753
 -143 17137
 -143 17078
 -258 8355454
 -258 32382
 -258 18046
 -258 17976
 -57 8355783
 -57 32711
 -57 16583
 -57 16571
 76 76
 76 76
 76 12876
 76 12892
 67 67
 67 67
 67 9539
 67 9579
 13 13
 13 13
 13 7437
 13 7512
 -247 8355721
 -247 32649
 -247 5769
 -247 5859
 -160 8355808
 -160 32736
 -160 4832
 -160 4748
 -63 8355777
 -63 32705
 -63 3265
 -63 3319
 19 147
 19 147
 19 1939
 19 2012
 -56 8355656
 -56 32584
 -56 584
 -56 535
 -219 -91
 -219 -91
 -219 -859
 -219 -826
 -174 -46
 -174 -46
 -174 -1582
 -174 -1661
 -402 -402
 -402 -402
 -402 -2194
 -402 -2240
 -284 -284
 -284 -284
 -284 -3100
 -284 -3107
 -184 -56
 -184 -56
 -184 -4664
 -184 -4700
 -117 -245
 -117 -245
 -117 -7157
 -117 -7155
 17 -8355823
 17 -32751
 17 -8943
 17 -8956
 -127 -127
 -127 -127
 -127 -9855
 -127 -9808
 -98 -98
 -98 -98
 -98 -10594
 -98 -10541
 -110 -110
 -110 -110
 -110 -11630
 -110 -11614
 -296 -296
 -296 -296
 -296 -14376
 -296 -14341
 -149 -149
 -149 -149
 -149 -17045
 -149 -17027
 -27 -27
 -27 -27
 -27 -17691
 -27 -17788
 -60 -60
 -60 -60
 -60 -16700
 -60 -16655
 -78 -78
 -78 -78
 -78 -14670
 -78 -14705
 -136 -136
 -136 -136
 -136 -12168
 -136 -12231
 -9 -9
 -9 -9
 -9 -9481
 -9 -9524
 -252 -124
 -252 -124
 -252 -6780
 -252 -6708
 -91 -91
 -91 -91
 -91 -4443
 -91 -4440
 44 -8355796
 44 -32724
 44 -2004
 44 -1993
 -156 -28
 -156 -28
 -156 -28
 -156 -31
 22 22
 22 22
 22 1046
 22 1079
 -183 8355657
 -183 32585
 -183 2377
 -183 2304
 -296 8355544
 -296 32472
 -296 5080
 -296 5050
 -211 8355629
 -211 32557
 -211 8749
 -211 8780
 -37 8355675
 -37 32603
 -37 12123
 -37 12130
 -24 8355688
 -24 32616
 -24 13928
 -24 13921
 -41 8355799
 -41 32727
 -41 14807
 -41 14736
 -118 8355722
 -118 32650
 -118 16266
 -118 16277
 -116 8355596
 -116 32524
 -116 17420
 -116 17464
 -327 8355385
 -327 32313
 -327 16185
 -327 16170
 -323 8355517
 -323 32445
 -323 12989
 -323 13048
 -218 8355750
 -218 32678
 -218 9894
 -218 9903
 -169 8355671
 -169 32599
 -169 7511
 -169 7441
 -156 8355812
 -156 32740
 -156 5860
 -156 5854
 -237 8355731
 -237 32659
 -237 4243
 -237 4322
 -211 8355757
 -211 32685
 -211 2733
 -211 2689
 -58 8355782
 -58 32710
 -58 1734
 -58 1667
 -65 8355775
 -65 32703
 -65 959
 -65 898
 25 -8355815
 25 -32743
 25 -487
 25 -476
 -61 -61
 -61 -61
 -61 -1341
 -61 -1288
 -35 -35
 -35 -35
 -35 -2083
 -35 -2067
 -71 -71
 -71 -71
 -71 -3143
 -71 -3150
 -157 -157
 -157 -157
 -157 -4765
 -157 -4792
 -113 -241
 -113 -241
 -113 -6897
 -113 -6817
 -11 -139
 -11 -139
 -11 -8331
 -11 -8399
 -153 -153
 -153 -153
 -153 -9113
 -153 -9117
 -167 -167
 -167 -167
 -167 -10151
 -167 -10207
 -159 -31
 -159 -31
 -159 -11551
 -159 -11616
 -95 -223
 -95 -223
 -95 -14047
 -95 -13975
 -282 -282
 -282 -282
 -282 -16922
 -282 -16911
 -371 -499
 -371 -499
 -371 -17651
 -371 -17607
 -337 -337
 -337 -337
 -337 -16465
 -337 -16457
 50 -8355790
 50 -32718
 50 -14286
 50 -14266
 96 -8355616
 96 -32544
 96 -12064
 96 -12087
 -301 -429
 -301 -429
 -301 -9389
 -301 -9441
 -285 -285
 -285 -285
 -285 -6685
 -285 -6773
 -124 -252
 -124 -252
 -124 -4604
 -124 -4537
 -355 -355
 -355 -355
 -355 -2147
 -355 -2056
 -286 8355426
 -286 32354
 -286 98
 -286 41
 -160 8355808
 -160 32736
 -160 1248
 -160 1216
 -340 8355500
 -340 32428
 -340 2476
 -340 2509
 -355 8355485
 -355 32413
 -355 4509
 -355 4516
 -176 8355664
 -176 32592
 -176 8016
 -176 7974
 -51 8355661
 -51 32589
 -51 11341
 -51 11352
 7 135
 7 135
 7 13191
 7 13251
 -153 8355815
 -153 32743
 -153 14567
 -153 14473
 40 40
 40 40
 40 16168
 40 16152
 265 393
 265 393
 265 17033
 265 17086
 181 181
 181 181
 181 15797
 181 15775
 -23 8355689
 -23 32617
 -23 12393
 -23 12359
 -226 8355742
 -226 32670
 -226 9118
 -226 9129
 -151 8355689
 -151 32617
 -151 7017
 -151 7030
 -145 8355823
 -145 32751
 -145 5615
 -145 5576
 -86 8355754
 -86 32682
 -86 4266
 -86 4330
 83 211
 83 211
 83 2771
 83 2802
 -97 8355615
 -97 32543
 -97 1567
 -97 1557
 -229 8355739
 -229 32667
 -229 411
 -229 424
 -93 -93
 -93 -93
 -93 -605
 -93 -583
 -63 -63
 -63 -63
 -63 -1599
 -63 -1600
 -51 -179
 -51 -179
 -51 -1971
 -51 -2025
 -120 -120
 -120 -120
 -120 -2680
 -120 -2685
 -81 -209
 -81 -209
 -81 -4305
 -81 -4320
 -52 -180
 -52 -180
 -52 -6836
 -52 -6900
 -320 -320
 -320 -320
 -320 -8512
 -320 -8520
 -305 -433
 -305 -433
 -305 -9393
 -305 -9450
 -182 -182
 -182 -182
 -182 -10166
 -182 -10173
 -136 -136
 -136 -136
 -136 -11144
 -136 -11224
 141 -8355827
 141 -32755
 141 -13299
 141 -13312
 113 -8355599
 113 -32527
 113 -15887
 113 -15992
 127 -8355713
 127 -32641
 127 -17281
 127 -17376
 -11 -11
 -11 -11
 -11 -16139
 -11 -16151
 -162 -162
 -162 -162
 -162 -14242
 -162 -14272
 -342 -342
 -342 -342
 -342 -12118
 -342 -12102
 -285 -413
 -285 -413
 -285 -9117
 -285 -9164
 53 -8355787
 53 -32715
 53 -6347
 53 -6360
 178 -8355790
 178 -32718
 178 -4302
 178 -4251
 74 -8355638
 74 -32566
 74 -2102
 74 -2063
 -100 -228
 -100 -228
 -100 -228
 -100 -210
 -336 8355376
 -336 32304
 -336 1072
 -336 1111
 -180 8355660
 -180 32588
 -180 2380
 -180 2402
 -317 8355395
 -317 32323
 -317 4675
 -317 4714
 -158 8355682
 -158 32610
 -158 8034
 -158 7954
 59 187
 59 187
 59 11195
 59 11258
 187 59
 187 59
 187 13371
 187 13345
 282 282
 282 282
 282 14362
 282 14338
 105 233
 105 233
 105 15849
 105 15871
 -56 8355784
 -56 32712
 -56 17096
 -56 17146
 76 76
 76 76
 76 16204
 76 16146
 -73 8355639
 -73 32567
 -73 13111
 -73 13088
 29 157
 29 157
 29 9629
 29 9646
 -13 8355827
 -13 32755
 -13 7411
 -13 7391
 -93 8355619
 -93 32547
 -93 5667
 -93 5716
 68 196
 68 196
 68 4548
 68 4599
 -92 8355748
 -92 32676
 -92 2980
 -92 3013
 -251 8355589
 -251 32517
 -251 1797
 -251 1797
 -278 8355562
 -278 32490
 -278 746
 -278 762
 -160 -160
 -160 -160
 -160 -160
 -160 -216
 83 -8355757
 83 -32685
 83 -1197
 83 -1180
 -333 -461
 -333 -461
 -333 -1997
 -333 -1992
 -22 -22
 -22 -22
 -22 -2838
 -22 -2896
 40 -8355672
 40 -32600
 40 -4440
 40 -4366
 -91 -219
 -91 -219
 -91 -6363
 -91 -6391
 55 -8355657
 55 -32585
 55 -8009
 55 -7993
 -10 -138
 -10 -138
 -10 -8842
 -10 -8911
 -241 -241
 -241 -241
 -241 -9713
 -241 -9657
 0 -8355712
 0 -32640
 0 -11136
 0 -11024
 -108 -108
 -108 -108
 -108 -13164
 -108 -13090
 -139 -11
 -139 -11
 -139 -15627
 -139 -15732
 -387 -259
 -387 -259
 -387 -16899
 -387 -16983
 -130 -130
 -130 -130
 -130 -16002
 -130 -16005
 86 -8355626
 86 -32554
 86 -14122
 86 -14100
 81 -8355759
 81 -32687
 81 -11951
 81 -12005
 95 -8355617
 95 -32545
 95 -9505
 95 -9498
 -202 -74
 -202 -74
 -202 -6730
 -202 -6670
 -203 -75
 -203 -75
 -203 -4427
 -203 -4419
 -44 -44
 -44 -44
 -44 -2092
 -44 -2104
 -271 8355441
 -271 32369
 -271 113
 -271 116
 -210 8355630
 -210 32558
 -210 1326
 -210 1374
 63 63
 63 63
 63 2367
 63 2375
 -33 8355679
 -33 32607
 -33 4447
 -33 4443
 -115 8355597
 -115 32525
 -115 7693
 -115 7739
 -114 8355598
 -114 32526
 -114 11022
 -114 11121
 52 180
 52 180
 52 13236
 52 13287
 -129 8355711
 -129 32639
 -129 14463
 -129 14396
 -134 8355834
 -134 32762
 -134 15866
 -134 15871
 71 199
 71 199
 71 17351
 71 17296
 -100 8355740
 -100 32668
 -100 16028
 -100 16066
 -100 8355740
 -100 32668
 -100 12956
 -100 13025
 -96 8355744
 -96 32672
 -96 9888
 -96 9871
 -107 8355605
 -107 32533
 -107 7445
 -107 7480
 -127 8355585
 -127 32513
 -127 5889
 -127 5896
 -12 8355700
 -12 32628
 -12 4980
 -12 4925
 -114 8355598
 -114 32526
 -114 3598
 -114 3607
 -131 8355837
 -131 32765
 -131 2301
 -131 2210
 -411 8355557
 -411 32485
 -411 997
 -411 916
 -431 -431
 -431 -431
 -431 -175
 -431 -218
 -279 -279
 -279 -279
 -279 -1047
 -279 -1090
 1 -8355711
 1 -32639
 1 -1663
 1 -1619
 128 -8355712
 128 -32640
 128 -2432
 128 -2348
 -84 -84
 -84 -84
 -84 -3924
 -84 -3953
 -99 -99
 -99 -99
 -99 -6243
 -99 -6152
 -232 -104
 -232 -104
 -232 -8040
 -232 -8007
 -140 -140
 -140 -140
 -140 -8844
 -140 -8855
 -6 -134
 -6 -134
 -6 -9350
 -6 -9398
 -91 -91
 -91 -91
 -91 -10587
 -91 -10569
 55 -8355657
 55 -32585
 55 -12617
 55 -12598
 -73 -201
 -73 -201
 -73 -15561
 -73 -15502
 -78 -78
 -78 -78
 -78 -16974
 -78 -16914
 -95 -223
 -95 -223
 -95 -16095
 -95 -16038
 -276 -404
 -276 -404
 -276 -14228
 -276 -14324
 -47 -47
 -47 -47
 -47 -12079
 -47 -12091
 104 -8355736
 104 -32664
 104 -9368
 104 -9392
 -75 -203
 -75 -203
 -75 -6603
 -75 -6543
 33 -8355679
 33 -32607
 33 -4447
 33 -4410
 -1 -129
 -1 -129
 -1 -2177
 -1 -2221
 -183 -183
 -183 -183
 -183 -183
 -183 -200
 -41 8355671
 -41 32599
 -41 1111
 -41 1131
 -220 8355748
 -220 32676
 -220 2212
 -220 2275
 -155 8355813
 -155 32741
 -155 4325
 -155 4225
 22 22
 22 22
 22 7702
 22 7682
 -144 8355696
 -144 32624
 -144 11120
 -144 11058
 -82 8355630
 -82 32558
 -82 13102
 -82 13088
 -202 8355638
 -202 32566
 -202 13878
 -202 13912
 57 57
 57 57
 57 15417
 57 15372
 -116 8355596
 -116 32524
 -116 16652
 -116 16661
 33 33
 33 33
 33 15905
 33 15982
 136 8
 136 8
 136 13064
 136 13124
 -194 8355774
 -194 32702
 -194 9662
 -194 9630
 -186 8355654
 -186 32582
 -186 7238
 -186 7276
 -109 8355603
 -109 32531
 -109 5395
 -109 5472
 -65 8355775
 -65 32703
 -65 4287
 -65 4333
 -197 8355643
 -197 32571
 -197 3131
 -197 3117
 -123 8355717
 -123 32645
 -123 1925
 -123 2008
 -57 8355783
 -57 32711
 -57 967
 -57 946
 -32 -32
 -32 -32
 -32 -288
 -32 -370
 -251 -123
 -251 -123
 -251 -1403
 -251 -1303
 -104 -104
 -104 -104
 -104 -1896
 -104 -1876
 -131 -3
 -131 -3
 -131 -2563
 -131 -2643
 -260 -260
 -260 -260
 -260 -4356
 -260 -4363
 -64 -64
 -64 -64
 -64 -6464
 -64 -6437
 -184 -56
 -184 -56
 -184 -7992
 -184 -7987
 -206 -206
 -206 -206
 -206 -8910
 -206 -8860
 -226 -226
 -226 -226
 -226 -9698
 -226 -9655
 -175 -175
 -175 -175
 -175 -10671
 -175 -10710
 -166 -166
 -166 -166
 -166 -12454
 -166 -12537
 -165 -37
 -165 -37
 -165 -15141
 -165 -15198
 -287 -287
 -287 -287
 -287 -16671
 -287 -16653
 -287 -287
 -287 -287
 -287 -15903
 -287 -15968
 -176 -48
 -176 -48
 -176 -14128
 -176 -14105
 -244 -244
 -244 -244
 -244 -12020
 -244 -11973
 -300 -428
 -300 -428
 -300 -9388
 -300 -9469
 15 -8355697
 15 -32625
 15 -6769
 15 -6763
 -1 -129
 -1 -129
 -1 -4481
 -1 -4523
 -82 -82
 -82 -82
 -82 -2386
 -82 -2334
 -147 -19
 -147 -19
 -147 -275
 -147 -306
 -230 8355610
 -230 32538
 -230 794
 -230 891
 23 23
 23 23
 23 1815
 23 1815
 -359 8355353
 -359 32281
 -359 3865
 -359 3922
 -478 8355490
 -478 32418
 -478 7330
 -478 7308
 -419 8355549
 -419 32477
 -419 10973
 -419 10977
 -182 8355786
 -182 32714
 -182 13258
 -182 13194
 90 218
 90 218
 90 14298
 90 14285
 -108 8355732
 -108 32660
 -108 15508
 -108 15497
 -123 8355717
 -123 32645
 -123 16773
 -123 16790
 -254 8355714
 -254 32642
 -254 16002
 -254 16018
 -307 8355533
 -307 32461
 -307 13261
 -307 13267
 -196 8355772
 -196 32700
 -196 9916
 -196 9982
 -280 8355432
 -280 32360
 -280 7528
 -280 7469
 -205 8355763
 -205 32691
 -205 5811
 -205 5844
 -119 8355593
 -119 32521
 -119 4617
 -119 4608
 -331 8355509
 -331 32437
 -331 3253
 -331 3202
 -242 8355726
 -242 32654
 -242 1678
 -242 1781
 -183 8355657
 -183 32585
 -183 841
 -183 895
 -24 -24
 -24 -24
 -24 -280
 -24 -273
 -47 -47
 -47 -47
 -47 -1071
 -47 -1145
 -128 -128
 -128 -128
 -128 -1664
 -128 -1628
 -168 -168
 -168 -168
 -168 -2728
 -168 -2706
 -176 -176
 -176 -176
 -176 -4016
 -176 -4032
 -46 -46
 -46 -46
 -46 -5934
 -46 -5978
 44 -8355796
 44 -32724
 44 -7636
 44 -7574
 -127 -255
 -127 -255
 -127 -8703
 -127 -8656
 -115 -243
 -115 -243
 -115 -9715
 -115 -9650
 -263 -263
 -263 -263
 -263 -10503
 -263 -10597
 -149 -21
 -149 -21
 -149 -12565
 -149 -12545
 -346 -346
 -346 -346
 -346 -15194
 -346 -15200
 -395 -395
 -395 -395
 -395 -17035
 -395 -17056
 -43 -171
 -43 -171
 -43 -16043
 -43 -16112
 -163 -35
 -163 -35
 -163 -14115
 -163 -14201
 -137 -137
 -137 -137
 -137 -11913
 -137 -11992
 63 -8355649
 63 -32577
 63 -9281
 63 -9282
 -365 -493
 -365 -493
 -365 -6381
 -365 -6331
 -156 -156
 -156 -156
 -156 -4252
 -156 -4309
 -52 -180
 -52 -180
 -52 -2484
 -52 -2540
 -122 -122
 -122 -122
 -122 -634
 -122 -591
 95 223
 95 223
 95 991
 95 957
 -3 8355709
 -3 32637
 -3 2173
 -3 2077
 68 68
 68 68
 68 4164
 68 4173
 -7 8355833
 -7 32761
 -7 7417
 -7 7407
 -228 8355612
 -228 32540
 -228 10780
 -228 10773
 -191 8355777
 -191 32705
 -191 12737
 -191 12788
 -170 8355798
 -170 32726
 -170 13782
 -170 13712
 -284 8355556
 -284 32484
 -284 15332
 -284 15343
 -26 8355686
 -26 32614
 -26 16486
 -26 16484
 -174 8355666
 -174 32594
 -174 15954
 -174 15993
 -66 8355774
 -66 32702
 -66 13502
 -66 13451
 -252 8355588
 -252 32516
 -252 9988
 -252 10064
 -338 8355502
 -338 32430
 -338 7598
 -338 7586
 19 147
 19 147
 19 5523
 19 5630
 -271 8355441
 -271 32369
 -271 4209
 -271 4200
 -90 8355750
 -90 32678
 -90 2982
 -90 2964
 23 151
 23 151
 23 1943
 23 1948
 -142 8355698
 -142 32626
 -142 1138
 -142 1129
 -293 -293
 -293 -293
 -293 -37
 -293 -114
 -299 -299
 -299 -299
 -299 -1067
 -299 -1148
 151 -8355817
 151 -32745
 151 -1769
 151 -1681
 118 -8355594
 118 -32522
 118 -2314
 118 -2422
 -184 -56
 -184 -56
 -184 -3640
 -184 -3621
 0 -8355840
 0 -32768
 0 -5888
 0 -5884
 -271 -399
 -271 -399
 -271 -7567
 -271 -7614
 -210 -82
 -210 -82
 -210 -8274
 -210 -8296
 -249 -249
 -249 -249
 -249 -8953
 -249 -8960
 -178 -50
 -178 -50
 -178 -10290
 -178 -10331
 -126 -126
 -126 -126
 -126 -12158
 -126 -12041
 40 -8355672
 40 -32600
 40 -14680
 40 -14719
 43 -8355669
 43 -32597
 43 -16469
 43 -16406
 -56 -184
 -56 -184
 -56 -15800
 -56 -15872
 -104 -232
 -104 -232
 -104 -13800
 -104 -13782
 -21 -149
 -21 -149
 -21 -11925
 -21 -11934
 5 -8355707
 5 -32635
 5 -9595
 5 -9571
 220 -8355620
 220 -32548
 220 -6948
 220 -7038
 145 -8355695
 145 -32623
 145 -4975
 145 -4933
 -251 -251
 -251 -251
 -251 -2811
 -251 -2800
 -147 -19
 -147 -19
 -147 -531
 -147 -610
 -112 8355728
 -112 32656
 -112 912
 -112 972
 -159 8355681
 -159 32609
 -159 1889
 -159 1857
 37 37
 37 37
 37 3621
 37 3635
 -8 8355704
 -8 32632
 -8 6776
 -8 6675
 108 108
 108 108
 108 10092
 108 10092
 -37 8355803
 -37 32731
 -37 12507
 -37 12450
 -57 8355783
 -57 32711
 -57 13511
 -57 13447
 -6 8355834
 -6 32762
 -6 14842
 -6 14793
 -197 8355643
 -197 32571
 -197 16187
 -197 16194
 -91 8355621
 -91 32549
 -91 15653
 -91 15639
 -293 8355419
 -293 32347
 -293 13147
 -293 13065
 -274 8355438
 -274 32366
 -274 9838
 -274 9737
 -51 8355789
 -51 32717
 -51 7373
 -51 7323
 -266 8355574
 -266 32502
 -266 5622
 -266 5542
 -290 8355422
 -290 32350
 -290 4446
 -290 4465
 -101 8355739
 -101 32667
 -101 3227
 -101 3300
 -5 8355707
 -5 32635
 -5 1915
 -5 1824
 66 66
 66 66
 66 834
 66 888
 -186 -58
 -186 -58
 -186 -314
 -186 -265
 -97 -97
 -97 -97
 -97 -1377
 -97 -1384
 -202 -202
 -202 -202
 -202 -1994
 -202 -2033
 -360 -360
 -360 -360
 -360 -2664
 -360 -2578
 -107 -107
 -107 -107
 -107 -3947
 -107 -3926
 -91 -219
 -91 -219
 -91 -5851
 -91 -5780
 -165 -37
 -165 -37
 -165 -7461
 -165 -7495
 -74 -202
 -74 -202
 -74 -8906
 -74 -8924
 -128 -128
 -128 -128
 -128 -9344
 -128 -9327
 -284 -412
 -284 -412
 -284 -10140
 -284 -10224
 -457 -457
 -457 -457
 -457 -11977
 -457 -12031
 -339 -467
 -339 -467
 -339 -14803
 -339 -14841
 -88 -216
 -88 -216
 -88 -16600
 -88 -16625
 31 -8355809
 31 -32737
 31 -16097
 31 -16097
 131 -8355837
 131 -32765
 131 -14077
 131 -14066
 -85 -213
 -85 -213
 -85 -11989
 -85 -11905
 6 -8355834
 6 -32762
 6 -9978
 6 -9904
 -95 -223
 -95 -223
 -95 -7135
 -95 -7043
 -267 -395
 -267 -395
 -267 -4491
 -267 -4590
 -243 -243
 -243 -243
 -243 -2803
 -243 -2707
 15 -8355697
 15 -32625
 15 -625
 15 -611
 -159 8355809
 -159 32737
 -159 993
 -159 958
 -35 8355677
 -35 32605
 -35 2141
 -35 2071
 -93 8355747
 -93 32675
 -93 3491
 -93 3508
 56 184
 56 184
 56 6584
 56 6587
 6 134
 6 134
 6 10118
 6 10209
 88 216
 88 216
 88 12504
 88 12439
 50 50
 50 50
 50 13618
 50 13622
 -27 8355685
 -27 32613
 -27 15205
 -27 15173
 -198 8355642
 -198 32570
 -198 16442
 -198 16426
 6 6
 6 6
 6 15878
 6 15922
 -219 8355749
 -219 32677
 -219 13477
 -219 13514
 -3 8355837
 -3 32765
 -3 9981
 -3 9971
 -24 8355688
 -24 32616
 -24 7528
 -24 7440
 -127 8355713
 -127 32641
 -127 5761
 -127 5792
 -117 8355595
 -117 32523
 -117 4363
 -117 4393
 -38 8355802
 -38 32730
 -38 3034
 -38 3030
 -87 8355753
 -87 32681
 -87 1961
 -87 1983
 -377 8355463
 -377 32391
 -377 1159
 -377 1186
 -303 8355537
 -303 32465
 -303 209
 -303 229
 -29 -157
 -29 -157
 -29 -669
 -29 -677
 183 -8355785
 183 -32713
 183 -1481
 183 -1434
 46 -8355666
 46 -32594
 46 -2130
 46 -2172
