 209 -8355759
 209 -360367
 209 -332975
 209 -333011
 162 -8388446
 162 -261982
 162 -257118
 162 -257132
 -53 -181
 -53 -196789
 -53 -205493
 -53 -205494
 -9 -137
 -9 -131209
 -9 -163465
 -9 -163523
 198 -8388538
 198 -131002
 198 -115130
 198 -115123
 208 -8388528
 208 -65456
 208 -52400
 208 -52437
 193 193
 193 193
 193 11201
 193 11175
 82 32850
 82 32850
 82 56658
 82 56677
 86 86
 86 65622
 86 84566
 86 84594
 82 32978
 82 98514
 82 112338
 82 112265
 84 212
 84 131284
 84 145364
 84 145379
 25 32793
 25 163865
 25 174617
 25 174643
 264 33032
 264 164104
 264 190984
 264 190995
 115 115
 115 196723
 115 207219
 115 207143
 148 20
 148 262164
 148 290324
 148 290399
 145 17
 145 393233
 145 415505
 145 415514
 -284 8355556
 -284 491236
 -284 477156
 -284 477073
 -332 8388148
 -332 458292
 -332 452404
 -332 452366
 -231 8388505
 -231 393113
 -231 368793
 -231 368886
 -172 8388564
 -172 262100
 -172 242388
 -172 242321
 -226 8388382
 -226 130846
 -226 129566
 -226 129552
 -259 8388221
 -259 65149
 -259 59005
 -259 58989
 -175 8355793
 -175 32721
 -175 16081
 -175 16104
 36 -8355804
 36 -32732
 36 -16860
 36 -16797
 -82 -32850
 -82 -32850
 -82 -62290
 -82 -62233
 -222 -32862
 -222 -98398
 -222 -121438
 -222 -121409
 -332 -33228
 -332 -164300
 -332 -175052
 -332 -175032
 -148 -148
 -148 -196756
 -148 -209556
 -148 -209611
 -306 -33202
 -306 -229810
 -306 -235186
 -306 -235256
 -102 -230
 -102 -262374
 -102 -265190
 -102 -265195
 42 -8388438
 42 -327510
 42 -296790
 42 -296751
 104 -8388376
 104 -327448
 104 -318488
 104 -318479
 -28 -32796
 -28 -294940
 -28 -326684
 -28 -326737
 -176 -48
 -176 -327728
 -176 -352560
 -176 -352545
 149 -8388587
 149 -458731
 149 -456939
 149 -456921
 -95 -32991
 -95 -557279
 -95 -565727
 -95 -565643
 -144 -32912
 -144 -557200
 -144 -589712
 -144 -589781
 -169 -41
 -169 -524329
 -169 -538665
 -169 -538667
 -179 -32947
 -179 -426163
 -179 -442547
 -179 -442537
 -186 -186
 -186 -327866
 -186 -338362
 -186 -338368
 155 -8388581
 155 -262117
 155 -260581
 155 -260604
 162 -8355806
 162 -229342
 162 -208350
 162 -208309
 -39 -32935
 -39 -164007
 -39 -166055
 -39 -166134
 -69 -32837
 -69 -98373
 -69 -118341
 -69 -118310
 32 -8388576
 32 -65504
 32 -56288
 32 -56298
 91 219
 91 219
 91 7899
 91 7811
 -94 8388386
 -94 65314
 -94 54306
 -94 54299
 -155 8355813
 -155 98277
 -155 82917
 -155 82901
 99 32867
 99 98403
 99 109923
 99 109921
 119 247
 119 131319
 119 142839
 119 142772
 -23 8388585
 -23 196585
 -23 173289
 -23 173186
 12 32780
 12 163852
 12 190220
 12 190241
 106 106
 106 196714
 106 204394
 106 204303
 282 282
 282 262426
 282 281114
 282 281090
 180 180
 180 393396
 180 407220
 180 407261
 24 24
 24 458776
 24 475928
 24 476005
 -72 8388408
 -72 458552
 -72 457016
 -72 456996
 -411 8388325
 -411 392933
 -411 376293
 -411 376258
 -436 8388300
 -436 261836
 -436 250060
 -436 250063
 -359 8355353
 -359 163353
 -359 134681
 -359 134769
 -227 8388381
 -227 65309
 -227 61725
 -227 61732
 -178 8355790
 -178 32718
 -178 17870
 -178 17848
 -248 -248
 -248 -248
 -248 -14584
 -248 -14513
 -37 -32805
 -37 -32805
 -37 -58405
 -37 -58404
 -90 -32858
 -90 -98394
 -90 -117594
 -90 -117623
 -142 -32782
 -142 -163854
 -142 -172814
 -142 -172859
 -147 -19
 -147 -196627
 -147 -208147
 -147 -208251
 -116 -32884
 -116 -229492
 -116 -233332
 -116 -233231
 -233 -105
 -233 -262249
 -233 -262505
 -233 -262517
 190 -8355650
 190 -294722
 190 -294466
 190 -294483
 120 -8388360
 120 -327432
 120 -317448
 120 -317492
 -50 -32946
 -50 -295090
 -50 -326834
 -50 -326787
 -108 -108
 -108 -327788
 -108 -349548
 -108 -349531
 -267 -33035
 -267 -426251
 -267 -449291
 -267 -449345
 -232 -33000
 -232 -557288
 -232 -560616
 -232 -560516
 178 -8388558
 178 -589774
 178 -589262
 178 -589266
 238 -8355730
 238 -556946
 238 -541842
 238 -541898
 400 -8388208
 400 -458352
 400 -448880
 400 -448776
 195 -8355773
 195 -360381
 195 -345021
 195 -345077
 29 -8355811
 29 -294883
 29 -265443
 29 -265470
 -98 -98
 -98 -196706
 -98 -211298
 -98 -211292
 -6 -32774
 -6 -163846
 -6 -168710
 -6 -168724
 183 -8388553
 183 -131017
 183 -122057
 183 -122030
 -6 -32902
 -6 -32902
 -6 -60806
 -6 -60842
 -68 8355772
 -68 32700
 -68 4028
 -68 3990
 -4 8388476
 -4 65404
 -4 52348
 -4 52248
 -165 8355803
 -165 98267
 -165 81115
 -165 81119
 -129 8388607
 -129 131071
 -129 107775
 -129 107681
 120 248
 120 131320
 120 140536
 120 140464
 -20 8388588
 -20 196588
 -20 171244
 -20 171222
 -71 8388537
 -71 196537
 -71 189625
 -71 189630
 -89 8355623
 -89 229159
 -89 203303
 -89 203338
 121 121
 121 262265
 121 275577
 121 275582
 221 221
 221 393437
 221 400093
 221 400109
 240 112
 240 458864
 240 471152
 240 471093
 79 32847
 79 426063
 79 456271
 79 456226
 -261 8388347
 -261 392955
 -261 381179
 -261 381101
 -447 8388289
 -447 261825
 -447 258753
 -447 258748
 -97 8355615
 -97 163615
 -97 141855
 -97 141852
 99 227
 99 65763
 99 66019
 99 66046
 -3 8355709
 -3 32637
 -3 20605
 -3 20603
 -170 -42
 -170 -42
 -170 -12586
 -170 -12600
 -34 -32930
 -34 -32930
 -34 -55714
 -34 -55796
 30 -8388578
 30 -131042
 30 -113634
 30 -113652
 -221 -32861
 -221 -163933
 -221 -168797
 -221 -168830
 -232 -104
 -232 -196712
 -232 -205672
 -232 -205664
 -103 -32871
 -103 -229479
 -103 -231527
 -103 -231495
 9 -8388599
 9 -262135
 9 -260599
 9 -260493
 -43 -43
 -43 -262187
 -43 -292395
 -43 -292441
 -146 -32786
 -146 -294930
 -146 -316178
 -146 -316274
 -189 -32829
 -189 -294973
 -189 -325949
 -189 -325918
 -89 -89
 -89 -327769
 -89 -345945
 -89 -345940
 -56 -32952
 -56 -426168
 -56 -441016
 -56 -440998
 -179 -179
 -179 -524467
 -179 -555443
 -179 -555467
 -115 -115
 -115 -589939
 -115 -590707
 -115 -590654
 230 -8355610
 230 -556826
 230 -547610
 230 -547650
 149 -8388587
 149 -458731
 149 -455659
 149 -455607
 121 -8355719
 121 -360327
 121 -350087
 121 -350138
 -46 -46
 -46 -262190
 -46 -268846
 -46 -268831
 -141 -13
 -141 -196621
 -141 -214029
 -141 -214123
 18 -8388590
 18 -196590
 18 -171502
 18 -171434
 12 -8388468
 12 -130932
 12 -125300
 12 -125305
 23 -8388585
 23 -65513
 23 -64745
 23 -64768
 93 221
 93 221
 93 221
 93 130
 251 33019
 251 33019
 251 49915
 251 49905
 0 128
 0 65664
 0 79744
 0 79867
 -230 8388506
 -230 130970
 -230 106394
 -230 106467
 -271 8355441
 -271 163441
 -271 138865
 -271 138804
 -197 8388411
 -197 196411
 -197 169531
 -197 169488
 -293 8388315
 -293 196315
 -293 188123
 -293 188066
 -29 8355811
 -29 229347
 -29 200675
 -29 200688
 264 264
 264 262408
 264 267272
 264 267386
 110 33006
 110 360686
 110 393198
 110 393108
 -153 8355815
 -153 491495
 -153 470759
 -153 470663
 -458 8355382
 -458 491062
 -458 460086
 -458 460111
 -251 8388357
 -251 392965
 -251 387077
 -251 387158
 -196 8355772
 -196 294844
 -196 266172
 -196 266209
 -352 8355360
 -352 163360
 -352 146976
 -352 147066
 -314 8355398
 -314 97862
 -314 69702
 -314 69642
 -98 8355742
 -98 32670
 -98 22942
 -98 23016
 63 -8355777
 63 -32705
 63 -10433
 63 -10387
 -181 -32821
 -181 -32821
 -181 -52533
 -181 -52548
 -220 -32988
 -220 -98524
 -220 -109788
 -220 -109812
 -197 -32837
 -197 -163909
 -197 -165957
 -197 -165914
 -17 -145
 -17 -196753
 -17 -203921
 -17 -203983
 -64 -32960
 -64 -229568
 -64 -229824
 -64 -229848
 -178 -32946
 -178 -229554
 -178 -258482
 -178 -258452
 -338 -338
 -338 -262482
 -338 -290386
 -338 -290325
 -261 -33157
 -261 -295301
 -261 -315013
 -261 -315086
 -74 -32970
 -74 -295114
 -74 -326090
 -74 -326045
 -165 -165
 -165 -327845
 -165 -343717
 -165 -343759
 -296 -33064
 -296 -426280
 -296 -433960
 -296 -434024
 -278 -278
 -278 -524566
 -278 -549654
 -278 -549675
 30 -8388578
 30 -589794
 30 -588514
 30 -588491
 319 -8355393
 319 -556609
 319 -548929
 319 -548975
 215 -8355625
 215 -491305
 215 -461353
 215 -461324
 115 -8355597
 115 -360205
 115 -356365
 115 -356455
 50 -8355790
 50 -294862
 50 -273358
 50 -273335
 40 -8355672
 40 -229208
 40 -217432
 40 -217366
 -166 -32934
 -166 -164006
 -166 -173734
 -166 -173802
 104 -8388376
 104 -130840
 104 -128280
 104 -128306
 238 -8355730
 238 -98194
 238 -68754
 238 -68817
 170 -8355798
 170 -32726
 170 -3798
 170 -3830
 18 32786
 18 32786
 18 47122
 18 47206
 -101 8355739
 -101 98203
 -101 78235
 -101 78279
 -43 8388565
 -43 131029
 -43 104661
 -43 104668
 -22 8355818
 -22 163818
 -22 136938
 -22 136832
 25 32793
 25 163865
 25 167961
 25 167996
 -46 8388434
 -46 196434
 -46 187474
 -46 187497
 -105 8355607
 -105 229143
 -105 199191
 -105 199263
 -4 8388476
 -4 262012
 -4 261244
 -4 261158
 -36 8388572
 -36 393180
 -36 386524
 -36 386556
 34 34
 34 458786
 34 469026
 34 469092
 -117 8355723
 -117 491403
 -117 462731
 -117 462730
 -262 8388346
 -262 392954
 -262 392186
 -262 392181
 -346 8355366
 -346 294438
 -346 273702
 -346 273698
 -357 8355355
 -357 163355
 -357 153115
 -357 153130
 -302 8355538
 -302 98002
 -302 73426
 -302 73382
 -246 8355594
 -246 32522
 -246 25354
 -246 25404
 -1 -1
 -1 -1
 -1 -8449
 -1 -8497
 -218 -32858
 -218 -32858
 -218 -51290
 -218 -51247
 -343 -33111
 -343 -98647
 -343 -108375
 -343 -108333
 10 -8355702
 10 -163702
 10 -163446
 10 -163446
 -177 -177
 -177 -196785
 -177 -201393
 -177 -201424
 -229 -229
 -229 -196837
 -229 -227557
 -229 -227519
 -195 -32835
 -195 -229443
 -195 -256323
 -195 -256367
 -178 -178
 -178 -262322
 -178 -288434
 -178 -288494
 5 -8388603
 5 -327675
 5 -314363
 5 -314326
 -95 -32991
 -95 -295135
 -95 -325343
 -95 -325312
 -123 -251
 -123 -327931
 -123 -339451
 -123 -339355
 -181 -53
 -181 -393269
 -181 -423221
 -181 -423211
 15 -8355825
 15 -557041
 15 -541937
 15 -541873
 69 -8388539
 69 -589755
 69 -588219
 69 -588162
 10 -8355830
 10 -557046
 10 -554230
 10 -554174
 -67 -195
 -67 -458947
 -67 -469187
 -67 -469220
 -204 -32972
 -204 -360652
 -204 -362700
 -204 -362685
 -111 -111
 -111 -262255
 -111 -277359
 -111 -277344
 173 -8355667
 173 -229203
 173 -220499
 173 -220477
 49 -8388431
 49 -196431
 49 -176975
 49 -176947
 -33 -161
 -33 -131233
 -33 -132001
 -33 -131993
 -69 -197
 -69 -65733
 -69 -72901
 -69 -72865
 10 -8355702
 10 -32630
 10 -7286
 10 -7265
 -112 8388496
 -112 65424
 -112 44944
 -112 44986
 72 72
 72 65608
 72 76872
 72 76806
 122 33018
 122 98554
 122 103162
 122 103089
 39 39
 39 131111
 39 134951
 39 134980
 -177 8388431
 -177 196431
 -177 166223
 -177 166250
 -183 8388425
 -183 196425
 -183 186185
 -183 186207
 -197 8355643
 -197 229179
 -197 196667
 -197 196658
 163 32803
 163 229411
 163 251171
 163 251210
 161 32801
 161 360481
 161 377121
 161 377136
 23 23
 23 458775
 23 467735
 23 467745
 -218 8355622
 -218 491302
 -218 467238
 -218 467221
 -427 8355413
 -427 425557
 -427 398677
 -427 398617
 -416 8355424
 -416 294496
 -416 281952
 -416 281926
 -380 8355460
 -380 163460
 -380 159620
 -380 159654
 -298 8355542
 -298 98006
 -298 77014
 -298 76938
 -54 8355658
 -54 32586
 -54 27722
 -54 27664
 -121 -249
 -121 -249
 -121 -5881
 -121 -5888
 -188 -32956
 -188 -32956
 -188 -45756
 -188 -45697
 -5 -32901
 -5 -98437
 -5 -102277
 -5 -102315
 -112 -240
 -112 -131312
 -112 -159472
 -112 -159414
 -163 -163
 -163 -196771
 -163 -199843
 -163 -199857
 -295 -423
 -295 -197031
 -295 -226471
 -295 -226529
 -124 -32892
 -124 -229500
 -124 -254332
 -124 -254265
 -171 -43
 -171 -262187
 -171 -286251
 -171 -286260
 -186 -32826
 -186 -294970
 -186 -312122
 -186 -312146
 -34 -32930
 -34 -295074
 -34 -324258
 -34 -324258
 34 -8355678
 34 -360286
 34 -337246
 34 -337260
 -324 -324
 -324 -393540
 -324 -415044
 -324 -415023
 -368 -368
 -368 -524656
 -368 -536176
 -368 -536068
 7 -8355833
 7 -622585
 7 -591097
 7 -591054
 -28 -32796
 -28 -557084
 -28 -561436
 -28 -561468
 -69 -69
 -69 -458821
 -69 -476229
 -69 -476166
 35 -8388573
 35 -393181
 35 -368605
 35 -368582
 -119 -247
 -119 -262391
 -119 -281079
 -119 -280969
 52 -8355660
 52 -229196
 52 -222284
 52 -222269
 45 -8388435
 45 -196435
 45 -179027
 45 -179058
 -21 -149
 -21 -131221
 -21 -135317
 -21 -135306
 121 -8355591
 121 -98055
 121 -77063
 121 -77098
 -70 -198
 -70 -198
 -70 -11206
 -70 -11262
 204 32844
 204 32844
 204 42316
 204 42347
 33 33
 33 65569
 33 75297
 33 75340
 -113 8388495
 -113 130959
 -113 101519
 -113 101540
 -172 8355668
 -172 163668
 -172 132948
 -172 132897
 -170 8388566
 -170 196566
 -170 164822
 -170 164738
 -71 8388409
 -71 196409
 -71 185657
 -71 185720
 -27 8355685
 -27 229221
 -27 196965
 -27 196961
 198 32838
 198 229446
 198 248134
 198 248069
 286 33182
 286 360862
 286 371102
 286 371122
 144 16
 144 458768
 144 461840
 144 461946
 -107 8355605
 -107 491285
 -107 465685
 -107 465778
 -320 8355392
 -320 425536
 -320 404032
 -320 404008
 -226 8355614
 -226 294686
 -226 290334
 -226 290307
 -128 8388352
 -128 196352
 -128 166144
 -128 166240
 -101 8355611
 -101 98075
 -101 80923
 -101 80934
 -166 8355802
 -166 32730
 -166 29914
 -166 29918
 117 -8355595
 117 -32523
 117 -3851
 117 -3854
 -101 -32997
 -101 -32997
 -101 -42981
 -101 -42952
 -187 -32955
 -187 -98491
 -187 -98491
 -187 -98444
 -111 -111
 -111 -131183
 -111 -156015
 -111 -156009
 -241 -113
 -241 -196721
 -241 -197745
 -241 -197681
 -290 -290
 -290 -196898
 -290 -224802
 -290 -224840
 -69 -32837
 -69 -229445
 -69 -253253
 -69 -253222
 -47 -47
 -47 -262191
 -47 -285487
 -47 -285458
 -47 -32815
 -47 -294959
 -47 -311599
 -47 -311614
 -79 -32847
 -79 -294991
 -79 -323919
 -79 -323901
 -155 -27
 -155 -327707
 -155 -335643
 -155 -335635
 -75 -75
 -75 -393291
 -75 -411211
 -75 -411141
 3 -8355709
 3 -556925
 3 -532861
 3 -532796
 -15 -32783
 -15 -557071
 -15 -589071
 -15 -589127
 77 -8388403
 77 -589619
 77 -559411
 77 -559407
 136 -8355704
 136 -491384
 136 -478840
 136 -478766
 195 -8388541
 195 -393149
 195 -374717
 195 -374690
 128 -8355712
 128 -294784
 128 -286848
 128 -286785
 -22 -150
 -22 -196758
 -22 -226454
 -22 -226482
 -146 -32786
 -146 -163858
 -146 -181522
 -146 -181521
 40 -8355800
 40 -163800
 40 -137432
 40 -137431
 34 -8355678
 34 -98142
 34 -80478
 34 -80440
 -46 -174
 -46 -174
 -46 -15534
 -46 -15590
 188 32956
 188 32956
 188 38588
 188 38583
 123 123
 123 65659
 123 72571
 123 72452
 -2 8388606
 -2 131070
 -2 99582
 -2 99478
 -20 8355692
 -20 163692
 -20 131948
 -20 131849
 71 32967
 71 164039
 71 164295
 71 164275
 -134 8388474
 -134 196474
 -134 185978
 -134 185879
 33 32801
 33 163873
 33 196385
 33 196446
 -68 8388412
 -68 261948
 -68 244028
 -68 244000
 84 32852
 84 360532
 84 364884
 84 364851
 4 4
 4 458756
 4 460292
 4 460351
 -177 8355791
 -177 491471
 -177 467919
 -177 467886
 -308 8355532
 -308 425676
 -308 406476
 -308 406405
 -287 8388321
 -287 327393
 -287 296417
 -287 296393
 -528 8387952
 -528 195952
 -528 172144
 -528 172154
 -383 8355457
 -383 97921
 -383 84865
 -383 84904
 -250 8355590
 -250 32518
 -250 32262
 -250 32285
 -276 -276
 -276 -276
 -276 -2580
 -276 -2642
 -92 -32860
 -92 -32860
 -92 -42076
 -92 -42020
 71 -8355641
 71 -98105
 71 -96825
 71 -96855
 -195 -195
 -195 -131267
 -195 -153539
 -195 -153593
 -213 -32981
 -213 -164053
 -213 -195285
 -213 -195264
 -220 -220
 -220 -196828
 -220 -222940
 -220 -222887
 -301 -33197
 -301 -229805
 -301 -250797
 -301 -250815
 -183 -183
 -183 -262327
 -183 -283575
 -183 -283542
 -38 -32934
 -38 -295078
 -38 -310438
 -38 -310491
 -90 -32986
 -90 -295130
 -90 -323290
 -90 -323208
 -100 -100
 -100 -327780
 -100 -333412
 -100 -333328
 -307 -435
 -307 -393651
 -307 -403635
 -307 -403609
 -296 -296
 -296 -524584
 -296 -527400
 -296 -527437
 -94 -32990
 -94 -557278
 -94 -589278
 -94 -589206
 -216 -32984
 -216 -557272
 -216 -562648
 -216 -562594
 -112 -240
 -112 -458992
 -112 -483568
 -112 -483543
 75 -8388533
 75 -393141
 75 -380085
 75 -380155
 -99 -99
 -99 -262243
 -99 -291171
 -99 -291157
 -155 -32795
 -155 -229403
 -155 -229915
 -155 -229982
 -103 -32871
 -103 -163943
 -103 -184423
 -103 -184401
 -66 -194
 -66 -131266
 -66 -139970
 -66 -140014
 -106 -234
 -106 -65770
 -106 -83178
 -106 -83125
 -203 -75
 -203 -75
 -203 -18251
 -203 -18239
 -212 8388524
 -212 65452
 -212 36524
 -212 36560
 -124 8355588
 -124 98052
 -124 70916
 -124 71029
 172 172
 172 65708
 172 97196
 172 97212
 213 32853
 213 98389
 213 129109
 213 129046
 31 159
 31 131231
 31 161951
 31 162023
 -6 8388602
 -6 196602
 -6 184570
 -6 184494
 -50 8388558
 -50 196558
 -50 195022
 -50 194984
 83 32979
 83 229587
 83 237011
 83 236985
 138 10
 138 327690
 138 355594
 138 355709
 -69 8388539
 -69 458683
 -69 456891
 -69 456954
 -57 8355783
 -57 491463
 -57 470215
 -57 470212
 -224 8355744
 -224 425888
 -224 411552
 -224 411629
 -646 8387962
 -646 327034
 -646 304506
 -646 304498
 -387 8388221
 -387 196221
 -387 179581
 -387 179459
 -155 8355813
 -155 98277
 -155 89573
 -155 89516
 -402 8388206
 -402 65134
 -402 35182
 -402 35168
 -296 -424
 -296 -424
 -296 -424
 -296 -471
 -167 -32807
 -167 -32807
 -167 -38951
 -167 -38969
 -69 -197
 -69 -65733
 -69 -92869
 -69 -92869
 -185 -57
 -185 -131129
 -185 -150073
 -185 -150088
 -134 -32774
 -134 -163846
 -134 -192774
 -134 -192858
 -50 -50
 -50 -196658
 -50 -220722
 -50 -220784
 17 -8388463
 17 -261999
 17 -248687
 17 -248700
 -45 -45
 -45 -262189
 -45 -281645
 -45 -281666
 -84 -32852
 -84 -294996
 -84 -310100
 -84 -310056
 -26 -32794
 -26 -294938
 -26 -324122
 -26 -324158
 -70 -70
 -70 -327750
 -70 -333126
 -70 -333129
 -214 -86
 -214 -393302
 -214 -397654
 -214 -397591
 -295 -33191
 -295 -491943
 -295 -520615
 -295 -520606
 -85 -32853
 -85 -557141
 -85 -588117
 -85 -588121
 146 -8388462
 146 -589678
 146 -566382
 146 -566379
 311 -8355529
 311 -491209
 311 -489417
 311 -489456
 134 -8388474
 134 -393082
 134 -386170
 134 -386168
 -11 -32907
 -11 -295051
 -11 -295563
 -11 -295653
 83 -8388525
 83 -262061
 83 -233133
 83 -233169
 124 -8388356
 124 -196356
 124 -187140
 124 -187140
 44 -8355668
 44 -163668
 44 -143444
 44 -143418
 -7 -135
 -7 -65671
 -7 -87431
 -7 -87524
 -169 -41
 -169 -41
 -169 -22825
 -169 -22875
 305 33073
 305 33073
 305 32817
 305 32879
 163 35
 163 65571
 163 68899
 163 68928
 -106 8355734
 -106 98198
 -106 95638
 -106 95721
 83 32979
 83 98515
 83 126931
 83 126908
 35 163
 35 131235
 35 160163
 35 160206
 -171 8388565
 -171 196565
 -171 183765
 -171 183727
 -81 8388399
 -81 196399
 -81 194095
 -81 194157
 224 32992
 224 229600
 224 232160
 224 232128
 81 209
 81 327889
 81 348881
 81 348829
 -75 8388405
 -75 458549
 -75 453941
 -75 454008
 54 54
 54 458806
 54 472118
 54 472101
 115 243
 115 393459
 115 416243
 115 416149
 -251 8388485
 -251 327557
 -251 310917
 -251 311001
 -389 8388219
 -389 196219
 -389 185467
 -389 185356
 -379 8355333
 -379 97797
 -379 92933
 -379 92986
 40 32808
 40 32808
 40 37416
 40 37481
 7 7
 7 7
 7 1543
 7 1653
 -269 -33037
 -269 -33037
 -269 -35597
 -269 -35634
 -174 -46
 -174 -65582
 -174 -88878
 -174 -88872
 -53 -53
 -53 -131125
 -53 -146485
 -53 -146497
 48 -8388432
 48 -196432
 48 -190544
 48 -190473
 63 -8355649
 63 -229185
 63 -218689
 63 -218675
 -194 -32962
 -194 -229570
 -194 -246466
 -194 -246414
 -48 -176
 -48 -262320
 -48 -279216
 -48 -279199
 -91 -32859
 -91 -295003
 -91 -308315
 -91 -308247
 -72 -32840
 -72 -294984
 -72 -323144
 -72 -323148
 -63 -191
 -63 -327871
 -63 -331455
 -63 -331417
 -331 -33227
 -331 -360907
 -331 -390603
 -331 -390552
 -375 -33271
 -375 -492023
 -375 -513783
 -375 -513690
 -151 -32791
 -151 -557079
 -151 -587543
 -151 -587641
 44 -8388436
 44 -589652
 44 -570708
 44 -570630
 89 -8388391
 89 -524071
 89 -495399
 89 -495439
 423 -8388313
 423 -392921
 423 -392153
 423 -392106
 133 -8388475
 133 -327547
 133 -299899
 133 -299799
 7 -8388601
 7 -262137
 7 -236025
 7 -235906
 -38 -32806
 -38 -163878
 -38 -189990
 -38 -190065
 -263 -391
 -263 -131463
 -263 -146823
 -263 -146862
 74 -8355766
 74 -98230
 74 -91830
 74 -91890
 94 -8355746
 94 -32674
 94 -27042
 94 -27119
 -175 8355665
 -175 32593
 -175 30033
 -175 30000
 -217 8355751
 -217 98215
 -217 66983
 -217 67007
 -56 8355656
 -56 98120
 -56 93768
 -56 93813
 81 32977
 81 98513
 81 124625
 81 124625
 112 112
 112 131184
 112 157808
 112 157816
 131 32899
 131 163971
 131 182147
 131 182271
 102 32870
 102 163942
 102 193638
 102 193610
 -82 8355630
 -82 229166
 -82 228654
 -82 228702
 -113 8355599
 -113 360207
 -113 342543
 -113 342610
 -170 8388566
 -170 458710
 -170 450774
 -170 450718
 41 41
 41 458793
 41 473385
 41 473382
 -150 8355818
 -150 425962
 -150 420586
 -150 420581
 -73 8388407
 -73 327479
 -73 318007
 -73 318014
 -155 8388453
 -155 196453
 -155 191589
 -155 191613
 -177 8355791
 -177 98255
 -177 96975
 -177 97010
 20 32916
 20 32916
 20 40084
 20 40085
 -213 8355755
 -213 32683
 -213 3499
 -213 3567
 -359 -33127
 -359 -33127
 -359 -33127
 -359 -33043
 -241 -241
 -241 -65777
 -241 -85233
 -241 -85234
 -149 -21
 -149 -131093
 -149 -143125
 -149 -143215
 -231 -32999
 -231 -164071
 -231 -188391
 -231 -188366
 123 -8355717
 123 -229253
 123 -217221
 123 -217239
 -13 -32781
 -13 -229389
 -13 -243981
 -13 -244028
 -219 -91
 -219 -262235
 -219 -276827
 -219 -276747
 -132 -32900
 -132 -295044
 -132 -306564
 -132 -306620
 -249 -33017
 -249 -295161
 -249 -322297
 -249 -322208
 -197 -69
 -197 -327749
 -197 -330309
 -197 -330261
 -307 -33075
 -307 -360755
 -307 -385075
 -307 -385111
 -324 -33092
 -324 -491844
 -324 -506692
 -324 -506712
 286 -8388322
 286 -589538
 286 -584162
 286 -584114
 -17 -32785
 -17 -557073
 -17 -571153
 -17 -571246
 -136 -32776
 -136 -491528
 -136 -500232
 -136 -500299
 131 -8355709
 131 -425853
 131 -398973
 131 -398868
 159 -8388577
 159 -327649
 159 -305121
 159 -305142
 61 -8388419
 61 -261955
 61 -238915
 61 -238932
 -42 -32810
 -42 -163882
 -42 -192042
 -42 -192051
 -40 -40
 -40 -131112
 -40 -149544
 -40 -149582
 -49 -49
 -49 -65585
 -49 -95793
 -49 -95820
 -3 -131
 -3 -131
 -3 -31107
 -3 -31193
 151 23
 151 23
 151 27415
 151 27417
 5 5
 5 65541
 5 65541
 5 65552
 -81 8355759
 -81 98223
 -81 92335
 -81 92352
 -187 8388421
 -187 130885
 -187 122437
 -187 122480
 -201 8355767
 -201 163767
 -201 156087
 -201 156052
 -167 8388441
 -167 196441
 -167 181593
 -167 181519
 -28 8388452
 -28 196452
 -28 193636
 -28 193555
 -200 8355640
 -200 229176
 -200 224568
 -200 224593
 280 408
 280 328088
 280 333720
 280 333766
 38 32806
 38 426022
 38 445478
 38 445526
 -216 8355624
 -216 491304
 -216 474152
 -216 474223
 -221 8355747
 -221 425891
 -221 424611
 -221 424594
 -390 8388218
 -390 327290
 -390 325498
 -390 325401
 -381 8355459
 -381 228995
 -381 199043
 -381 199119
 6 32902
 6 98438
 6 101766
 6 101859
 -170 8388438
 -170 65366
 -170 42838
 -170 42851
 -64 8355776
 -64 32704
 -64 5568
 -64 5622
 101 -8355611
 101 -32539
 101 -30235
 101 -30274
 71 -8355641
 71 -98105
 71 -81209
 71 -81252
 -210 -82
 -210 -131154
 -210 -139090
 -210 -139073
 -241 -33009
 -241 -164081
 -241 -185841
 -241 -185797
 -200 -200
 -200 -196808
 -200 -215496
 -200 -215476
 -250 -32890
 -250 -229498
 -250 -242554
 -250 -242459
 -119 -119
 -119 -262263
 -119 -274807
 -119 -274807
 91 -8388517
 91 -327589
 91 -305061
 91 -305038
 137 -8388471
 137 -327543
 137 -321655
 137 -321546
 40 -8355672
 40 -360280
 40 -329048
 40 -329039
 -305 -33073
 -305 -360753
 -305 -378161
 -305 -378203
 -575 -33471
 -575 -492223
 -575 -498111
 -575 -498089
 -134 -32902
 -134 -557190
 -134 -581766
 -134 -581843
 88 -8388392
 88 -589608
 88 -574504
 88 -574507
 96 -8388512
 96 -524192
 96 -505504
 96 -505555
 171 -8355797
 171 -425941
 171 -404949
 171 -404959
 200 -8388408
 200 -327480
 200 -310072
 200 -310022
 47 -8388561
 47 -262097
 47 -242385
 47 -242340
 61 -8388547
 61 -196547
 61 -194243
 61 -194237
 43 -8355797
 43 -163797
 43 -151509
 43 -151540
 -87 -32983
 -87 -98519
 -87 -98519
 -87 -98480
 -8 -32776
 -8 -32776
 -8 -34824
 -8 -34915
 184 184
 184 184
 184 23992
 184 23939
 179 32819
 179 32819
 179 63539
 179 63488
 98 226
 98 65762
 98 90594
 98 90599
 -152 8388456
 -152 130920
 -152 120936
 -152 120860
 -93 8355619
 -93 163619
 -93 154659
 -93 154737
 44 32812
 44 163884
 44 180524
 44 180481
 -29 8388451
 -29 196451
 -29 192867
 -29 192891
 9 9
 9 196617
 9 220681
 9 220744
 254 32894
 254 295038
 254 326270
 254 326164
 122 33018
 122 426234
 122 440058
 122 439998
 40 40
 40 458792
 40 473384
 40 473445
 9 32777
 9 425993
 9 427785
 9 427875
 -431 8355537
 -431 360145
 -431 332241
 -431 332271
 -389 8355451
 -389 228987
 -389 206203
 -389 206127
 -157 8388451
 -157 130915
 -157 106595
 -157 106570
 -93 8388515
 -93 65443
 -93 45731
 -93 45772
 32 32
 32 32
 32 7712
 32 7714
 139 -8355829
 139 -32757
 139 -27893
 139 -27790
 -196 -68
 -196 -65604
 -196 -78148
 -196 -78188
 -328 -328
 -328 -131400
 -328 -136264
 -328 -136270
 -401 -33041
 -401 -164113
 -401 -183569
 -401 -183632
 -277 -277
 -277 -196885
 -277 -214037
 -277 -214135
 -215 -32983
 -215 -229591
 -215 -240599
 -215 -240560
 -36 -164
 -36 -262308
 -36 -272292
 -36 -272312
 -144 -32912
 -144 -295056
 -144 -302992
 -144 -303072
 -227 -32867
 -227 -295011
 -227 -321123
 -227 -321140
 -189 -61
 -189 -327741
 -189 -328509
 -189 -328515
 -130 -32770
 -130 -360450
 -130 -372994
 -130 -373099
 -271 -399
 -271 -459151
 -271 -491407
 -271 -491499
 -149 -32917
 -149 -557205
 -149 -578453
 -149 -578434
 86 -8388522
 86 -589738
 86 -575146
 86 -575232
 157 -8388579
 157 -524259
 157 -510179
 157 -510138
 -20 -148
 -20 -393364
 -20 -411540
 -20 -411641
 176 -8388560
 176 -327632
 176 -315600
 176 -315598
 15 -8388465
 15 -262001
 15 -246641
 15 -246557
 -12 -140
 -12 -196748
 -12 -197260
 -12 -197355
 8 -8355704
 8 -163704
 8 -154488
 8 -154393
 42 -8388438
 42 -130902
 42 -101974
 42 -101895
 -3 -32771
 -3 -32771
 -3 -38403
 -3 -38414
 -200 8355768
 -200 32696
 -200 21176
 -200 21244
 -178 8388430
 -178 65358
 -178 61518
 -178 61465
 23 151
 23 65687
 23 88983
 23 89002
 100 32996
 100 98532
 100 119012
 100 119019
 -152 8355816
 -152 163816
 -152 152808
 -152 152776
 -52 8388428
 -52 196428
 -52 179532
 -52 179560
 -3 8388477
 -3 196477
 -3 192381
 -3 192316
 181 181
 181 196789
 181 216245
 181 216319
 248 32888
 248 295032
 248 317304
 248 317210
 116 33012
 116 426228
 116 435444
 116 435354
 -166 8355674
 -166 491354
 -166 475482
 -166 475510
 -224 8388512
 -224 458656
 -224 433312
 -224 433370
 -182 8355658
 -182 360266
 -182 339018
 -182 339009
 -339 8355373
 -339 228909
 -339 212525
 -339 212595
 -341 8388267
 -341 130731
 -341 110763
 -341 110758
 -10 8388470
 -10 65398
 -10 48246
 -10 48130
 28 156
 28 156
 28 9116
 28 9117
 -85 -85
 -85 -85
 -85 -25685
 -85 -25657
 -39 -39
 -39 -65575
 -39 -74791
 -39 -74794
 -67 -67
 -67 -131139
 -67 -132931
 -67 -132913
 -73 -32841
 -73 -163913
 -73 -181577
 -73 -181553
 -174 -174
 -174 -196782
 -174 -212398
 -174 -212451
 -31 -32799
 -31 -229407
 -31 -238623
 -31 -238674
 111 -8355729
 111 -294801
 111 -270481
 111 -270480
 -75 -32843
 -75 -294987
 -75 -301643
 -75 -301653
 -55 -32951
 -55 -295095
 -55 -320695
 -55 -320643
 -88 -88
 -88 -327768
 -88 -328280
 -88 -328220
 -139 -32779
 -139 -360459
 -139 -368395
 -139 -368485
 -243 -115
 -243 -458867
 -243 -484467
 -243 -484399
 -282 -33050
 -282 -557338
 -282 -576282
 -282 -576355
 -118 -33014
 -118 -557302
 -118 -578550
 -118 -578491
 252 -8388484
 252 -524164
 252 -515204
 252 -515294
 324 -8355516
 324 -425660
 324 -416700
 324 -416670
 366 -8388242
 366 -327314
 366 -319122
 366 -319225
 71 -8388537
 71 -262073
 71 -249017
 71 -249071
 59 -8355653
 59 -229189
 59 -200005
 59 -199985
 30 -8355682
 30 -163682
 30 -157282
 30 -157305
 -282 -33050
 -282 -98586
 -282 -105754
 -282 -105737
 -25 -32921
 -25 -32921
 -25 -42393
 -25 -42426
 235 235
 235 235
 235 17899
 235 17873
 78 32974
 78 32974
 78 59598
 78 59561
 -12 8355828
 -12 98292
 -12 87284
 -12 87171
 135 32775
 135 98311
 135 116487
 135 116502
 248 120
 248 131192
 248 150392
 248 150331
 -48 8388432
 -48 196432
 -48 178000
 -48 177938
 6 32902
 6 163974
 6 191366
 6 191471
 21 149
 21 196757
 21 213141
 21 213171
 260 33028
 260 295172
 260 310020
 260 310050
 115 33011
 115 426227
 115 429811
 115 429736
 11 11
 11 458763
 11 475147
 11 475197
 -63 8388545
 -63 458689
 -63 437441
 -63 437470
 -269 8355443
 -269 360051
 -269 345715
 -269 345648
 -142 8355826
 -142 229362
 -142 219378
 -142 219340
 14 32910
 14 98446
 14 115086
 14 115188
 18 32786
 18 32786
 18 50962
 18 50964
 -112 8355728
 -112 32656
 -112 11152
 -112 11160
 -185 -185
 -185 -185
 -185 -22969
 -185 -23002
 -121 -249
 -121 -65785
 -121 -71161
 -121 -71068
 -142 -32910
 -142 -98446
 -142 -128910
 -142 -128980
 -211 -32851
 -211 -163923
 -211 -178771
 -211 -178803
 -170 -42
 -170 -196650
 -170 -210474
 -170 -210538
 -68 -32964
 -68 -229572
 -68 -237252
 -68 -237275
 -146 -18
 -146 -262162
 -146 -268818
 -146 -268904
 -124 -32892
 -124 -295036
 -124 -300156
 -124 -300075
 102 -8388506
 102 -327578
 102 -319642
 102 -319620
 -286 -33054
 -286 -295198
 -286 -326942
 -286 -326938
 -255 -33023
 -255 -360703
 -255 -363007
 -255 -362951
 -248 -248
 -248 -459000
 -248 -476920
 -248 -476879
 -260 -33028
 -260 -557316
 -260 -573188
 -260 -573196
 -193 -32961
 -193 -557249
 -193 -580033
 -193 -580027
 -1 -32769
 -1 -491521
 -1 -519937
 -1 -519995
 37 -8355803
 37 -425947
 37 -423131
 37 -423085
 71 -8388409
 71 -327481
 71 -324665
 71 -324609
 164 -8388444
 164 -261980
 164 -252764
 164 -252694
 86 -8355754
 86 -229290
 86 -202666
 86 -202637
 129 -8355711
 129 -163711
 129 -160127
 129 -160047
 4 -8388476
 4 -130940
 4 -109436
 4 -109320
 57 -8388423
 57 -65351
 57 -46663
 57 -46667
 126 254
 126 254
 126 14846
 126 14800
 97 32865
 97 32865
 97 57953
 97 57871
 -213 8355627
 -213 98091
 -213 85803
 -213 85827
 -137 8388599
 -137 131063
 -137 114679
 -137 114603
 8 136
 8 131208
 8 148104
 8 148189
 -145 8388591
 -145 196591
 -145 176623
 -145 176553
 -191 8388545
 -191 196545
 -191 191169
 -191 191211
 46 46
 46 196654
 46 210990
 46 210979
 200 32968
 200 295112
 200 303048
 200 302976
 136 136
 136 393352
 136 424072
 136 424067
 -124 8355588
 -124 491268
 -124 475140
 -124 475193
 -136 8388472
 -136 458616
 -136 442232
 -136 442216
 -412 8355556
 -412 360164
 -412 352484
 -412 352398
 -427 8355541
 -427 229077
 -427 226005
 -427 225945
 -348 8388132
 -348 130596
 -348 119588
 -348 119653
 -364 8388244
 -364 65172
 -364 53652
 -364 53691
 -343 8355369
 -343 32297
 -343 13353
 -343 13357
 -264 -392
 -264 -392
 -264 -19848
 -264 -19930
 -321 -449
 -321 -65985
 -321 -67265
 -321 -67276
 -69 -32965
 -69 -98501
 -69 -126405
 -69 -126374
 -105 -33001
 -105 -164073
 -105 -177641
 -105 -177610
 12 -8355828
 12 -229364
 12 -210420
 12 -210305
 -91 -32859
 -91 -229467
 -91 -235611
 -91 -235583
 -170 -42
 -170 -262186
 -170 -266026
 -170 -265993
 -103 -32871
 -103 -295015
 -103 -297319
 -103 -297240
 157 -8388579
 157 -327651
 157 -317667
 157 -317658
 61 -8388547
 61 -327619
 61 -326083
 61 -326044
 -295 -295
 -295 -327975
 -295 -358951
 -295 -358925
 -342 -470
 -342 -459222
 -342 -469462
 -342 -469483
 -369 -33265
 -369 -557553
 -369 -569585
 -369 -569552
 134 -8388474
 134 -589690
 134 -582522
 134 -582475
 86 -8355754
 86 -556970
 86 -526506
 86 -526564
 11 -8388597
 11 -458741
 11 -429813
 11 -429790
 44 -8355668
 44 -360276
 44 -329300
 44 -329342
 20 -8388588
 20 -262124
 20 -255724
 20 -255643
 -148 -20
 -148 -196628
 -148 -204820
 -148 -204816
 57 -8355783
 57 -163783
 57 -163015
 57 -163020
 154 -8388582
 154 -131046
 154 -114406
 154 -114414
 -33 -32801
 -33 -32801
 -33 -51745
 -33 -51755
 98 98
 98 98
 98 11618
 98 11562
 9 32777
 9 32777
 9 56841
 9 56933
 -166 8355802
 -166 98266
 -166 85210
 -166 85160
 -130 8388606
 -130 131070
 -130 113150
 -130 113024
 33 33
 33 131105
 33 145953
 33 146016
 145 32785
 145 163857
 145 174609
 145 174632
 13 32781
 13 163853
 13 189965
 13 189976
 64 192
 64 196800
 64 208064
 64 208087
 57 32953
 57 295097
 57 296377
 57 296439
 128 0
 128 393216
 128 419072
 128 419136
 -117 8355595
 -117 491275
 -117 474891
 -117 474901
 -223 8388385
 -223 458529
 -223 446753
 -223 446731
 -432 8355536
 -432 360144
 -432 360144
 -432 360145
 -374 8388106
 -374 261642
 -374 232714
 -374 232789
 -257 8388351
 -257 130815
 -257 123647
 -257 123586
 -128 8388352
 -128 65280
 -128 55808
 -128 55888
 -72 8355768
 -72 32696
 -72 14776
 -72 14777
 -146 -146
 -146 -146
 -146 -17810
 -146 -17796
 -204 -32844
 -204 -32844
 -204 -63820
 -204 -63857
 -154 -32922
 -154 -98458
 -154 -122778
 -154 -122810
 -31 -32927
 -31 -163999
 -31 -175519
 -31 -175508
 91 -8355749
 91 -229285
 91 -209317
 91 -209299
 -83 -32979
 -83 -229587
 -83 -234451
 -83 -234437
 -74 -202
 -74 -262346
 -74 -264394
 -74 -264355
 29 -8388579
 29 -327651
 29 -295907
 29 -295847
 -103 -32999
 -103 -295143
 -103 -317415
 -103 -317346
 -326 -33094
 -326 -295238
 -326 -325958
 -326 -325947
 -147 -19
 -147 -327699
 -147 -355347
 -147 -355396
 -221 -93
 -221 -458845
 -221 -461917
 -221 -461933
 -210 -32850
 -210 -557138
 -210 -565074
 -210 -565010
 68 -8388412
 68 -589628
 68 -582972
 68 -582914
 -43 -43
 -43 -524331
 -43 -530731
 -43 -530726
 80 -8388400
 80 -458544
 80 -436528
 80 -436588
 14 -8355698
 14 -360306
 14 -335218
 14 -335144
 -43 -32939
 -43 -229547
 -43 -259243
 -43 -259261
 138 -8355830
 138 -229366
 138 -207350
 138 -207295
 198 -8388538
 198 -196538
 198 -165050
 198 -165031
 80 -8388528
 80 -130992
 80 -116912
 80 -116945
 157 -8388579
 157 -65507
 157 -54755
 157 -54702
 203 75
 203 75
 203 8523
 203 8547
 141 32909
 141 32909
 141 54925
 141 54919
 36 36
 36 65572
 36 83748
 36 83737
 32 32928
 32 98464
 32 111008
 32 111059
 -189 8355779
 -189 163779
 -189 143555
 -189 143495
 -56 8388424
 -56 196424
 -56 172872
 -56 172913
 133 32773
 133 163845
 133 189445
 133 189520
 364 364
 364 196972
 364 206188
 364 206166
 164 36
 164 262180
 164 288548
 164 288632
 72 72
 72 393288
 72 412232
 72 412256
 -17 8355695
 -17 491375
 -17 473711
 -17 473622
 -277 8388331
 -277 458475
 -277 449515
 -277 449422
 -367 8388241
 -367 392849
 -367 366481
 -367 366491
 -200 8388536
 -200 262072
 -200 240568
 -200 240612
 -42 8388566
 -42 131030
 -42 128982
 -42 128925
 -245 8388363
 -245 65291
 -245 59147
 -245 59183
 -219 8355621
 -219 32549
 -219 16933
 -219 17005
 -22 -150
 -22 -150
 -22 -15510
 -22 -15557
 -27 -32923
 -27 -32923
 -27 -60315
 -27 -60308
 -142 -32910
 -142 -98446
 -142 -119438
 -142 -119516
 -136 -32776
 -136 -163848
 -136 -173064
 -136 -173155
 -69 -197
 -69 -196805
 -69 -207557
 -69 -207581
 -69 -32837
 -69 -229445
 -69 -232773
 -69 -232721
 -112 -33008
 -112 -229616
 -112 -262128
 -112 -262037
 -147 -19
 -147 -262163
 -147 -293651
 -147 -293646
 -148 -32916
 -148 -295060
 -148 -315796
 -148 -315885
 -16 -32784
 -16 -294928
 -16 -325136
 -16 -325134
 -106 -106
 -106 -327786
 -106 -350826
 -106 -350829
 -133 -32773
 -133 -425989
 -133 -453637
 -133 -453719
 148 -8388460
 148 -589676
 148 -561772
 148 -561678
 -37 -32933
 -37 -557221
 -37 -585893
 -37 -585862
 47 -8355793
 47 -557009
 47 -536785
 47 -536760
 121 -8388359
 121 -458503
 121 -442375
 121 -442449
 18 -8355694
 18 -360302
 18 -339566
 18 -339468
 -117 -117
 -117 -262261
 -117 -262773
 -117 -262694
 53 -8355659
 53 -229195
 53 -210251
 53 -210284
 330 -8388150
 330 -196150
 330 -167990
 330 -168000
 358 -8388122
 358 -130586
 358 -120346
 358 -120437
 -13 -32909
 -13 -32909
 -13 -58765
 -13 -58818
 115 243
 115 243
 115 5363
 115 5317
 208 32976
 208 32976
 208 52944
 208 52933
 59 59
 59 65595
 59 82235
 59 82253
 -20 8388588
 -20 131052
 -20 109292
 -20 109217
 -33 8355807
 -33 163807
 -33 141791
 -33 141718
 18 32914
 18 163986
 18 171410
 18 171518
 129 32897
 129 163969
 129 188545
 129 188557
 201 201
 201 196809
 201 203209
 201 203229
 217 217
 217 262361
 217 280281
 217 280229
 201 201
 201 393417
 201 405193
 201 405228
 73 201
 73 458953
 73 472009
 73 472015
 -171 8388565
 -171 458709
 -171 452565
 -171 452587
 -136 8388600
 -136 393208
 -136 373240
 -136 373152
 -154 8388582
 -154 262118
 -154 248038
 -154 247967
 -190 8355778
 -190 163778
 -190 134082
 -190 134138
 -213 8388523
 -213 65451
 -213 62379
 -213 62386
 42 42
 42 42
 42 18730
 42 18778
 -58 -58
 -58 -58
 -58 -13882
 -58 -13904
 -64 -32832
 -64 -32832
 -64 -57664
 -64 -57690
 -93 -32861
 -93 -98397
 -93 -116317
 -93 -116338
 159 -8388577
 159 -196577
 159 -170977
 159 -171007
 244 -8355724
 244 -229260
 244 -206220
 244 -206260
 17 -8388591
 17 -262127
 17 -231407
 17 -231416
 -25 -32921
 -25 -229529
 -25 -260761
 -25 -260821
 198 -8355770
 198 -294842
 198 -292794
 198 -292856
 153 -8388455
 153 -327527
 153 -316007
 153 -316019
 28 -8388580
 28 -327652
 28 -326116
 28 -326023
 311 -8355529
 311 -360137
 311 -348873
 311 -348900
 303 -8388177
 303 -458321
 303 -447313
 303 -447289
 154 -8388454
 154 -589670
 154 -557158
 154 -557146
 492 -8388244
 492 -589460
 492 -586132
 492 -586193
 375 -8355337
 375 -556553
 375 -540937
 375 -541027
 369 -8388239
 369 -458383
 369 -449935
 369 -449986
 531 -8355181
 531 -359789
 531 -346733
 531 -346746
 674 -8355166
 674 -294238
 674 -267870
 674 -267781
 631 -8355081
 631 -228617
 631 -213769
 631 -213862
 463 -8388145
 463 -196145
 463 -171569
 463 -171598
 538 -8387942
 538 -130406
 538 -125030
 538 -125012
 780 -8387700
 780 -64628
 780 -64372
 780 -64373
 678 -8355162
 678 -32090
 678 -346
 678 -261
 725 33493
 725 33493
 725 48341
 725 48352
 766 766
 766 66302
 766 78078
 766 77993
 864 33760
 864 99296
 864 104672
 864 104638
 946 946
 946 132018
 946 136626
 946 136632
 903 33543
 903 164615
 903 166663
 903 166724
 899 33667
 899 164739
 899 184707
 899 184806
 1039 1167
 1039 197775
 1039 197775
 1039 197883
 1307 1435
 1307 263579
 1307 269467
 1307 269533
 1743 1615
 1743 394831
 1743 394575
 1743 394589
 1566 1694
 1566 460446
 1566 466590
 1566 466586
 1474 34242
 1474 427458
 1474 451522
 1474 451550
 1572 34340
 1572 362020
 1572 374308
 1572 374368
 1677 34317
 1677 230925
 1677 249869
 1677 249890
 2110 2238
 2110 133310
 2110 133566
 2110 133595
 2305 35201
 2305 35201
 2305 58753
 2305 58770
 2210 2082
 2210 2082
 2210 13602
 2210 13641
 2374 -8353338
 2374 -30266
 2374 -19258
 2374 -19288
 2874 -8385606
 2874 -62534
 2874 -62278
 2874 -62216
 2914 -8385566
 2914 -128030
 2914 -120606
 2914 -120635
 3173 -8385307
 3173 -193307
 3173 -176667
 3173 -176758
 3469 -8352371
 3469 -225907
 3469 -214643
 3469 -214552
 3614 -8384866
 3614 -258402
 3614 -240738
 3614 -240756
 3924 -8351916
 3924 -290988
 3924 -270252
 3924 -270284
 4334 -8384274
 4334 -323346
 4334 -302610
 4334 -302632
 4709 -8383899
 4709 -322971
 4709 -327323
 4709 -327301
 4983 -8350857
 4983 -355465
 4983 -338569
 4983 -338581
 5363 -8350605
 5363 -355213
 5363 -359565
 5363 -359679
 5418 -8383062
 5418 -453206
 5418 -454742
 5418 -454754
 5970 -8382510
 5970 -583726
 5970 -568622
 5970 -568680
 6384 -8349584
 6384 -616336
 6384 -604304
 6384 -604308
 7101 -8381507
 7101 -582723
 7101 -563523
 7101 -563561
 7758 -8348082
 7758 -483762
 7758 -476594
 7758 -476649
 7855 -8380753
 7855 -385361
 7855 -374609
 7855 -374607
 8598 -8380010
 8598 -319082
 8598 -295018
 8598 -295023
 9115 -8379493
 9115 -253029
 9115 -241509
 9115 -241500
 9661 -8346179
 9661 -219715
 9661 -200515
 9661 -200494
 10289 -8345551
 10289 -153551
 10289 -156879
 10289 -156841
 10937 -8377799
 10937 -120263
 10937 -98759
 10937 -98757
 11701 -8376907
 11701 -53835
 11701 -35915
 11701 -35911
 12336 12336
 12336 12336
 12336 12336
 12336 12309
 12958 45726
 12958 45726
 12958 41118
 12958 41095
 13922 46818
 13922 46818
 13922 65506
 13922 65487
 14931 15059
 14931 80595
 14931 94675
 14931 94658
 16037 48677
 16037 114213
 16037 122405
 16037 122432
 16884 16756
 16884 147828
 16884 138612
 16884 138511
 18049 17921
 18049 148993
 18049 148225
 18049 148328
 19195 19067
 19195 215675
 19195 212091
 19195 212006
 20552 20552
 20552 348232
 20552 333640
 20552 333691
 21780 21908
 21780 415124
 21780 406932
 21780 406953
 22772 55540
 22772 383220
 22772 392692
 22772 392611
 23880 56776
 23880 318920
 23880 314568
 23880 314500
 25524 58164
 25524 189236
 25524 188212
 25524 188244
 27110 27110
 27110 92646
 27110 66278
 27110 66202
 28880 -8326960
 28880 -3888
 28880 -14896
 28880 -14948
 30680 -8358056
 30680 -34984
 30680 -65448
 30680 -65425
 32308 -8356172
 32308 -98636
 32308 -103244
 32308 -103232
 33957 -8354779
 33957 -162779
 33957 -149979
 33957 -149981
 36019 -8352589
 36019 -226125
 36019 -213325
 36019 -213266
 38074 -8350662
 38074 -289734
 38074 -275142
 38074 -275194
 40276 -8381100
 40276 -320172
 40276 -319404
 40276 -319477
 42703 -8345905
 42703 -350513
 42703 -351793
 42703 -351772
 45022 -8376354
 45022 -380962
 45022 -386850
 45022 -386866
 47642 -8340838
 47642 -410982
 47642 -425574
 47642 -425498
 50126 -8371250
 50126 -441394
 50126 -457778
 50126 -457831
 52906 -8335830
 52906 -471510
 52906 -476630
 52906 -476639
 55932 -8365444
 55932 -501124
 55932 -502404
 55932 -502503
 58700 -8329780
 58700 -596532
 58700 -600628
 58700 -600580
 62008 -8326600
 62008 -724424
 62008 -725448
 62008 -725499
 65244 -8356260
 65244 -754084
 65244 -775588
 65244 -775665
 68754 -8287086
 68754 -750446
 68754 -747374
 68754 -747292
 72615 -8283225
 72615 -681049
 72615 -670297
 72615 -670276
 76283 -8312325
 76283 -579077
 76283 -577029
 76283 -577059
 80188 -8308420
 80188 -509636
 80188 -506308
 80188 -506338
 84254 -8271586
 84254 -472802
 84254 -462306
 84254 -462283
 88347 -8300133
 88347 -435813
 88347 -431717
 88347 -431734
 92779 -8263061
 92779 -398741
 92779 -399253
 92779 -399305
 97669 -8258171
 97669 -328315
 97669 -353659
 97669 -353605
 102360 -8319016
 102360 -323624
 102360 -302632
 102360 -302705
 107130 -8281350
 107130 -285958
 107130 -265990
 107130 -266083
 112146 -8309230
 112146 -248302
 112146 -249838
 112146 -249852
 117791 -8303457
 117791 -242529
 117791 -238689
 117791 -238676
 123444 -8265036
 123444 -204108
 123444 -223308
 123444 -223234
 129475 -8259261
 129475 -198333
 129475 -209085
 129475 -209112
 135474 -8220238
 135474 -224846
 135474 -207182
 135474 -207105
 141516 -8214452
 141516 -219060
 141516 -213684
 141516 -213647
 148207 -8240401
 148207 -179473
 148207 -171537
 148207 -171586
 154928 -8200784
 154928 -74320
 154928 -66128
 154928 -66099
 161808 -8193904
 161808 -1904
 161808 -3952
 161808 -3897
 168716 -8219892
 168716 -27892
 168716 -31220
 168716 -31222
 176180 -8245196
 176180 -118732
 176180 -123340
 176180 -123387
 183841 -8204767
 183841 -274911
 183841 -266463
 183841 -266492
 191978 -8196758
 191978 -397974
 191978 -409494
 191978 -409577
 200331 -8188405
 200331 -520693
 200331 -511733
 200331 -511720
 208861 -8179875
 208861 -577699
 208861 -583331
 208861 -583357
 217816 -8170920
 217816 -634280
 217816 -641960
 217816 -641939
 226798 -8161810
 226798 -690706
 226798 -709138
 226798 -709231
 236014 -8152594
 236014 -812562
 236014 -793106
 236014 -793161
 245578 -8142902
 245578 -868406
 245578 -877622
 245578 -877671
 255762 -8132846
 255762 -923886
 255762 -946158
 255762 -946062
 266019 -8089693
 266019 -1011805
 266019 -1002077
 266019 -1002007
 276314 -8079398
 276314 -1067046
 276314 -1060902
 276314 -1060931
 286996 -8068716
 286996 -1121900
 286996 -1124204
 286996 -1124146
 298202 -8090534
 298202 -1209254
 298202 -1181606
 298202 -1181695
 309850 -8111526
 309850 -1230246
 309850 -1226662
 309850 -1226639
 321701 -8067035
 321701 -1251291
 321701 -1276123
 321701 -1276120
 333486 -8022482
 333486 -1403346
 333486 -1393874
 333486 -1393842
 345859 -8042621
 345859 -1554557
 345859 -1546621
 345859 -1546611
 358542 -8030066
 358542 -1607538
 358542 -1630322
 358542 -1630309
 371720 -8049656
 371720 -1627128
 371720 -1635064
 371720 -1635020
 384989 -8003619
 384989 -1581091
 384989 -1592099
 384989 -1592104
 398332 -7957508
 398332 -1534980
 398332 -1530116
 398332 -1530196
 412240 -7976368
 412240 -1488304
 412240 -1487280
 412240 -1487264
 426568 -7961912
 426568 -1473848
 426568 -1471544
 426568 -1471582
 441195 -7947413
 441195 -1459349
 441195 -1470613
 441195 -1470605
 455954 -7932654
 455954 -1444590
 455954 -1469678
 455954 -1469620
 470725 -7885243
 470725 -1462715
 470725 -1456059
 470725 -1456009
 486147 -7902461
 486147 -1414397
 486147 -1436925
 486147 -1436840
 501863 -7919385
 501863 -1431321
 501863 -1430809
 501863 -1430892
 517525 -7871083
 517525 -1448555
 517525 -1445483
 517525 -1445389
 533788 -7821924
 533788 -1464932
 533788 -1466724
 533788 -1466683
 550544 -7838192
 550544 -1481200
 550544 -1484016
 550544 -1483981
 567096 -7854280
 567096 -1497288
 567096 -1501896
 567096 -1501869
 584205 -7804275
 584205 -1512819
 584205 -1531507
 584205 -1531448
 601538 -7787198
 601538 -1561278
 601538 -1570494
 601538 -1570443
 619061 -7769419
 619061 -1543499
 619061 -1566027
 619061 -1565956
 636868 -7784636
 636868 -1493180
 636868 -1495484
 636868 -1495472
 654775 -7733961
 654775 -1442505
 654775 -1462217
 654775 -1462235
 672946 -7683022
 672946 -1522638
 672946 -1516238
 672946 -1516283
 691059 -7730317
 691059 -1635469
 691059 -1636749
 691059 -1636750
 709562 -7711814
 709562 -1813574
 709562 -1808454
 709562 -1808498
 728119 -7627593
 728119 -1991497
 728119 -1984329
 728119 -1984316
 747151 -7608817
 747151 -2103793
 747151 -2120433
 747151 -2120352
 766485 -7654763
 766485 -2215275
 766485 -2225259
 766485 -2225221
 785666 -7602814
 785666 -2294398
 785666 -2315902
 785666 -2315903
 804565 -7584043
 804565 -2406699
 804565 -2412331
 804565 -2412387
 823963 -7597413
 823963 -2551141
 823963 -2526053
 823963 -2526010
 843391 -7545217
 843391 -2630017
 843391 -2641025
 843391 -2641083
 863033 -7525575
 863033 -2741447
 863033 -2739655
 863033 -2739634
 882612 -7473356
 882612 -2820300
 882612 -2824652
 882612 -2824621
 902237 -7486371
 902237 -2898851
 902237 -2910883
 902237 -2910864
 921981 -7466627
 921981 -3010179
 921981 -3001475
 921981 -3001586
 941660 -7414180
 941660 -3088804
 941660 -3086500
 941660 -3086495
 961055 -7427425
 961055 -3167585
 961055 -3157345
 961055 -3157365
 980498 -7407982
 980498 -3213678
 980498 -3229038
 980498 -3229023
 1000032 -7355808
 1000032 -3358112
 1000032 -3364512
 1000032 -3364519
 1019277 -7369331
 1019277 -3568243
 1019277 -3540851
 1019277 -3540827
 1038706 -7382670
 1038706 -3647118
 1038706 -3650446
 1038706 -3650560
 1057920 -7298048
 1057920 -3693568
 1057920 -3678976
 1057920 -3678975
 1076928 -7311680
 1076928 -3641664
 1076928 -3656512
 1076928 -3656486
 1095545 -7293063
 1095545 -3623047
 1095545 -3610247
 1095545 -3610307
 1113946 -7307302
 1113946 -3571750
 1113946 -3580710
 1113946 -3580791
 1131955 -7256781
 1131955 -3586765
 1131955 -3577549
 1131955 -3577530
 1149841 -7271663
 1149841 -3601647
 1149841 -3587823
 1149841 -3587777
 1167453 -7253923
 1167453 -3583907
 1167453 -3596963
 1167453 -3597006
 1184834 -7203774
 1184834 -3599294
 1184834 -3592382
 1184834 -3592396
 1201822 -7186786
 1201822 -3582306
 1201822 -3578978
 1201822 -3578957
 1218400 -7202848
 1218400 -3598368
 1218400 -3575328
 1218400 -3575298
 1234514 -7186734
 1234514 -3582254
 1234514 -3590446
 1234514 -3590446
 1250165 -7105675
 1250165 -3632267
 1250165 -3611275
 1250165 -3611351
 1265492 -7090348
 1265492 -3616940
 1265492 -3626668
 1265492 -3626670
 1280136 -7141240
 1280136 -3667832
 1280136 -3639928
 1280136 -3639860
 1294170 -7127078
 1294170 -3653670
 1294170 -3661862
 1294170 -3661874
 1307933 -7080675
 1307933 -3672803
 1307933 -3692003
 1307933 -3692029
 1321329 -7034511
 1321329 -3692175
 1321329 -3681935
 1321329 -3681938
 1333520 -7055088
 1333520 -3581680
 1333520 -3599600
 1333520 -3599552
 1345095 -7043513
 1345095 -3570105
 1345095 -3544249
 1345095 -3544315
 1356091 -7065285
 1356091 -3591877
 1356091 -3572933
 1356091 -3572883
 1366492 -7055012
 1366492 -3647140
 1366492 -3665828
 1366492 -3665884
 1375852 -7012756
 1375852 -3801492
 1375852 -3808404
 1375852 -3808500
 1384692 -6971276
 1384692 -3956620
 1384692 -3957900
 1384692 -3958011
 1392807 -6963033
 1392807 -4079449
 1392807 -4066905
 1392807 -4066901
 1400276 -6955564
 1400276 -4137516
 1400276 -4140844
 1400276 -4140885
 1406904 -6948936
 1406904 -4196424
 1406904 -4196168
 1406904 -4196220
 1412494 -7009010
 1412494 -4256498
 1412494 -4253426
 1412494 -4253408
 1417098 -7004278
 1417098 -4317302
 1417098 -4323958
 1417098 -4323906
 1420748 -6967860
 1420748 -4411956
 1420748 -4394292
 1420748 -4394277
 1423663 -6997713
 1423663 -4441809
 1423663 -4446673
 1423663 -4446661
 1425937 -6962671
 1425937 -4472303
 1425937 -4481519
 1425937 -4481530
 1426779 -6994597
 1426779 -4504229
 1426779 -4513957
 1426779 -4513921
 1426529 -6962079
 1426529 -4537247
 1426529 -4547743
 1426529 -4547733
 1425685 -6995563
 1425685 -4570731
 1425685 -4573547
 1425685 -4573480
 1423744 -6997632
 1423744 -4572800
 1423744 -4583552
 1423744 -4583524
 1420543 -6968193
 1420543 -4608897
 1420543 -4589185
 1420543 -4589286
 1416139 -7005365
 1416139 -4646069
 1416139 -4651445
 1416139 -4651462
 1410925 -7010451
 1410925 -4782227
 1410925 -4754835
 1410925 -4754936
 1404801 -6951039
 1404801 -4788351
 1404801 -4794495
 1404801 -4794489
 1397233 -6958735
 1397233 -4730511
 1397233 -4750223
 1397233 -4750217
 1388737 -6999999
 1388737 -4640703
 1388737 -4650175
 1388737 -4650168
 1378918 -7009690
 1378918 -4519322
 1378918 -4521114
 1378918 -4521147
 1367952 -7020656
 1367952 -4399216
 1367952 -4404080
 1367952 -4404055
 1355844 -7065532
 1355844 -4313020
 1355844 -4310460
 1355844 -4310450
 1342699 -7046037
 1342699 -4227989
 1342699 -4228245
 1342699 -4228263
 1328429 -7027411
 1328429 -4143827
 1328429 -4144339
 1328429 -4144273
 1313039 -7075569
 1313039 -4060913
 1313039 -4044017
 1313039 -4043912
 1296386 -7124990
 1296386 -3913726
 1296386 -3932158
 1296386 -3932063
 1279019 -7109589
 1279019 -3832789
 1279019 -3826645
 1279019 -3826593
 1260254 -7095714
 1260254 -3753378
 1260254 -3737506
 1260254 -3737545
 1240268 -7181108
 1240268 -3642164
 1240268 -3653172
 1240268 -3653192
 1219201 -7169407
 1219201 -3564927
 1219201 -3561599
 1219201 -3561516
 1196785 -7191951
 1196785 -3456399
 1196785 -3465359
 1196785 -3465355
 1173497 -7247879
 1173497 -3381255
 1173497 -3375111
 1173497 -3375117
 1149276 -7239204
 1149276 -3307044
 1149276 -3292452
 1149276 -3292536
 1124005 -7231835
 1124005 -3168603
 1124005 -3172443
 1124005 -3172424
 1097489 -7291119
 1097489 -2965743
 1097489 -2976495
 1097489 -2976471
 1070074 -7318662
 1070074 -2796678
 1070074 -2800518
 1070074 -2800600
 1041229 -7347251
 1041229 -2694195
 1041229 -2706739
 1041229 -2706783
 1011735 -7376745
 1011735 -2658153
 1011735 -2678633
 1011735 -2678547
 981428 -7407308
 981428 -2688716
 981428 -2701004
 981428 -2701030
 949742 -7438994
 949742 -2720402
 949742 -2732434
 949742 -2732465
 917500 -7504004
 917500 -2719876
 917500 -2722436
 917500 -2722510
 884321 -7504287
 884321 -2654623
 884321 -2676127
 884321 -2676156
 850009 -7571367
 850009 -2590631
 850009 -2610087
 850009 -2610121
 814954 -7573654
 814954 -2527382
 814954 -2544790
 814954 -2544818
 779006 -7609730
 779006 -2497922
 779006 -2493314
 779006 -2493438
 742537 -7613303
 742537 -2435959
 742537 -2443895
 742537 -2443835
 705226 -7683382
 705226 -2374966
 705226 -2376758
 705226 -2376726
 667230 -7721250
 667230 -2281762
 667230 -2292002
 667230 -2292000
 628616 -7792760
 628616 -2222200
 628616 -2204536
 628616 -2204477
 589098 -7799510
 589098 -2097878
 589098 -2119638
 589098 -2119614
 549169 -7839311
 549169 -2006607
 549169 -2028111
 549169 -2028129
 508470 -7880010
 508470 -1916234
 508470 -1921866
 508470 -1921796
 467174 -7921434
 467174 -1826586
 467174 -1810202
 467174 -1810227
 425294 -7963314
 425294 -1737394
 425294 -1753778
 425294 -1753818
 383175 -8038201
 383175 -1746745
 383175 -1748537
 383175 -1748562
 340690 -8048046
 340690 -1691054
 340690 -1684142
 340690 -1684177
 297729 -8090751
 297729 -1537151
 297729 -1534591
 297729 -1534524
 254840 -8133640
 254840 -1317896
 254840 -1331720
 254840 -1331786
 211235 -8177373
 211235 -1099485
 211235 -1100509
 211235 -1100495
 167378 -8221230
 167378 -881198
 167378 -880686
 167378 -880668
 123324 -8265284
 123324 -663108
 123324 -687428
 123324 -687375
 79150 -8309330
 79150 -510546
 79150 -509778
 79150 -509810
 34626 -8353854
 34626 -358462
 34626 -333374
 34626 -333335
 -9906 -9778
 -9906 -140850
 -9906 -144178
 -9906 -144255
 -54082 8367166
 -54082 44094
 -54082 54078
 -54082 54016
 -98388 8322860
 -98388 261932
 -98388 243244
 -98388 243324
 -142680 8213160
 -142680 414376
 -142680 411560
 -142680 411625
 -186312 8235064
 -186312 567352
 -186312 569912
 -186312 569975
 -229707 8158773
 -229707 753205
 -229707 731445
 -229707 731489
 -273219 8115389
 -273219 906429
 -273219 894141
 -273219 894086
 -315960 8105416
 -315960 1027528
 -315960 1046472
 -315960 1046485
 -358156 7997684
 -358156 1181940
 -358156 1185268
 -358156 1185167
 -400022 7988586
 -400022 1369450
 -400022 1350250
 -400022 1350199
 -441361 7947247
 -441361 1590255
 -441361 1588463
 -441361 1588402
 -482703 7906033
 -482703 1811185
 -482703 1809905
 -482703 1809892
 -523234 7898142
 -523234 1934366
 -523234 1947678
 -523234 1947655
 -563067 7858181
 -563067 2025477
 -563067 2014213
 -563067 2014296
 -602545 7786063
 -602545 2018895
 -602545 2025807
 -602545 2025736
 -641154 7780350
 -641154 2013182
 -641154 2018814
 -641154 2018780
 -679350 7676490
 -679350 2040394
 -679350 2046282
 -679350 2046268
 -716566 7671914
 -716566 2101354
 -716566 2105706
 -716566 2105712
 -752973 7602867
 -752973 2163379
 -752973 2181299
 -752973 2181291
 -788964 7566876
 -788964 2258460
 -788964 2252828
 -788964 2252849
 -823951 7564657
 -823951 2321777
 -823951 2305649
 -823951 2305641
 -858137 7530343
 -858137 2352999
 -858137 2350695
 -858137 2350672
 -891511 7529737
 -891511 2417929
 -891511 2407177
 -891511 2407248
 -924018 7464590
 -924018 2483854
 -924018 2477710
 -924018 2477786
 -955702 7465546
 -955702 2550346
 -955702 2547018
 -955702 2546944
 -986725 7401755
 -986725 2617627
 -986725 2609179
 -986725 2609251
 -1016308 7405068
 -1016308 2686476
 -1016308 2672140
 -1016308 2672224
 -1044842 7376534
 -1044842 2723478
 -1044842 2744726
 -1044842 2744759
 -1072854 7282986
 -1072854 2826538
 -1072854 2819882
 -1072854 2819950
 -1099912 7288824
 -1099912 2832376
 -1099912 2842616
 -1099912 2842533
 -1125700 7262908
 -1125700 2806460
 -1125700 2804668
 -1125700 2804624
 -1150329 7271047
 -1150329 2814599
 -1150329 2811783
 -1150329 2811785
 -1174049 7214559
 -1174049 2889183
 -1174049 2898911
 -1174049 2898824
 -1196462 7159378
 -1196462 3030610
 -1196462 3038034
 -1196462 3037998
 -1217972 7203404
 -1217972 3205708
 -1217972 3204940
 -1217972 3204970
 -1238648 7149832
 -1238648 3348744
 -1238648 3358984
 -1238648 3359091
 -1257955 7098013
 -1257955 3493533
 -1257955 3482525
 -1257955 3482599
 -1276303 7112305
 -1276303 3573361
 -1276303 3586161
 -1276303 3586072
 -1293405 7095075
 -1293405 3687203
 -1293405 3683107
 -1293405 3683102
 -1309167 7112337
 -1309167 3770001
 -1309167 3788433
 -1309167 3788451
 -1324150 7064330
 -1324150 3918602
 -1324150 3899914
 -1324150 3899962
 -1337913 7017927
 -1337913 4003271
 -1337913 3999943
 -1337913 3999942
 -1350761 7037719
 -1350761 4088599
 -1350761 4076311
 -1350761 4076348
 -1362499 7026109
 -1362499 4142525
 -1362499 4140221
 -1362499 4140202
 -1372892 7015844
 -1372892 4197796
 -1372892 4204196
 -1372892 4204251
 -1382057 6973783
 -1382057 4286807
 -1382057 4267095
 -1382057 4267083
 -1390465 6998271
 -1390465 4311295
 -1390465 4317951
 -1390465 4317890
 -1397689 6958279
 -1397689 4336839
 -1397689 4353735
 -1397689 4353687
 -1403637 6952331
 -1403637 4396427
 -1403637 4412299
 -1403637 4412370
 -1408657 6947311
 -1408657 4522479
 -1408657 4544495
 -1408657 4544507
 -1412728 6975752
 -1412728 4681992
 -1412728 4661768
 -1412728 4661792
 -1415873 7005631
 -1415873 4711871
 -1415873 4691903
 -1415873 4691854
 -1417772 7003604
 -1417772 4644308
 -1417772 4646868
 -1417772 4646817
 -1418683 6969925
 -1418683 4545093
 -1418683 4544837
 -1418683 4544808
 -1418517 6969963
 -1418517 4414059
 -1418517 4420459
 -1418517 4420428
 -1417314 6971166
 -1417314 4349726
 -1417314 4329246
 -1417314 4329340
 -1415234 6973374
 -1415234 4286398
 -1415234 4271038
 -1415234 4271094
 -1412214 7009162
 -1412214 4256650
 -1412214 4229002
 -1412214 4229113
 -1408224 6980512
 -1408224 4162464
 -1408224 4183712
 -1408224 4183696
 -1403393 6985087
 -1403393 4101503
 -1403393 4118143
 -1403393 4118043
 -1397692 6991044
 -1397692 4041924
 -1397692 4043716
 -1397692 4043699
 -1391101 6997635
 -1391101 3982979
 -1391101 3980675
 -1391101 3980700
 -1383686 6972026
 -1383686 3957370
 -1383686 3932282
 -1383686 3932217
 -1375698 7013038
 -1375698 3867310
 -1375698 3883182
 -1375698 3883176
 -1366566 7022042
 -1366566 3810778
 -1366566 3826394
 -1366566 3826311
 -1356537 7064839
 -1356537 3788039
 -1356537 3770375
 -1356537 3770399
 -1346455 7074921
 -1346455 3732585
 -1346455 3725161
 -1346455 3725085
 -1335592 7020120
 -1335592 3677784
 -1335592 3684184
 -1335592 3684202
 -1323828 7064780
 -1323828 3591372
 -1323828 3593676
 -1323828 3593638
 -1311543 7077065
 -1311543 3472585
 -1311543 3440841
 -1311543 3440867
 -1298291 7123085
 -1298291 3321997
 -1298291 3331725
 -1298291 3331796
 -1284492 7104244
 -1284492 3303156
 -1284492 3303924
 -1284492 3303825
 -1270355 7118253
 -1270355 3317165
 -1270355 3330733
 -1270355 3330715
 -1255868 7132740
 -1255868 3397188
 -1255868 3388484
 -1255868 3388478
 -1240784 7147952
 -1240784 3412400
 -1240784 3435952
 -1240784 3435984
 -1225101 7196275
 -1225101 3460723
 -1225101 3454323
 -1225101 3454320
 -1209157 7179451
 -1209157 3443899
 -1209157 3454139
 -1209157 3454122
 -1192893 7195843
 -1192893 3460291
 -1192893 3448771
 -1192893 3448815
 -1175954 7245422
 -1175954 3444334
 -1175954 3453038
 -1175954 3452952
 -1158668 7262580
 -1158668 3461492
 -1158668 3466612
 -1158668 3466515
 -1141349 7247131
 -1141349 3446043
 -1141349 3472667
 -1141349 3472643
 -1123753 7264855
 -1123753 3463767
 -1123753 3458135
 -1123753 3458102
 -1105774 7282834
 -1105774 3416210
 -1105774 3431570
 -1105774 3431676
 -1087319 7333929
 -1087319 3401769
 -1087319 3407657
 -1087319 3407664
 -1068820 7319660
 -1068820 3387500
 -1068820 3385964
 -1068820 3385881
 -1050247 7305721
 -1050247 3373561
 -1050247 3355897
 -1050247 3355838
 -1031595 7389909
 -1031595 3326677
 -1031595 3313365
 -1031595 3313399
 -1012353 7343615
 -1012353 3280383
 -1012353 3292415
 -1012353 3292398
 -993111 7362601
 -993111 3364905
 -993111 3345449
 -993111 3345534
 -974021 7447355
 -974021 3384123
 -974021 3393851
 -974021 3393862
 -954844 7433892
 -954844 3370660
 -954844 3361444
 -954844 3361515
 -935716 7452764
 -935716 3258460
 -935716 3257436
 -935716 3257433
 -916650 7471958
 -916650 3081046
 -916650 3100246
 -916650 3100204
 -897171 7524205
 -897171 2936685
 -897171 2918509
 -897171 2918515
 -877464 7478376
 -877464 2759784
 -877464 2767208
 -877464 2767223
 -858111 7497729
 -858111 2648065
 -858111 2651137
 -858111 2651236
 -838694 7549786
 -838694 2569050
 -838694 2555994
 -838694 2556024
 -819494 7601882
 -819494 2490074
 -819494 2462170
 -819494 2462153
 -800424 7588312
 -800424 2345432
 -800424 2352344
 -800424 2352308
 -781530 7607078
 -781530 2233126
 -781530 2235942
 -781530 2236005
 -762416 7658960
 -762416 2153936
 -762416 2132176
 -762416 2132214
 -743472 7612240
 -743472 2041680
 -743472 2045776
 -743472 2045728
 -724864 7663744
 -724864 1962112
 -724864 1962880
 -724864 1962986
 -706440 7714936
 -706440 1882232
 -706440 1875576
 -706440 1875577
 -687999 7667713
 -687999 1769473
 -687999 1791233
 -687999 1791322
 -669708 7686132
 -669708 1722356
 -669708 1720052
 -669708 1719951
 -651994 7736742
 -651994 1641894
 -651994 1656486
 -651994 1656511
 -634331 7787045
 -634331 1561125
 -634331 1549605
 -634331 1549629
 -616655 7739185
 -616655 1382193
 -616655 1378097
 -616655 1378136
 -599241 7756727
 -599241 1268663
 -599241 1249207
 -599241 1249222
 -582333 7806403
 -582333 1187267
 -582333 1207235
 -582333 1207214
 -565162 7856342
 -565162 1237206
 -565162 1224406
 -565162 1224324
 -548669 7807043
 -548669 1253443
 -548669 1274179
 -548669 1274151
 -532344 7823496
 -532344 1335432
 -532344 1317000
 -532344 1317037
 -516240 7872496
 -516240 1318896
 -516240 1334000
 -516240 1333954
 -500378 7888358
 -500378 1334758
 -500378 1333222
 -500378 1333220
 -485144 7870568
 -485144 1316968
 -485144 1329000
 -485144 1328966
 -469858 7885854
 -469858 1332254
 -469858 1336094
 -469858 1336157
 -454971 7966405
 -454971 1347269
 -454971 1355461
 -454971 1355394
 -440318 7981058
 -440318 1361922
 -440318 1369602
 -440318 1369676
 -425808 7962672
 -425808 1343536
 -425808 1364528
 -425808 1364579
 -411693 7976787
 -411693 1357651
 -411693 1348691
 -411693 1348698
 -397949 7957891
 -397949 1338755
 -397949 1336707
 -397949 1336814
 -384622 8003858
 -384622 1319186
 -384622 1328914
 -384622 1328912
 -371504 8017104
 -371504 1332432
 -371504 1314512
 -371504 1314454
 -358780 8029828
 -358780 1279620
 -358780 1288068
 -358780 1288071
 -346299 8042309
 -346299 1292101
 -346299 1280581
 -346299 1280587
 -334040 8054568
 -334040 1369896
 -334040 1350696
 -334040 1350683
 -322076 8099300
 -322076 1414628
 -322076 1425380
 -322076 1425384
 -310473 8111031
 -310473 1426359
 -310473 1421239
 -310473 1421220
 -299168 8089440
 -299168 1339232
 -299168 1341792
 -299168 1341718
 -288430 8067538
 -288430 1186258
 -288430 1206738
 -288430 1206706
 -277667 8111069
 -277667 1033181
 -277667 1044957
 -277667 1044866
 -266942 8089026
 -266942 945602
 -266942 918722
 -266942 918693
 -256934 8164570
 -256934 824538
 -256934 830938
 -256934 830960
 -247286 8174090
 -247286 768522
 -247286 764426
 -247286 764518
 -237547 8183957
 -237547 712853
 -237547 700565
 -237547 700553
 -228194 8127646
 -228194 591006
 -228194 620958
 -228194 621031
 -219365 8136603
 -219365 534427
 -219365 534427
 -219365 534480
 -210358 8145610
 -210358 477898
 -210358 460490
 -210358 460431
 -201913 8154055
 -201913 420807
 -201913 405191
 -201913 405192
 -193786 8194822
 -193786 330502
 -193786 354310
 -193786 354415
 -185813 8235691
 -185813 305835
 -185813 298923
 -185813 298904
 -178152 8243352
 -178152 247960
 -178152 245656
 -178152 245757
 -170748 8217988
 -170748 222596
 -170748 205444
 -170748 205536
 -163539 8225069
 -163539 164141
 -163539 174893
 -163539 174965
 -156831 8231905
 -156831 105441
 -156831 104929
 -156831 104843
 -150075 -182843
 -150075 -51771
 -150075 -34107
 -150075 -34156
 -143511 -143511
 -143511 -143511
 -143511 -134551
 -143511 -134614
 -137033 -137033
 -137033 -137033
 -137033 -147017
 -137033 -146982
 -130821 -130949
 -130821 -130949
 -130821 -99973
 -130821 -100035
 -125036 -92396
 -125036 -26860
 -125036 -18668
 -125036 -18635
 -119617 8301631
 -119617 44095
 -119617 58943
 -119617 58953
 -114487 8306889
 -114487 114889
 -114487 109769
 -114487 109795
 -109295 8279313
 -109295 152849
 -109295 141841
 -109295 141945
 -104251 8317125
 -104251 190661
 -104251 168901
 -104251 168863
 -99103 8289377
 -99103 228449
 -99103 206433
 -99103 206375
 -94506 8293974
 -94506 233046
 -94506 256342
 -94506 256309
 -90280 8298328
 -90280 302936
 -90280 302424
 -90280 302395
 -86242 8269598
 -86242 339742
 -86242 328990
 -86242 329067
 -82127 8273841
 -82127 343985
 -82127 343217
 -82127 343172
 -78178 8277662
 -78178 347806
 -78178 360094
 -78178 360115
 -74575 8314033
 -74575 384177
 -74575 381617
 -74575 381572
 -70841 8284999
 -70841 420679
 -70841 396871
 -70841 396824
 -67286 8288682
 -67286 424362
 -67286 399274
 -67286 399358
 -63778 8324702
 -63778 394846
 -63778 417374
 -63778 417364
 -60535 8360841
 -60535 496521
 -60535 513161
 -60535 513185
 -57791 8330945
 -57791 597697
 -57791 617921
 -57791 617893
 -54937 8366439
 -54937 633191
 -54937 643943
 -54937 643856
 -52597 8336011
 -52597 602763
 -52597 592523
 -52597 592532
 -50005 8338475
 -50005 474155
 -50005 484907
 -50005 484907
 -47322 8341286
 -47322 345894
 -47322 347686
 -47322 347672
 -44665 8376711
 -44665 250247
 -44665 241799
 -44665 241891
 -42354 8378894
 -42354 186894
 -42354 175374
 -42354 175472
 -40122 8348614
 -40122 156614
 -40122 131526
 -40122 131534
 -38098 8350510
 -38098 92974
 -38098 90926
 -38098 90967
 -36146 8385102
 -36146 62030
 -36146 34638
 -36146 34674
 -34070 -1302
 -34070 -1302
 -34070 -30230
 -34070 -30321
 -32430 -32302
 -32430 -97838
 -32430 -84526
 -32430 -84521
 -30700 -63468
 -30700 -129004
 -30700 -120300
 -30700 -120255
 -28915 -28915
 -28915 -159987
 -28915 -151027
 -28915 -150949
 -27527 -60167
 -27527 -191239
 -27527 -186631
 -27527 -186724
 -26020 -26020
 -26020 -222628
 -26020 -220580
 -26020 -220611
 -24588 -57356
 -24588 -253964
 -24588 -242956
 -24588 -242948
 -23271 -55911
 -23271 -252519
 -23271 -255079
 -23271 -255085
 -22029 -54925
 -22029 -317069
 -22029 -303245
 -22029 -303274
 -20991 -20863
 -20991 -414079
 -20991 -424063
 -20991 -423985
 -19526 -52294
 -19526 -511046
 -19526 -513862
 -19526 -513849
 -18323 -51091
 -18323 -509843
 -18323 -515475
 -18323 -515466
 -17304 -50072
 -17304 -443288
 -17304 -455832
 -17304 -455817
 -16297 -16169
 -16297 -343849
 -16297 -360233
 -16297 -360246
 -15345 -15345
 -15345 -277489
 -15345 -266481
 -15345 -266405
 -14323 -14195
 -14323 -210803
 -14323 -200307
 -14323 -200302
 -13544 -13416
 -13544 -144488
 -13544 -154728
 -13544 -154723
 -12916 -45684
 -12916 -111220
 -12916 -115060
 -12916 -114980
 -12245 -12245
 -12245 -77781
 -12245 -65749
 -12245 -65665
 -11264 -11264
 -11264 -11264
 -11264 -4096
 -11264 -3993
 -10758 8377850
 -10758 54778
 -10758 54778
 -10758 54691
 -10360 8345352
 -10360 87816
 -10360 93448
 -10360 93471
 -9751 8378857
 -9751 121321
 -9751 118249
 -9751 118155
 -9110 8346730
 -9110 154730
 -9110 144746
 -9110 144683
 -8505 8380103
 -8505 188103
 -8505 175815
 -8505 175747
 -8039 8347673
 -8039 221209
 -8039 201241
 -8039 201341
 -7650 8348190
 -7650 221726
 -7650 214302
 -7650 214355
 -6988 8381620
 -6988 255156
 -6988 238516
 -6988 238534
 -6426 8349286
 -6426 353894
 -6426 339558
 -6426 339496
 -6238 8382242
 -6238 452386
 -6238 454690
 -6238 454722
 -5968 8382512
 -5968 518192
 -5968 492080
 -5968 492085
 -5667 8382941
 -5667 453085
 -5667 450781
 -5667 450799
 -5435 8350405
 -5435 355013
 -5435 354501
 -5435 354486
 -5153 8350559
 -5153 224095
 -5153 224607
 -5153 224566
 -4994 8383742
 -4994 126206
 -4994 122622
 -4994 122526
 -4591 8384145
 -4591 61073
 -4591 60305
 -4591 60391
 -4062 8351778
 -4062 28706
 -4062 21794
 -4062 21811
 -3823 -3695
 -3823 -3695
 -3823 -12399
 -3823 -12385
 -3735 -36503
 -3735 -36503
 -3735 -62359
 -3735 -62436
 -3531 -36171
 -3531 -101707
 -3531 -122699
 -3531 -122657
 -3449 -36345
 -3449 -167417
 -3449 -173049
 -3449 -173044
 -3132 -3260
 -3132 -199868
 -3132 -204476
 -3132 -204530
 -3059 -35827
 -3059 -232435
 -3059 -230387
 -3059 -230346
 -2797 -35565
 -2797 -232173
 -2797 -261613
 -2797 -261631
 -2662 -2662
 -2662 -264806
 -2662 -292454
 -2662 -292427
 -2448 -35216
 -2448 -297360
 -2448 -311696
 -2448 -311738
 -2386 -35282
 -2386 -297426
 -2386 -320210
 -2386 -320160
 -2172 -34940
 -2172 -362620
 -2172 -360572
 -2172 -360463
 -2118 -2246
 -2118 -460998
 -2118 -475334
 -2118 -475329
 -2071 -34967
 -2071 -559255
 -2071 -566167
 -2071 -566237
 -2083 -34851
 -2083 -559139
 -2083 -569635
 -2083 -569626
 -1748 -34516
 -1748 -493268
 -1748 -509908
 -1748 -509828
 -1319 -1447
 -1319 -394663
 -1319 -412327
 -1319 -412360
 -1527 -34167
 -1527 -296311
 -1527 -314487
 -1527 -314428
 -1452 -34220
 -1452 -230828
 -1452 -244396
 -1452 -244369
 -1144 -33912
 -1144 -164984
 -1144 -195960
 -1144 -195844
 -1274 -1146
 -1274 -132218
 -1274 -153978
 -1274 -153883
 -1181 -33821
 -1181 -99357
 -1181 -103709
 -1181 -103786
 -1167 -33807
 -1167 -33807
 -1167 -40719
 -1167 -40733
 -1016 8354952
 -1016 31880
 -1016 20616
 -1016 20729
 -836 8387772
 -836 64700
 -836 62652
 -836 62670
 -987 8354853
 -987 97317
 -987 89381
 -987 89421
 -1129 8387479
 -1129 129943
 -1129 117655
 -1129 117657
 -934 8354906
 -934 162906
 -934 150618
 -934 150578
 -769 8387839
 -769 195839
 -769 178431
 -769 178371
 -767 8387969
 -767 195969
 -767 192641
 -767 192699
 -694 8355274
 -694 228810
 -694 214730
 -694 214719
 -460 8388276
 -460 327348
 -460 311732
 -460 311750
 -268 8388340
 -268 458484
 -268 431604
 -268 431495
 -559 8355281
 -559 490961
 -559 476881
 -559 476896
 -486 8388122
 -486 458266
 -486 440858
 -486 440902
 -834 8354878
 -834 359486
 -834 347454
 -834 347510
 -970 8354998
 -970 228534
 -970 217782
 -970 217848
 -866 8387614
 -866 130078
 -866 113950
 -866 114030
 -508 8388228
 -508 65156
 -508 50820
 -508 50832
 -479 8355361
 -479 32289
 -479 12065
 -479 12111
 -563 -691
 -563 -691
 -563 -20659
 -563 -20660
 -709 -709
 -709 -66245
 -709 -68805
 -709 -68807
 -582 -33350
 -582 -98886
 -582 -128838
 -582 -128798
 -540 -33308
 -540 -164380
 -540 -179740
 -540 -179810
 -615 -743
 -615 -197351
 -615 -211431
 -615 -211431
 -284 -33052
 -284 -229660
 -284 -236316
 -284 -236324
 -269 -269
 -269 -262413
 -269 -266509
 -269 -266577
 -454 -33222
 -454 -295366
 -454 -297414
 -454 -297407
 -358 -33254
 -358 -295398
 -358 -317670
 -358 -317650
 -319 -33087
 -319 -295231
 -319 -325695
 -319 -325634
 -419 -33059
 -419 -360739
 -419 -361251
 -419 -361320
 -562 -562
 -562 -459314
 -562 -472626
 -562 -472655
 -535 -33303
 -535 -557591
 -535 -567831
 -535 -567810
 -147 -32787
 -147 -557075
 -147 -576275
 -147 -576301
 34 -8388574
 34 -524254
 34 -518622
 34 -518651
 -75 -75
 -75 -393291
 -75 -422475
 -75 -422481
 -459 -33227
 -459 -295371
 -459 -324043
 -459 -324047
 -213 -32981
 -213 -229589
 -213 -252117
 -213 -252136
 -102 -230
 -102 -196838
 -102 -201958
 -102 -201976
 -144 -144
 -144 -131216
 -144 -159632
 -144 -159649
 -375 -33271
 -375 -98807
 -375 -109559
 -375 -109526
 -311 -33079
 -311 -33079
 -311 -46903
 -311 -46915
 -68 8355644
 -68 32572
 -68 15164
 -68 15112
 -291 8388189
 -291 65117
 -291 58717
 -291 58727
 -534 8355306
 -534 97770
 -534 86506
 -534 86428
 -390 8388346
 -390 130810
 -390 114426
 -390 114327
 -298 8355542
 -298 163542
 -298 147158
 -298 147144
 -201 8388407
 -201 196407
 -201 175159
 -201 175179
 -253 8388483
 -253 196483
 -253 190339
 -253 190431
 -74 8355638
 -74 229174
 -74 211254
 -74 211205
 47 32943
 47 295087
 47 303791
 47 303864
 70 198
 70 393414
 70 424134
 70 424154
 11 139
 11 458891
 11 473227
 11 473329
 -91 8388517
 -91 458661
 -91 440997
 -91 441042
 -382 8355330
 -382 359938
 -382 352770
 -382 352853
 -539 8355173
 -539 228709
 -539 225381
 -539 225351
 -413 8388195
 -413 130659
 -413 118883
 -413 118827
 -152 8388584
 -152 65512
 -152 53480
 -152 53476
 -250 8355590
 -250 32518
 -250 13318
 -250 13432
 -405 -405
 -405 -405
 -405 -19605
 -405 -19595
 -289 -417
 -289 -65953
 -289 -66721
 -289 -66806
 -420 -33188
 -420 -98724
 -420 -125860
 -420 -125827
 -367 -33263
 -367 -164335
 -367 -177391
 -367 -177287
 -234 -106
 -234 -196714
 -234 -209770
 -234 -209788
 -151 -32791
 -151 -229399
 -151 -235031
 -151 -235070
 -255 -127
 -255 -262271
 -255 -265087
 -255 -265064
 -299 -33067
 -299 -295211
 -299 -296235
 -299 -296304
 -296 -33192
 -296 -295336
 -296 -317096
 -296 -317149
 -129 -32769
 -129 -294913
 -129 -325377
 -129 -325462
 -504 -504
 -504 -328184
 -504 -357368
 -504 -357276
 -676 -676
 -676 -459428
 -676 -466340
 -676 -466336
 -316 -33084
 -316 -557372
 -316 -566076
 -316 -566070
 -97 -32993
 -97 -557281
 -97 -579553
 -97 -579543
 -12 -12
 -12 -524300
 -12 -524812
 -12 -524815
 49 -8388559
 49 -458703
 49 -429263
 49 -429277
 60 -8355780
 60 -360388
 60 -328900
 60 -328901
 -98 -32994
 -98 -229602
 -98 -255202
 -98 -255169
 -127 -255
 -127 -196863
 -127 -204543
 -127 -204495
 249 -8355719
 249 -163719
 249 -162439
 249 -162459
 -51 -32947
 -51 -98483
 -51 -113331
 -51 -113346
 -125 -33021
 -125 -33021
 -125 -51197
 -125 -51174
 -86 8355626
 -86 32554
 -86 11306
 -86 11329
 -239 8388497
 -239 65425
 -239 55953
 -239 56033
 -205 8355635
 -205 98099
 -205 84531
 -205 84481
 -4 8388476
 -4 130940
 -4 112252
 -4 112152
 -27 8355813
 -27 163813
 -27 144869
 -27 144853
 -108 8388500
 -108 196500
 -108 173460
 -108 173511
 -172 8388564
 -172 196564
 -172 189396
 -172 189361
 -261 8355579
 -261 229115
 -261 207611
 -261 207552
 138 32906
 138 295050
 138 295050
 138 295161
 220 220
 220 393436
 220 418268
 220 418208
 -67 8355773
 -67 491453
 -67 474045
 -67 473987
 -114 8388494
 -114 458638
 -114 446094
 -114 446134
 -217 8355751
 -217 360359
 -217 359591
 -217 359656
 -400 8388336
 -400 261872
 -400 232432
 -400 232363
 -547 8387933
 -547 130397
 -547 123485
 -547 123475
 -445 8388163
 -445 65091
 -445 56131
 -445 56143
 -74 8355638
 -74 32566
 -74 14902
 -74 14874
 -79 -79
 -79 -79
 -79 -17743
 -79 -17737
 -109 -32877
 -109 -32877
 -109 -63597
 -109 -63501
 -242 -32882
 -242 -98418
 -242 -122482
 -242 -122469
 -444 -33212
 -444 -164284
 -444 -175036
 -444 -175065
 -467 -339
 -467 -196947
 -467 -208979
 -467 -209010
 -420 -33188
 -420 -229796
 -420 -233892
 -420 -233981
 -391 -391
 -391 -262535
 -391 -263303
 -391 -263391
 -170 -42
 -170 -262186
 -170 -294698
 -170 -294722
 -251 -32891
 -251 -295035
 -251 -316283
 -251 -316163
 -42 -32938
 -42 -295082
 -42 -325546
 -42 -325608
 -256 -256
 -256 -327936
 -256 -355328
 -256 -355307
 -393 -265
 -393 -459017
 -393 -461065
 -393 -461122
 -336 -33232
 -336 -557520
 -336 -562384
 -336 -562408
 -320 -33088
 -320 -557376
 -320 -578368
 -320 -578431
 -145 -145
 -145 -524433
 -145 -526481
 -145 -526530
 138 -8388470
 138 -458614
 138 -434806
 138 -434724
 48 -8355792
 48 -360400
 48 -334288
 48 -334320
 -187 -32955
 -187 -229563
 -187 -258747
 -187 -258712
 -206 -78
 -206 -196686
 -206 -206926
 -206 -206966
 -84 -32980
 -84 -164052
 -84 -164820
 -84 -164859
 68 -8388540
 68 -131004
 68 -116668
 68 -116670
 115 -8388493
 115 -65421
 115 -54669
 115 -54739
 -83 8355629
 -83 32557
 -83 8237
 -83 8207
 25 32921
 25 32921
 25 53913
 25 53989
 -159 8355681
 -159 98145
 -159 82529
 -159 82456
 -183 8388553
 -183 131017
 -183 110025
 -183 110026
 -86 8355754
 -86 163754
 -86 142762
 -86 142830
 -203 8388405
 -203 196405
 -203 172085
 -203 172116
 -24 8388584
 -24 196584
 -24 188648
 -24 188613
 183 55
 183 196663
 183 205367
 183 205413
 90 90
 90 262234
 90 288602
 90 288631
 -67 8355645
 -67 425789
 -67 412477
 -67 412516
 -202 8355638
 -202 491318
 -202 473398
 -202 473386
 -196 8388540
 -196 458684
 -196 449980
 -196 449984
 -372 8388236
 -372 392844
 -372 366732
 -372 366814
 -216 8388392
 -216 261928
 -216 239144
 -216 239156
 -212 8388524
 -212 130988
 -212 127916
 -212 127921
 -236 8388500
 -236 65428
 -236 58516
 -236 58580
 -197 8355771
 -197 32699
 -197 16571
 -197 16627
 -214 -214
 -214 -214
 -214 -15318
 -214 -15321
 -30 -32926
 -30 -32926
 -30 -59806
 -30 -59892
 -49 -32945
 -49 -98481
 -49 -118705
 -49 -118759
 -302 -33070
 -302 -164142
 -302 -172590
 -302 -172626
 -240 -240
 -240 -196848
 -240 -207600
 -240 -207607
 -242 -33010
 -242 -229618
 -242 -232946
 -242 -232912
 -262 -390
 -262 -262534
 -262 -262278
 -262 -262394
 -214 -214
 -214 -262358
 -214 -293846
 -214 -293872
 -165 -32933
 -165 -295077
 -165 -315557
 -165 -315560
 -274 -33042
 -274 -295186
 -274 -324114
 -274 -324222
 -434 -434
 -434 -328114
 -434 -348082
 -434 -348124
 -480 -33248
 -480 -426464
 -480 -447712
 -480 -447721
 -309 -437
 -309 -524725
 -309 -556469
 -309 -556520
 -14 -32910
 -14 -557198
 -14 -583310
 -14 -583351
 54 -8355786
 54 -557002
 54 -535754
 54 -535783
 104 -8388504
 104 -458648
 104 -442520
 104 -442617
 211 -8355757
 211 -360365
 211 -339373
 211 -339404
 153 -8355815
 153 -294887
 153 -262375
 153 -262308
 -197 -69
 -197 -196677
 -197 -209989
 -197 -210028
 -163 -32931
 -163 -164003
 -163 -167843
 -163 -167859
 17 -8388591
 17 -131055
 17 -120303
 17 -120250
 48 -8388560
 48 -65488
 48 -58832
 48 -58836
 -170 8355670
 -170 32598
 -170 4950
 -170 4913
 -202 8388534
 -202 65462
 -202 52150
 -202 52096
 -53 8355659
 -53 98123
 -53 81227
 -53 81157
 -69 8388411
 -69 130875
 -69 108603
 -69 108568
 -161 8355679
 -161 163679
 -161 141151
 -161 141110
 -379 8388229
 -379 196229
 -379 170117
 -379 170129
 -140 8388596
 -140 196596
 -140 187380
 -140 187380
 -13 8355827
 -13 229363
 -13 201971
 -13 201885
 200 200
 200 262344
 200 277960
 200 277904
 220 220
 220 393436
 220 405724
 220 405644
 41 169
 41 458921
 41 475049
 41 475055
 -212 8388524
 -212 458668
 -212 455340
 -212 455422
 -187 8388549
 -187 393157
 -187 373701
 -187 373637
 -241 8388495
 -241 262031
 -241 247183
 -241 247224
 -225 8355743
 -225 163743
 -225 133279
 -225 133278
 -243 8388365
 -243 65293
 -243 61453
 -243 61485
 -138 8355702
 -138 32630
 -138 18550
 -138 18514
 -219 -91
 -219 -91
 -219 -13403
 -219 -13431
 -226 -32994
 -226 -32994
 -226 -57058
 -226 -56964
 -245 -32885
 -245 -98421
 -245 -115829
 -245 -115782
 -411 -33179
 -411 -164251
 -411 -170395
 -411 -170440
 -256 -128
 -256 -196736
 -256 -206208
 -256 -206188
 -363 -33259
 -363 -229867
 -363 -231147
 -363 -231115
 -302 -33070
 -302 -229678
 -302 -260142
 -302 -260167
 -277 -277
 -277 -262421
 -277 -291605
 -277 -291703
 -192 -32832
 -192 -294976
 -192 -314432
 -192 -314436
 0 -8388608
 0 -327680
 0 -324352
 0 -324231
 -170 -42
 -170 -327722
 -170 -347690
 -170 -347670
 -538 -33306
 -538 -426522
 -538 -444954
 -538 -444929
 -389 -261
 -389 -524549
 -389 -552965
 -389 -552976
 40 -8388440
 40 -589656
 40 -582488
 40 -582506
 25 -8355687
 25 -556903
 25 -539495
 25 -539409
 -41 -32937
 -41 -426153
 -41 -448937
 -41 -448965
 218 -8355750
 218 -360358
 218 -344998
 218 -345001
 99 -8355613
 99 -294685
 99 -265501
 99 -265572
 -206 -206
 -206 -196814
 -206 -211662
 -206 -211663
 -71 -32839
 -71 -163911
 -71 -169543
 -71 -169565
 -53 -32949
 -53 -98485
 -53 -123317
 -53 -123309
 -56 -32824
 -56 -32824
 -56 -63032
 -56 -62990
 24 24
 24 24
 24 1048
 24 1146
 31 32927
 31 32927
 31 50591
 31 50615
 11 139
 11 65675
 11 80523
 11 80636
 -229 8388507
 -229 130971
 -229 107163
 -229 107206
 -155 8355685
 -155 163685
 -155 138853
 -155 138794
 41 32809
 41 163881
 41 168745
 41 168826
 -82 8388526
 -82 196526
 -82 187054
 -82 187066
 -154 8355814
 -154 229350
 -154 201446
 -154 201463
 -123 8355589
 -123 294661
 -123 274181
 -123 274212
 145 17
 145 393233
 145 399889
 145 399968
 1 1
 1 458753
 1 469761
 1 469881
 -193 8388543
 -193 458687
 -193 452799
 -193 452796
 -402 8388206
 -402 392814
 -402 377966
 -402 377940
 -454 8388154
 -454 261690
 -454 256058
 -454 256125
 -477 8355363
 -477 163363
 -477 140067
 -477 140053
 -300 8355540
 -300 98004
 -300 65748
 -300 65759
 -237 8355731
 -237 32659
 -237 20627
 -237 20693
 -93 -93
 -93 -93
 -93 -11869
 -93 -11870
 -248 -32888
 -248 -32888
 -248 -54136
 -248 -54104
 -281 -33049
 -281 -98585
 -281 -111385
 -281 -111406
 -268 -33036
 -268 -164108
 -268 -165900
 -268 -165929
 -229 -101
 -229 -196709
 -229 -203365
 -229 -203308
 -137 -32777
 -137 -229385
 -137 -229897
 -137 -229916
 -165 -32805
 -165 -229413
 -165 -259365
 -165 -259379
 -145 -17
 -145 -262161
 -145 -291089
 -145 -291080
 -315 -33211
 -315 -295355
 -315 -314043
 -315 -314021
 -380 -33148
 -380 -295292
 -380 -323708
 -380 -323605
 -48 -176
 -48 -327856
 -48 -344240
 -48 -344268
 -139 -32907
 -139 -426123
 -139 -439179
 -139 -439251
 -256 -256
 -256 -524544
 -256 -551936
 -256 -551867
 -186 -32826
 -186 -557114
 -186 -584250
 -186 -584275
 -14 -142
 -14 -524430
 -14 -539790
 -14 -539865
 -10 -32906
 -10 -426122
 -10 -452490
 -10 -452501
 214 -8355754
 214 -360362
 214 -351146
 214 -351196
 215 -8355753
 215 -294825
 215 -271017
 215 -270996
 82 -8355630
 82 -229166
 82 -215854
 82 -215890
 -63 -32959
 -63 -164031
 -63 -172479
 -63 -172482
 174 -8388434
 174 -130898
 174 -125010
 174 -125024
 102 -8388506
 102 -65434
 102 -64922
 102 -64969
 74 -8355638
 74 -32566
 74 -1846
 74 -1849
 -160 8388448
 -160 65376
 -160 46944
 -160 46892
 -146 8355694
 -146 98158
 -146 77166
 -146 77174
 21 32917
 21 98453
 21 104341
 21 104397
 -41 8355799
 -41 163799
 -41 137431
 -41 137470
 -90 8388518
 -90 196518
 -90 168614
 -90 168624
 -102 8388506
 -102 196506
 -102 187290
 -102 187381
 34 34
 34 196642
 34 200226
 34 200217
 89 89
 89 262233
 89 267865
 89 267844
 -100 8355612
 -100 425756
 -100 393244
 -100 393318
 36 36
 36 458788
 36 468772
 36 468855
 -57 8388551
 -57 458695
 -57 456135
 -57 456157
 -335 8388145
 -335 392753
 -335 382513
 -335 382465
 -344 8355368
 -344 294440
 -344 262440
 -344 262493
 -153 8355687
 -153 163687
 -153 144999
 -153 144943
 -58 8355654
 -58 98118
 -58 68422
 -58 68352
 -1 8355839
 -1 32767
 -1 22527
 -1 22525
 -373 -373
 -373 -373
 -373 -10613
 -373 -10570
 -175 -32943
 -175 -32943
 -175 -53423
 -175 -53409
 -305 -33201
 -305 -98737
 -305 -110257
 -305 -110263
 -535 -33303
 -535 -164375
 -535 -164375
 -535 -164396
 -118 -246
 -118 -196854
 -118 -201462
 -118 -201362
 50 -8355790
 50 -229326
 50 -227534
 50 -227485
 -161 -32801
 -161 -229409
 -161 -256801
 -161 -256779
 -364 -364
 -364 -262508
 -364 -289644
 -364 -289649
 -192 -32960
 -192 -295104
 -192 -314304
 -192 -314335
 -129 -32897
 -129 -295041
 -129 -323969
 -129 -324054
 -365 -493
 -365 -328173
 -365 -340973
 -365 -340918
 -498 -33266
 -498 -426482
 -498 -430322
 -498 -430316
 -44 -172
 -44 -524460
 -44 -546220
 -44 -546185
 167 -8388569
 167 -589785
 167 -584409
 167 -584354
 165 -8355803
 165 -557019
 165 -543195
 165 -543226
 229 -8388507
 229 -458651
 229 -458651
 229 -458632
 207 -8355633
 207 -360241
 207 -356657
 207 -356726
 -34 -34
 -34 -262178
 -34 -274466
 -34 -274542
 -133 -5
 -133 -196613
 -133 -218629
 -133 -218636
 -178 -32946
 -178 -164018
 -178 -174770
 -178 -174764
 46 -8388562
 46 -131026
 46 -128466
 46 -128475
 235 -8355605
 235 -98069
 235 -69141
 235 -69215
 -184 -56
 -184 -56
 -184 -5432
 -184 -5477
 -341 8388267
 -341 65195
 -341 44459
 -341 44535
 15 15
 15 65551
 15 75791
 15 75865
 151 32919
 151 98455
 151 102807
 151 102788
 24 152
 24 131224
 24 135064
 24 135163
 28 32924
 28 163996
 28 167068
 28 167090
 118 33014
 118 164086
 118 186870
 118 186752
 64 64
 64 196672
 64 198464
 64 198493
 45 32941
 45 229549
 45 260269
 45 260290
 130 32898
 130 360578
 130 385922
 130 386004
 -117 8355595
 -117 491275
 -117 467979
 -117 467983
 -232 8355608
 -232 491288
 -232 460056
 -232 460148
 -462 8388274
 -462 392882
 -462 388530
 -462 388590
 -296 8355416
 -296 294488
 -296 270424
 -296 270367
 -148 8355820
 -148 163820
 -148 151020
 -148 151033
 -112 8355600
 -112 98064
 -112 71952
 -112 72054
 -40 8355800
 -40 32728
 -40 24792
 -40 24751
 -160 -160
 -160 -160
 -160 -8608
 -160 -8588
 -346 -33242
 -346 -33242
 -346 -49882
 -346 -49818
 -304 -33200
 -304 -98736
 -304 -105904
 -304 -105965
 -397 -269
 -397 -131341
 -397 -161293
 -397 -161328
 -250 -122
 -250 -196730
 -250 -200314
 -250 -200234
 110 -8355602
 110 -229138
 110 -226578
 110 -226651
 10 -8388470
 10 -262006
 10 -255606
 10 -255565
 -313 -313
 -313 -262457
 -313 -288057
 -313 -288100
 -202 -32970
 -202 -295114
 -202 -313546
 -202 -313546
 -34 -32802
 -34 -294946
 -34 -324642
 -34 -324614
 -221 -221
 -221 -327901
 -221 -339677
 -221 -339694
 -396 -268
 -396 -393484
 -396 -424204
 -396 -424314
 -169 -169
 -169 -524457
 -169 -541609
 -169 -541580
 -25 -32921
 -25 -557209
 -25 -585113
 -25 -585106
 -68 -68
 -68 -524356
 -68 -547396
 -68 -547401
 97 -8355743
 97 -491423
 97 -463775
 97 -463761
 -34 -32802
 -34 -360482
 -34 -361506
 -34 -361555
 -100 -228
 -100 -262372
 -100 -277988
 -100 -277965
 -84 -212
 -84 -196820
 -84 -220884
 -84 -220873
 30 -8388578
 30 -196578
 30 -176866
 30 -176838
 61 -8388419
 61 -130883
 61 -130883
 61 -130853
 -37 -37
 -37 -65573
 -37 -72741
 -37 -72825
 77 -8355635
 77 -32563
 77 -9267
 77 -9282
 296 33192
 296 33192
 296 42152
 296 42122
 84 84
 84 65620
 84 74324
 84 74360
 -19 8388589
 -19 131053
 -19 101357
 -19 101261
 -109 8355731
 -109 163731
 -109 133523
 -109 133604
 -122 8388358
 -122 196358
 -122 165638
 -122 165746
 -167 8388569
 -167 196569
 -167 185817
 -167 185853
 72 200
 72 196808
 72 196808
 72 196756
 190 32830
 190 229438
 190 253246
 190 253252
 118 32886
 118 360566
 118 378742
 118 378748
 -197 8355771
 -197 491451
 -197 465851
 -197 465903
 -252 8355588
 -252 491268
 -252 462084
 -252 462122
 -132 8355708
 -132 425852
 -132 393852
 -132 393854
 -189 8355651
 -189 294723
 -189 278595
 -189 278651
 -96 8355744
 -96 163744
 -96 157600
 -96 157668
 -58 8355654
 -58 98118
 -58 76358
 -58 76310
 -133 8355835
 -133 32763
 -133 27387
 -133 27326
 -99 -227
 -99 -227
 -99 -6627
 -99 -6651
 -383 -33279
 -383 -33279
 -383 -46847
 -383 -46810
 -321 -33089
 -321 -98625
 -321 -102209
 -321 -102152
 -19 -147
 -19 -131219
 -19 -157843
 -19 -157927
 -334 -462
 -334 -197070
 -334 -197838
 -334 -197788
 -291 -291
 -291 -196899
 -291 -224803
 -291 -224881
 -57 -32953
 -57 -229561
 -57 -253369
 -57 -253400
 -44 -172
 -44 -262316
 -44 -285868
 -44 -285902
 -71 -32967
 -71 -295111
 -71 -312263
 -71 -312269
 -25 -32793
 -25 -294937
 -25 -323865
 -25 -323868
 -28 -156
 -28 -327836
 -28 -336796
 -28 -336877
 -381 -509
 -381 -393725
 -381 -415997
 -381 -415962
 -290 -290
 -290 -524578
 -290 -535586
 -290 -535564
 8 -8388472
 8 -589688
 8 -586104
 8 -586072
 21 -8355691
 21 -556907
 21 -552811
 21 -552782
 10 -8355702
 10 -491382
 10 -471414
 10 -471317
 151 -8388585
 151 -393193
 151 -368361
 151 -368336
 227 -8355741
 227 -294813
 227 -282525
 227 -282621
 -78 -206
 -78 -196814
 -78 -223950
 -78 -223956
 -158 -32926
 -158 -163998
 -158 -179614
 -158 -179634
 -36 -164
 -36 -131236
 -36 -133796
 -36 -133842
 72 -8355640
 72 -98104
 72 -76088
 72 -76126
 -202 -74
 -202 -74
 -202 -12618
 -202 -12656
 -193 8388415
 -193 65343
 -193 39743
 -193 39789
 1 1
 1 65537
 1 72705
 1 72831
 -131 8388477
 -131 130941
 -131 99453
 -131 99333
 -74 8355766
 -74 163766
 -74 131254
 -74 131210
 -281 8355559
 -281 163559
 -281 163815
 -281 163767
 -168 8388568
 -168 196568
 -168 185304
 -168 185240
 86 32982
 86 164054
 86 196566
 86 196588
 -13 8388595
 -13 262131
 -13 248563
 -13 248488
 -2 8388478
 -2 393086
 -2 371582
 -2 371534
 -152 8355688
 -152 491368
 -152 462696
 -152 462603
 -263 8355577
 -263 491257
 -263 464377
 -263 464315
 -477 8355491
 -477 425635
 -477 399523
 -477 399494
 -445 8355523
 -445 294595
 -445 286659
 -445 286604
 -373 8355467
 -373 163467
 -373 163723
 -373 163785
 -247 8355593
 -247 98057
 -247 79625
 -247 79632
 -464 8355376
 -464 32304
 -464 29488
 -464 29458
 -189 -61
 -189 -61
 -189 -4413
 -189 -4474
 -215 -32855
 -215 -32855
 -215 -43607
 -215 -43613
 -218 -218
 -218 -65754
 -218 -98266
 -218 -98230
 -128 -256
 -128 -131328
 -128 -155136
 -128 -155022
 -31 -32799
 -31 -163871
 -31 -196383
 -31 -196409
 -27 -155
 -27 -196763
 -27 -223387
 -27 -223419
 -19 -32915
 -19 -229523
 -19 -251027
 -19 -251103
 -302 -302
 -302 -262446
 -302 -283438
 -302 -283420
 -268 -33036
 -268 -295180
 -268 -310540
 -268 -310555
 -70 -32838
 -70 -294982
 -70 -323398
 -70 -323402
 -287 -287
 -287 -327967
 -287 -335647
 -287 -335660
 -398 -270
 -398 -393486
 -398 -410638
 -398 -410729
 -385 -385
 -385 -524673
 -385 -530561
 -385 -530637
 -204 -32844
 -204 -557132
 -204 -584524
 -204 -584478
 -59 -187
 -59 -524475
 -59 -553915
 -59 -553930
 50 -8355662
 50 -491342
 50 -475214
 50 -475228
 -55 -32823
 -55 -360503
 -55 -373559
 -55 -373587
 24 -8355816
 24 -294888
 24 -286696
 24 -286640
 -48 -48
 -48 -196656
 -48 -226608
 -48 -226664
 -162 -32802
 -162 -163874
 -162 -182050
 -162 -182133
 25 -8355687
 25 -163687
 25 -137319
 25 -137224
 -67 -195
 -67 -65731
 -67 -80323
 -67 -80381
 -149 -149
 -149 -149
 -149 -16533
 -149 -16560
 152 32920
 152 32920
 152 37272
 152 37295
 142 142
 142 65678
 142 71054
 142 71066
 45 45
 45 65581
 45 97581
 45 97641
 -77 8388531
 -77 130995
 -77 129203
 -77 129216
 -68 8355644
 -68 163644
 -68 162364
 -68 162318
 83 32851
 83 163923
 83 184659
 83 184581
 -21 8388459
 -21 196459
 -21 195691
 -21 195626
 70 32966
 70 229574
 70 234182
 -25 -32793
 -25 -229401
 -25 -245785
 -25 -245886
 -55 -55
 -55 -262199
 -55 -278327
 -55 -278274
 -341 -33237
 -341 -295381
 -341 -307413
 -341 -307344
 -414 -33182
 -414 -295326
 -414 -322718
 -414 -322777
 -318 -446
 -318 -328126
 -318 -331710
 -318 -331649
 -305 -33073
 -305 -360753
 -305 -390961
 -305 -390960
 -299 -33067
 -299 -491819
 -299 -511787
 -299 -511835
 -341 -33237
 -341 -557525
 -341 -582357
 -341 -582351
 -162 -32802
 -162 -557090
 -162 -564770
 -162 -564784
 -127 -32895
 -127 -491647
 -127 -492671
 -127 -492545
 -45 -32813
 -45 -360493
 -45 -391469
 -45 -391547
 -188 -32828
 -188 -294972
 -188 -299836
 -188 -299843
 -221 -32989
 -221 -229597
 -221 -235741
 -221 -235732
 -161 -32929
 -161 -164001
 -161 -189345
 -161 -189381
 -46 -46
 -46 -131118
 -46 -145966
 -46 -146024
 -84 -212
 -84 -65748
 -84 -91092
 -84 -91052
 -108 -108
 -108 -108
 -108 -27244
 -108 -27227
 123 123
 123 123
 123 29307
 123 29280
 91 219
 91 65755
 91 66267
 91 66194
 168 168
 168 65704
 168 92840
 168 92897
 123 32891
 123 98427
 123 123515
 123 123506
 138 10
 138 131082
 138 156938
 138 156975
 84 32852
 84 163924
 84 182100
 84 182098
 8 32776
 8 163848
 8 194056
 8 194062
 26 154
 26 196762
 26 228250
 26 228228
 88 216
 88 327896
 88 341464
 88 341401
 -213 8388395
 -213 458539
 -213 448811
 -213 448772
 -382 8355458
 -382 491138
 -382 470914
 -382 470984
 -56 8355656
 -56 425800
 -56 418888
 -56 418879
 -128 8388352
 -128 327424
 -128 317440
 -128 317523
 -406 8388202
 -406 196202
 -406 191594
 -406 191544
 -284 8355428
 -284 97892
 -284 96612
 -284 96591
 2 32898
 2 32898
 2 39042
 2 39133
 27 155
 27 155
 27 2715
 27 2786
 -344 -33112
 -344 -33112
 -344 -33368
 -344 -33391
 -300 -428
 -300 -65964
 -300 -84908
 -300 -84979
 -200 -200
 -200 -131272
 -200 -142792
 -200 -142772
 -146 -32786
 -146 -163858
 -146 -188178
 -146 -188227
 -167 -39
 -167 -196647
 -167 -217127
 -167 -217094
 -2 -32770
 -2 -229378
 -2 -244226
 -2 -244295
 -224 -96
 -224 -262240
 -224 -276576
 -224 -276556
 -227 -32867
 -227 -295011
 -227 -306275
 -227 -306182
 -180 -32820
 -180 -294964
 -180 -322356
 -180 -322382
 -293 -293
 -293 -327973
 -293 -330277
 -293 -330307
 -500 -33268
 -500 -360948
 -500 -384244
 -500 -384205
 -377 -33273
 -377 -492025
 -377 -505081
 -377 -504986
 -187 -32827
 -187 -557115
 -187 -581947
 -187 -581926
 -143 -32911
 -143 -557199
 -143 -568975
 -143 -568986
 -167 -32807
 -167 -491559
 -167 -497959
 -167 -497980
 -116 -244
 -116 -393460
 -116 -397300
 -116 -397239
 75 -8388405
 75 -327477
 75 -304181
 75 -304207
 66 -8388542
 66 -262078
 66 -238782
 66 -238789
 116 -8388364
 116 -196364
 116 -192012
 116 -192016
 42 -8355798
 42 -163798
 42 -148950
 42 -148916
 -244 -244
 -244 -65780
 -244 -94708
 -244 -94644
 -25 -153
 -25 -153
 -25 -30873
 -25 -30916
 20 148
 20 148
 20 26772
 20 26874
 51 32819
 51 32819
 51 64819
 51 64844
 -147 8355821
 -147 98285
 -147 91373
 -147 91337
 -123 8388357
 -123 130821
 -123 121093
 -123 121194
 -11 8355701
 -11 163701
 -11 154485
 -11 154424
 -154 8388454
 -154 196454
 -154 180070
 -154 179983
 -306 8388302
 -306 196302
 -306 193486
 -306 193496
 -31 8355681
 -31 229217
 -31 225889
 -31 225808
 170 170
 170 327850
 170 335018
 170 335100
 -28 8388452
 -28 458596
 -28 443748
 -28 443770
 -281 8355431
 -281 491111
 -281 471143
 -281 471070
 -313 8355527
 -313 425671
 -313 424391
 -313 424331
 -368 8388112
 -368 327184
 -368 324880
 -368 324932
 -344 8355496
 -344 229032
 -344 197032
 -344 197028
 -214 8388394
 -214 130858
 -214 100394
 -214 100384
 -48 8388560
 -48 65488
 -48 41936
 -48 41885
 73 201
 73 201
 73 5065
 73 5045
 -130 -130
 -130 -130
 -130 -29826
 -130 -29833
 -279 -407
 -279 -65943
 -279 -81303
 -279 -81285
 -344 -344
 -344 -131416
 -344 -140376
 -344 -140353
 -352 -33120
 -352 -164192
 -352 -187488
 -352 -187415
 -335 -335
 -335 -196943
 -335 -216911
 -335 -216922
 -98 -32866
 -98 -229474
 -98 -242786
 -98 -242747
 -394 -266
 -394 -262410
 -394 -274186
 -394 -274230
 -546 -33314
 -546 -295458
 -546 -304162
 -546 -304175
 -150 -32918
 -150 -295062
 -150 -321174
 -150 -321250
 -314 -442
 -314 -328122
 -314 -329402
 -314 -329394
 -503 -33271
 -503 -360951
 -503 -379383
 -503 -379297
 -517 -33285
 -517 -492037
 -517 -498437
 -517 -498512
 -179 -32947
 -179 -557235
 -179 -579763
 -179 -579791
 82 -8388398
 82 -589614
 82 -572718
 82 -572731
 71 -8388537
 71 -524217
 71 -504505
 71 -504504
 268 -8355572
 268 -425716
 268 -402932
 268 -402931
 301 -8388307
 301 -327379
 301 -308179
 301 -308197
 110 -8388370
 110 -261906
 110 -241170
 110 -241230
 -46 -32814
 -46 -163886
 -46 -193582
 -46 -193614
 -233 -105
 -233 -131177
 -233 -151913
 -233 -151809
 -206 -32974
 -206 -98510
 -206 -99790
 -206 -99750
 -93 -32861
 -93 -32861
 -93 -35421
 -93 -35433
 -234 8355734
 -234 32662
 -234 24726
 -234 24806
 -195 8388541
 -195 65469
 -195 64445
 -195 64493
 -9 8355703
 -9 98167
 -9 90487
 -9 90481
 117 32885
 117 98421
 117 119413
 117 119377
 159 159
 159 131231
 159 152479
 159 152573
 -136 8388472
 -136 196472
 -136 179064
 -136 178979
 -56 8388424
 -56 196424
 -56 192328
 -56 192364
 32 32
 32 196640
 32 220192
 32 220278
 9 32777
 9 294921
 9 325897
 9 325915
 -214 8388394
 -214 458538
 -214 439594
 -214 439569
 -284 8355428
 -284 491108
 -284 472932
 -284 472916
 -276 8388204
 -276 458348
 -276 429164
 -276 429087
 -353 8355487
 -353 360095
 -353 332959
 -353 333008
 -373 8355339
 -373 228875
 -373 205323
 -373 205386
 -443 8388293
 -443 130757
 -443 105413
 -443 105431
 -221 8388387
 -221 65315
 -221 44835
 -221 44821
 -220 8355620
 -220 32548
 -220 6948
 -220 6997
 -261 -389
 -261 -389
 -261 -27269
 -261 -27358
 -277 -277
 -277 -65813
 -277 -77333
 -277 -77384
 -222 -222
 -222 -131294
 -222 -136926
 -222 -136940
 -192 -32960
 -192 -164032
 -192 -185536
 -192 -185576
 49 -8355791
 49 -229327
 49 -215503
 49 -215499
 -328 -33096
 -328 -229704
 -328 -240968
 -328 -240934
 -411 -411
 -411 -262555
 -411 -272027
 -411 -272029
 -172 -32812
 -172 -294956
 -172 -302124
 -172 -302204
 -241 -32881
 -241 -295025
 -241 -320113
 -241 -320042
 -360 -488
 -360 -328168
 -360 -328168
 -360 -328107
 -269 -33037
 -269 -360717
 -269 -373261
 -269 -373338
 -385 -257
 -385 -459009
 -385 -490753
 -385 -490767
 -245 -32885
 -245 -557173
 -245 -577141
 -245 -577044
 -209 -32849
 -209 -557137
 -209 -574801
 -209 -574808
 37 -8388571
 37 -524251
 37 -510427
 37 -510344
 10 -8355830
 10 -425974
 10 -410614
 10 -410539
 -48 -32816
 -48 -294960
 -48 -313904
 -48 -313924
 24 -8388584
 24 -262120
 24 -244968
 24 -244990
 -44 -32812
 -44 -163884
 -44 -196396
 -44 -196474
 125 -8355715
 125 -163715
 125 -154243
 125 -154329
 -25 -32793
 -25 -98329
 -25 -102681
 -25 -102690
 -125 -33021
 -125 -33021
 -125 -39165
 -125 -39163
 50 50
 50 50
 50 21298
 50 21360
 174 32942
 174 32942
 174 62638
 174 62689
 -12 8355828
 -12 98292
 -12 89588
 -12 89511
 99 32867
 99 98403
 99 118115
 99 118122
 192 192
 192 131264
 192 150720
 192 150769
 -107 8388501
 -107 196501
 -107 177557
 -107 177660
 -38 8388570
 -38 196570
 -38 191706
 -38 191667
 240 112
 240 196720
 240 216944
 240 216941
 273 33169
 273 295313
 273 318609
 273 318679
 146 32786
 146 426002
 146 434962
 146 435046
 -164 8355676
 -164 491356
 -164 474204
 -164 474163
 -273 8388335
 -273 458479
 -273 433903
 -273 433850
 -87 8355625
 -87 360233
 -87 339753
 -87 339764
 -202 8355638
 -202 229174
 -202 212022
 -202 212034
 -165 8388571
 -165 131035
 -165 110043
 -165 110001
 -195 8388541
 -195 65469
 -195 47549
 -195 47606
 -269 8355571
 -269 32499
 -269 8947
 -269 8839
 -91 -91
 -91 -91
 -91 -25179
 -91 -25110
 -330 -458
 -330 -65994
 -330 -74442
 -330 -74437
 -464 -464
 -464 -131536
 -464 -133584
 -464 -133627
 -403 -33171
 -403 -164243
 -403 -183187
 -403 -183275
 -317 -317
 -317 -196925
 -317 -214077
 -317 -214112
 -158 -32926
 -158 -229534
 -158 -239518
 -158 -239552
 -379 -379
 -379 -262523
 -379 -270203
 -379 -270099
 -317 -33213
 -317 -295357
 -317 -300221
 -317 -300202
 -216 -32984
 -216 -295128
 -216 -319448
 -216 -319391
 -355 -33251
 -355 -295395
 -355 -327651
 -355 -327607
 -304 -33200
 -304 -360880
 -304 -368048
 -304 -368009
 -171 -171
 -171 -458923
 -171 -483243
 -171 -483315
 -92 -32988
 -92 -557276
 -92 -574428
 -92 -574339
 -44 -32812
 -44 -557100
 -44 -576044
 -44 -576060
 7 -8388473
 7 -524153
 7 -514937
 7 -514888
 78 -8355762
 78 -425906
 78 -416946
 78 -416898
 62 -8388546
 62 -327618
 62 -319170
 62 -319111
 -37 -32933
 -37 -229541
 -37 -248485
 -37 -248534
 -140 -140
 -140 -196748
 -140 -199308
 -140 -199375
 54 -8355658
 54 -163658
 54 -157258
 54 -157259
 40 -8388440
 40 -130904
 40 -106840
 40 -106807
 -33 -32929
 -33 -32929
 -33 -43681
 -33 -43721
 -100 8355612
 -100 32540
 -100 17948
 -100 17966
 -180 8388428
 -180 65356
 -180 60748
 -180 60721
 -267 8355573
 -267 98037
 -267 87797
 -267 87781
 -114 8388494
 -114 130958
 -114 116110
 -114 116184
 70 70
 70 131142
 70 149062
 70 149088
 24 32920
 24 163992
 24 176792
 24 176852
 -248 8388488
 -248 196488
 -248 191112
 -248 191197
 -69 8355771
 -69 229307
 -69 213179
 -69 213199
 -58 8388422
 -58 327494
 -58 310086
 -58 310077
 -75 8388405
 -75 458549
 -75 429109
 -75 429068
 -172 8355668
 -172 491348
 -172 473940
 -172 473954
 -233 8388503
 -233 458647
 -233 437655
 -233 437670
 -355 8355485
 -355 360093
 -355 347549
 -355 347596
 -488 8355352
 -488 228888
 -488 220696
 -488 220764
 -461 8388275
 -461 130739
 -461 115635
 -461 115650
 -295 8388313
 -295 65241
 -295 51161
 -295 51074
 -30 8355682
 -30 32610
 -30 11618
 -30 11522
 -123 -123
 -123 -123
 -123 -21883
 -123 -21829
 -460 -332
 -460 -65868
 -460 -69964
 -460 -69982
 -423 -33191
 -423 -98727
 -423 -129447
 -423 -129475
 -372 -33140
 -372 -164212
 -372 -180596
 -372 -180564
 -402 -402
 -402 -197010
 -402 -212626
 -402 -212649
 -295 -33063
 -295 -229671
 -295 -237863
 -295 -237841
 -418 -418
 -418 -262562
 -418 -267938
 -418 -267940
 -429 -33197
 -429 -295341
 -429 -298669
 -429 -298702
 -312 -33080
 -312 -295224
 -312 -319032
 -312 -319095
 -312 -33208
 -312 -295352
 -312 -327352
 -312 -327332
 -413 -33053
 -413 -360733
 -413 -363805
 -413 -363892
 -299 -299
 -299 -459051
 -299 -476715
 -299 -476737
 -107 -32875
 -107 -557163
 -107 -571499
 -107 -571486
 278 -8388202
 278 -589418
 278 -578666
 278 -578586
 64 -8388416
 64 -524096
 64 -519744
 64 -519807
 -231 -103
 -231 -393319
 -231 -423527
 -231 -423536
 18 -8388462
 18 -327534
 18 -324462
 18 -324468
 4 -8388604
 4 -262140
 4 -251900
 4 -251846
 -354 -482
 -354 -197090
 -354 -201698
 -354 -201689
 -240 -112
 -240 -131184
 -240 -159344
 -240 -159325
 122 -8388358
 122 -130822
 122 -109574
 122 -109667
 205 -8388531
 205 -65459
 205 -46771
 205 -46744
 220 92
 220 92
 220 15196
 220 15172
 91 32859
 91 32859
 91 58459
 91 58486
 109 237
 109 65773
 109 85997
 109 85905
 139 32779
 139 98315
 139 113931
 139 113968
 -37 8355803
 -37 163803
 -37 147163
 -37 147125
 -16 8388464
 -16 196464
 -16 175472
 -16 175410
 4 32772
 4 163844
 4 190212
 4 190221
 -92 8355620
 -92 229156
 -92 209444
 -92 209452
 -49 8388559
 -49 327631
 -49 300751
 -49 300796
 -80 8355760
 -80 425904
 -80 422576
 -80 422626
 -122 8355590
 -122 491270
 -122 474118
 -122 474131
 -168 8388568
 -168 458712
 -168 443096
 -168 443080
 -178 8355662
 -178 360270
 -178 355662
 -178 355639
 -222 8355746
 -222 229282
 -222 228514
 -222 228602
 -353 8388255
 -353 130719
 -353 120735
 -353 120782
 -411 8388197
 -411 65125
 -411 54117
 -411 54110
 -198 8355642
 -198 32570
 -198 13370
 -198 13332
 -179 -179
 -179 -179
 -179 -20147
 -179 -20140
 -196 -196
 -196 -65732
 -196 -67268
 -196 -67326
 -104 -33000
 -104 -98536
 -104 -126184
 -104 -126156
 -106 -33002
 -106 -164074
 -106 -178154
 -106 -178088
 -226 -98
 -226 -196706
 -226 -211554
 -226 -211514
 -365 -33133
 -365 -229741
 -365 -236909
 -365 -236813
 -214 -214
 -214 -262358
 -214 -266710
 -214 -266626
 -83 -32979
 -83 -295123
 -83 -297427
 -83 -297463
 10 -8388470
 10 -327542
 10 -318070
 10 -318042
 49 -8388431
 49 -327503
 49 -326479
 49 -326491
 -140 -12
 -140 -327692
 -140 -358924
 -140 -358977
 -348 -476
 -348 -459228
 -348 -468444
 -348 -468370
 -253 -32893
 -253 -557181
 -253 -567933
 -253 -567814
 -106 -33002
 -106 -557290
 -106 -579818
 -106 -579829
 234 -8355734
 234 -556950
 234 -524694
 234 -524798
 12 -8388596
 12 -458740
 12 -430324
 12 -430239
