 417 -8355423
 417 -97887
 417 -75103
 417 -75050
 213 -8388395
 213 -65323
 213 -50731
 213 -50812
 -114 -114
 -114 -114
 -114 -17266
 -114 -17241
 -133 8355707
 -133 32635
 -133 20603
 -133 20595
 219 32987
 219 32987
 219 58587
 219 58573
 118 118
 118 65654
 118 97654
 118 97655
 133 5
 133 131077
 133 139781
 133 139776
 264 33160
 264 164232
 264 177544
 264 177638
 393 265
 393 196873
 393 204553
 393 204558
 232 104
 232 196712
 232 218728
 232 218628
 147 147
 147 196755
 147 225683
 147 225788
 193 32961
 193 229569
 193 230849
 193 230795
 -45 8388435
 -45 261971
 -45 234323
 -45 234362
 -77 8388403
 -77 261939
 -77 234547
 -77 234551
 -77 8388403
 -77 261939
 -77 231475
 -77 231425
 278 406
 278 197014
 278 226966
 278 227042
 206 206
 206 196814
 206 221134
 206 221139
 43 171
 43 196779
 43 213419
 43 213377
 -136 8355704
 -136 229240
 -136 204664
 -136 204632
 -265 8388343
 -265 196343
 -265 195063
 -265 195013
 -173 8388563
 -173 196563
 -173 182739
 -173 182739
 -52 8388556
 -52 196556
 -52 166092
 -52 166085
 0 128
 0 131200
 0 145792
 0 145857
 250 33018
 250 98554
 250 124410
 250 124396
 32 32928
 32 98464
 32 102560
 32 102653
 -497 8355471
 -497 97935
 -497 79247
 -497 79280
 -94 8388386
 -94 65314
 -94 53026
 -94 53082
 88 216
 88 216
 88 19416
 88 19401
 266 -8355446
 266 -32374
 266 -19574
 266 -19490
 122 -8388358
 122 -65286
 122 -55046
 122 -55127
 12 -8355828
 12 -98292
 12 -83956
 12 -83922
 -27 -32795
 -27 -98331
 -27 -107291
 -27 -107370
 -4 -32772
 -4 -98308
 -4 -123652
 -4 -123694
 46 -8388562
 46 -131026
 46 -130002
 46 -129991
 50 -8388558
 50 -131022
 50 -129998
 50 -129969
 46 -8388562
 46 -131026
 46 -125394
 46 -125387
 147 -8388461
 147 -130925
 147 -116589
 147 -116570
 191 -8388417
 191 -130881
 191 -105793
 191 -105757
 414 -8355426
 414 -97890
 414 -93794
 414 -93795
 459 -8355381
 459 -97845
 459 -78133
 459 -78139
 -24 -32792
 -24 -32792
 -24 -54296
 -24 -54331
 119 -8355593
 119 -32521
 119 -21001
 119 -21017
 366 494
 366 494
 366 17134
 366 17118
 423 33063
 423 33063
 423 54823
 423 54808
 253 253
 253 65789
 253 93693
 253 93691
 -158 8355682
 -158 163682
 -158 135778
 -158 135716
 -218 8388390
 -218 196390
 -218 174118
 -218 174101
 -142 8355698
 -142 229234
 -142 201842
 -142 201813
 192 64
 192 196672
 192 216640
 192 216655
 -105 8355607
 -105 229143
 -105 224279
 -105 224269
 -125 8388355
 -125 261891
 -125 229379
 -125 229390
 25 32921
 25 229529
 25 233113
 25 233100
 227 32995
 227 229603
 227 233699
 227 233633
 121 32889
 121 229497
 121 230777
 121 230685
 -9 8355703
 -9 229239
 -9 226423
 -9 226357
 26 26
 26 196634
 26 220442
 26 220467
 156 28
 156 196636
 156 212764
 156 212765
 415 415
 415 197023
 415 204703
 415 204721
 118 33014
 118 164086
 118 195830
 118 195797
 92 32860
 92 163932
 92 184156
 92 184141
 65 32833
 65 163905
 65 167489
 65 167522
 239 111
 239 131183
 239 147311
 239 147204
 44 32812
 44 98348
 44 125484
 44 125564
 -169 8388439
 -169 130903
 -169 104023
 -169 103948
 -144 8355696
 -144 98160
 -144 80752
 -144 80661
 81 32849
 81 32849
 81 54609
 81 54616
 195 67
 195 67
 195 21571
 195 21578
 298 -8355542
 298 -32470
 298 -17110
 298 -17090
 -128 -33024
 -128 -33024
 -128 -52992
 -128 -52985
 -327 -455
 -327 -65991
 -327 -82119
 -327 -82143
 -9 -32777
 -9 -98313
 -9 -105481
 -9 -105583
 33 -8388447
 33 -130911
 33 -122207
 33 -122170
 308 -8388300
 308 -130764
 308 -128972
 308 -128991
 -8 -32904
 -8 -98440
 -8 -129160
 -8 -129187
 -129 -32897
 -129 -98433
 -129 -125313
 -129 -125347
 -203 -32971
 -203 -98507
 -203 -116939
 -203 -116924
 -39 -32935
 -39 -98471
 -39 -105639
 -39 -105678
 129 -8355839
 129 -98303
 129 -93695
 129 -93588
 85 -8355755
 85 -98219
 85 -78251
 85 -78305
 26 -8388582
 26 -65510
 26 -55014
 26 -54919
 173 -8355667
 173 -32595
 173 -21843
 173 -21876
 162 162
 162 162
 162 15778
 162 15824
 -8 8388600
 -8 65528
 -8 53752
 -8 53689
 -131 8355837
 -131 98301
 -131 92413
 -131 92385
 -16 8355696
 -16 163696
 -16 134512
 -16 134441
 -77 8388403
 -77 196403
 -77 173107
 -77 173144
 45 45
 45 196653
 45 201261
 45 201338
 -58 8355654
 -58 229190
 -58 216902
 -58 216916
 -18 8355694
 -18 229230
 -18 224622
 -18 224629
 43 32939
 43 229547
 43 230059
 43 230019
 81 32977
 81 229585
 81 233937
 81 233885
 -19 8388589
 -19 262125
 -19 234733
 -19 234661
 17 32785
 17 229393
 17 231953
 17 231992
 98 226
 98 196834
 98 227810
 98 227713
 87 215
 87 196823
 87 222423
 87 222400
 -131 8355709
 -131 229245
 -131 214909
 -131 214891
 -319 8355521
 -319 229057
 -319 206529
 -319 206577
 180 52
 180 196660
 180 197684
 180 197638
 259 33155
 259 164227
 259 185731
 259 185789
 -25 8388583
 -25 196583
 -25 169703
 -25 169639
 -206 8355762
 -206 163762
 -206 149426
 -206 149455
 -14 8388594
 -14 131058
 -14 127986
 -14 127898
 65 32961
 65 98497
 65 106177
 65 106202
 49 49
 49 65585
 49 83505
 49 83519
 -441 8388295
 -441 65223
 -441 58055
 -441 57996
 -423 8355417
 -423 32345
 -423 25177
 -423 25129
 -21 -149
 -21 -149
 -21 -13461
 -21 -13471
 -39 -32935
 -39 -32935
 -39 -49575
 -39 -49575
 -156 -28
 -156 -65564
 -156 -79132
 -156 -79145
 -302 -33198
 -302 -98734
 -302 -103086
 -302 -103136
 -57 -32953
 -57 -98489
 -57 -120249
 -57 -120247
 55 -8388553
 55 -131017
 55 -127433
 55 -127453
 8 -8388472
 8 -130936
 8 -127864
 8 -127836
 -108 -33004
 -108 -98540
 -108 -124140
 -108 -124063
 -82 -32978
 -82 -98514
 -82 -115922
 -82 -115906
 201 -8388407
 201 -130871
 201 -105015
 201 -105056
 272 -8355440
 272 -97904
 272 -93296
 272 -93303
 35 -8355805
 35 -98269
 35 -78301
 35 -78220
 -24 -32920
 -24 -32920
 -24 -55704
 -24 -55724
 -26 -26
 -26 -26
 -26 -23322
 -26 -23424
 3 3
 3 3
 3 14083
 3 14200
 381 33277
 381 33277
 381 51965
 381 51961
 136 8
 136 65544
 136 90376
 136 90458
 -89 8355623
 -89 163623
 -89 132647
 -89 132619
 89 32857
 89 163929
 89 171865
 89 171796
 297 297
 297 196905
 297 200489
 297 200569
 166 38
 166 196646
 166 216358
 166 216406
 -198 8355770
 -198 229306
 -198 224698
 -198 224725
 -195 8388413
 -195 261949
 -195 229693
 -195 229746
 251 33019
 251 229627
 251 233979
 251 233919
 197 32837
 197 229445
 197 235077
 197 235097
 -82 8388398
 -82 261934
 -82 232494
 -82 232511
 -463 8355377
 -463 228913
 -463 228401
 -463 228477
 -104 8355608
 -104 229144
 -104 222488
 -104 222573
 90 90
 90 196698
 90 214874
 90 214821
 -70 8355642
 -70 229178
 -70 206906
 -70 206872
 -218 8355622
 -218 229158
 -218 197926
 -218 198009
 -60 8388420
 -60 196420
 -60 186436
 -60 186460
 117 33013
 117 164085
 117 170485
 117 170377
 211 83
 211 131155
 211 150355
 211 150291
 -214 8388394
 -214 130858
 -214 128810
 -214 128793
 -414 8388322
 -414 130786
 -414 107234
 -414 107225
 -156 8355684
 -156 98148
 -156 84580
 -156 84510
 181 32949
 181 32949
 181 59061
 181 59051
 118 118
 118 118
 118 26998
 118 26952
 -183 -55
 -183 -55
 -183 -11575
 -183 -11643
 -221 -32861
 -221 -32861
 -221 -48221
 -221 -48229
 31 -8355681
 31 -98145
 31 -77921
 31 -77841
 -3 -32771
 -3 -98307
 -3 -101891
 -3 -101904
 -58 -32826
 -58 -98362
 -58 -119610
 -58 -119671
 8 -8388600
 8 -131064
 8 -127480
 8 -127394
 -59 -32827
 -59 -98363
 -59 -128315
 -59 -128278
 -21 -32789
 -21 -98325
 -21 -124693
 -21 -124766
 -96 -32864
 -96 -98400
 -96 -116832
 -96 -116755
 33 -8388447
 33 -130911
 33 -105823
 33 -105820
 -236 -236
 -236 -65772
 -236 -93932
 -236 -93889
 -309 -309
 -309 -65845
 -309 -79157
 -309 -79171
 246 -8388490
 246 -65418
 246 -57226
 246 -57228
 337 -8355503
 337 -32431
 337 -25519
 337 -25485
 319 319
 319 319
 319 11839
 319 11795
 -75 8388533
 -75 65461
 -75 49589
 -75 49643
 -187 8355653
 -187 98117
 -187 88133
 -187 88134
 -151 8388457
 -151 130921
 -151 129897
 -151 129797
 -94 8388386
 -94 196386
 -94 169506
 -94 169476
 50 50
 50 196658
 50 199218
 50 199188
 -86 8355626
 -86 229162
 -86 215850
 -86 215868
 -176 8355792
 -176 229328
 -176 224208
 -176 224146
 55 32823
 55 229431
 55 229431
 55 229447
 -177 8388559
 -177 262095
 -177 233167
 -177 233135
 -34 8388446
 -34 261982
 -34 234334
 -34 234361
 -277 8388203
 -277 261739
 -277 232299
 -277 232216
 -79 8355633
 -79 229169
 -79 228145
 -79 228122
 582 582
 582 197190
 582 222534
 582 222574
 75 203
 75 196811
 75 214987
 75 214950
 -167 8355801
 -167 229337
 -167 206809
 -167 206761
 -48 8355792
 -48 229328
 -48 197584
 -48 197626
 -160 8388576
 -160 196576
 -160 186336
 -160 186320
 -91 8388389
 -91 196389
 -91 170789
 -91 170842
 -83 8355757
 -83 163757
 -83 151213
 -83 151227
 -101 8388507
 -101 130971
 -101 129947
 -101 129953
 176 32944
 176 98480
 176 108464
 176 108521
 42 42
 42 65578
 42 85802
 42 85763
 -85 8388395
 -85 65323
 -85 60459
 -85 60472
 -267 8355445
 -267 32373
 -267 29045
 -267 28983
 -60 -188
 -60 -188
 -60 -9404
 -60 -9372
 168 -8388440
 168 -65368
 168 -46424
 168 -46341
 191 -8355649
 191 -98113
 191 -76609
 191 -76545
 243 -8388493
 243 -130957
 243 -101261
 243 -101336
 -233 -32873
 -233 -98409
 -233 -119401
 -233 -119379
 -270 -33166
 -270 -98702
 -270 -127886
 -270 -127991
 4 -8388604
 4 -131068
 4 -129020
 4 -128957
 -4 -32900
 -4 -98436
 -4 -125572
 -4 -125603
 -188 -32828
 -188 -98364
 -188 -117820
 -188 -117829
 35 -8388573
 35 -131037
 35 -106973
 35 -106919
 236 -8355604
 236 -98068
 236 -94740
 236 -94846
 193 -8355647
 193 -98111
 193 -80703
 193 -80711
 -212 -32980
 -212 -32980
 -212 -59348
 -212 -59369
 -308 -436
 -308 -436
 -308 -27828
 -308 -27867
 -215 8355753
 -215 32681
 -215 9385
 -215 9415
 -160 8388448
 -160 65376
 -160 47200
 -160 47228
 201 201
 201 65737
 201 85705
 201 85661
 146 32786
 146 98322
 146 127250
 146 127256
 193 32833
 193 163905
 193 166977
 193 166988
 33 33
 33 196641
 33 197153
 33 197242
 -219 8355621
 -219 229157
 -219 214309
 -219 214374
 107 235
 107 196843
 107 222955
 107 222903
 -130 8355710
 -130 229246
 -130 228478
 -130 228373
 -209 8388399
 -209 261935
 -209 232495
 -209 232573
 22 32918
 22 229526
 22 233878
 22 233892
 53 32949
 53 229557
 53 231605
 53 231578
 41 169
 41 196777
 41 227497
 41 227561
 -368 8355344
 -368 228880
 -368 222224
 -368 222291
 -296 8355544
 -296 229080
 -296 215000
 -296 214923
 252 124
 252 196732
 252 206716
 252 206649
 94 222
 94 196830
 94 197854
 94 197780
 97 32993
 97 164065
 97 186849
 97 186790
 27 32923
 27 163995
 27 171419
 27 171409
 -52 8355788
 -52 163788
 -52 151756
 -52 151714
 2 32898
 2 98434
 2 130178
 2 130226
 -82 8388526
 -82 130990
 -82 108718
 -82 108717
 -51 8355789
 -51 98253
 -51 86221
 -51 86165
 48 32816
 48 32816
 48 60976
 48 61044
 148 20
 148 20
 148 29972
 148 29966
 340 -8355372
 340 -32300
 340 -8236
 340 -8303
 -214 -32854
 -214 -32854
 -214 -45142
 -214 -45139
 -187 -187
 -187 -65723
 -187 -75707
 -187 -75721
 110 -8388498
 110 -130962
 110 -100498
 110 -100506
 222 -8388514
 222 -130978
 222 -118690
 222 -118693
 -75 -32971
 -75 -98507
 -75 -127691
 -75 -127718
 -52 -32820
 -52 -98356
 -52 -129076
 -52 -129149
 -141 -32909
 -141 -98445
 -141 -126093
 -141 -126166
 -28 -32796
 -28 -98332
 -28 -118556
 -28 -118579
 -81 -32849
 -81 -98385
 -81 -107601
 -81 -107573
 21 -8355691
 21 -98155
 21 -95851
 21 -95794
 182 -8355786
 182 -98250
 182 -82122
 182 -82099
 422 -8388186
 422 -65114
 422 -61018
 422 -60955
 381 -8355331
 381 -32259
 381 -29955
 381 -30017
 -146 8355822
 -146 32750
 -146 6894
 -146 6829
 -246 8388362
 -246 65290
 -246 44554
 -246 44612
 -172 8355668
 -172 98132
 -172 82772
 -172 82799
 63 32959
 63 98495
 63 124351
 63 124311
 18 32914
 18 163986
 18 164242
 18 164265
 -42 8388438
 -42 196438
 -42 195158
 -42 195154
 -244 8355596
 -244 229132
 -244 213004
 -244 213113
 -219 8355749
 -219 229285
 -219 221861
 -219 221875
 -352 8355360
 -352 228896
 -352 227360
 -352 227419
 -114 8388494
 -114 262030
 -114 231310
 -114 231363
 142 32910
 142 229518
 142 232846
 142 232897
 86 32854
 86 229462
 86 230998
 86 230938
 -200 8355768
 -200 229304
 -200 227000
 -200 227068
 -216 8355752
 -216 229288
 -216 222120
 -216 222154
 155 155
 155 196763
 155 214939
 155 214976
 149 149
 149 196757
 149 206741
 149 206773
 -202 8355638
 -202 229174
 -202 197942
 -202 197958
 -154 8388582
 -154 196582
 -154 187366
 -154 187296
 63 32831
 63 163903
 63 171839
 63 171883
 200 200
 200 131272
 200 152520
 200 152521
 112 33008
 112 98544
 112 131056
 112 130945
 -125 8388483
 -125 130947
 -125 109443
 -125 109473
 90 218
 90 65754
 90 87002
 90 87002
 -173 8388563
 -173 65491
 -173 62163
 -173 62114
 194 194
 194 194
 194 31426
 194 31481
 66 -8355646
 66 -32574
 66 -6206
 66 -6236
 -309 -33077
 -309 -33077
 -309 -43573
 -309 -43558
 12 -8355700
 12 -98164
 12 -74356
 12 -74269
 308 -8388300
 308 -130764
 308 -99276
 308 -99298
 -76 -32972
 -76 -98508
 -76 -117964
 -76 -117995
 -341 -33109
 -341 -98645
 -341 -127573
 -341 -127563
 -423 -33191
 -423 -98727
 -423 -129447
 -423 -129482
 2 -8388606
 2 -131070
 2 -126974
 2 -126938
 118 -8388362
 118 -130826
 118 -119562
 118 -119564
 289 -8388319
 289 -130783
 289 -109023
 289 -108955
 210 -8355758
 210 -98222
 210 -97198
 210 -97237
 301 -8355539
 301 -98003
 301 -83411
 301 -83455
 268 -8388340
 268 -65268
 268 -62964
 268 -62871
 -105 -105
 -105 -105
 -105 -32617
 -105 -32521
 -202 8355638
 -202 32566
 -202 4406
 -202 4469
 -22 8388458
 -22 65386
 -22 42346
 -22 42366
 122 122
 122 65658
 122 80762
 122 80672
 285 33053
 285 98589
 285 121629
 285 121726
 271 399
 271 131471
 271 161935
 271 161938
 -203 8388533
 -203 196533
 -203 193717
 -203 193704
 -27 8355685
 -27 229221
 -27 212581
 -27 212553
 260 260
 260 196868
 260 221700
 260 221788
 260 260
 260 196868
 260 227332
 260 227414
 300 33068
 300 229676
 300 231468
 300 231476
 256 33152
 256 229760
 256 233088
 256 233181
 -32 8388448
 -32 261984
 -32 231520
 -32 231467
 -256 8355584
 -256 229120
 -256 227328
 -256 227402
 78 206
 78 196814
 78 222414
 78 222378
 118 246
 118 196854
 118 215286
 118 215252
 -169 8355799
 -169 229335
 -169 206807
 -169 206831
 -110 8355730
 -110 229266
 -110 198034
 -110 198130
 25 32793
 25 163865
 25 187417
 25 187501
 180 32948
 180 164020
 180 172468
 180 172490
 120 248
 120 131320
 120 153336
 120 153266
 -175 8355665
 -175 163665
 -175 131921
 -175 131928
 -112 8388496
 -112 130960
 -112 110480
 -112 110553
 23 151
 23 65687
 23 88471
 23 88448
 -116 8388492
 -116 65420
 -116 63884
 -116 63915
 -103 8388377
 -103 65305
 -103 33561
 -103 33641
 -387 -259
 -387 -259
 -387 -3843
 -387 -3966
 -89 -32857
 -89 -32857
 -89 -41561
 -89 -41555
 35 -8355677
 35 -98141
 35 -73053
 35 -73045
 -101 -32869
 -101 -98405
 -101 -98405
 -101 -98424
 -82 -32978
 -82 -98514
 -82 -117714
 -82 -117703
 -404 -33044
 -404 -98580
 -404 -127764
 -404 -127847
 -392 -33160
 -392 -98696
 -392 -129672
 -392 -129700
 -93 -32861
 -93 -98397
 -93 -127325
 -93 -127334
 -132 -32900
 -132 -98436
 -132 -119940
 -132 -120045
 68 -8388540
 68 -131004
 68 -109500
 68 -109540
 -124 -124
 -124 -65660
 -124 -97660
 -124 -97557
 -163 -35
 -163 -65571
 -163 -84003
 -163 -83994
 206 -8388402
 206 -65330
 206 -64306
 206 -64320
 261 -8388347
 261 -65275
 261 -34811
 261 -34766
 124 252
 124 252
 124 2300
 124 2191
 -49 8388559
 -49 65487
 -49 40399
 -49 40365
 -39 8355801
 -39 98265
 -39 78297
 -39 78299
 180 32948
 180 98484
 180 119476
 180 119478
 210 82
 210 131154
 210 160338
 210 160354
 53 32949
 53 164021
 53 192693
 53 192687
 231 231
 231 196839
 231 211943
 231 211845
 164 36
 164 196644
 164 221220
 164 221273
 226 98
 226 196706
 226 227170
 226 227084
 -45 8388435
 -45 261971
 -45 231251
 -45 231218
 -93 8388387
 -93 261923
 -93 232995
 -93 233060
 154 32922
 154 229530
 154 231322
 154 231410
 110 110
 110 196718
 110 227694
 110 227700
 56 184
 56 196792
 56 222648
 56 222605
 -15 8355825
 -15 229361
 -15 215537
 -15 215442
 93 93
 93 196701
 93 207453
 93 207403
 327 327
 327 196935
 327 198727
 327 198749
 -181 8388555
 -181 196555
 -181 188107
 -181 188042
 -338 8388270
 -338 196270
 -338 173230
 -338 173298
 -48 8355664
 -48 163664
 -48 154448
 -48 154464
 10 10
 10 131082
 10 133130
 10 133183
 108 32876
 108 98412
 108 111724
 108 111667
 -111 8355729
 -111 98193
 -111 89489
 -111 89542
 -130 8388478
 -130 65406
 -130 65150
 -130 65066
 -138 8388470
 -138 65398
 -138 35446
 -138 35407
 49 -8355663
 49 -32591
 49 -1871
 49 -1821
 100 -8388380
 100 -65308
 100 -39452
 100 -39526
 -28 -156
 -28 -65692
 -28 -71324
 -28 -71337
 27 -8355813
 27 -98277
 27 -96997
 27 -96938
 181 -8388555
 181 -131019
 181 -116683
 181 -116702
 -252 -33020
 -252 -98556
 -252 -127484
 -252 -127415
 -243 -32883
 -243 -98419
 -243 -129651
 -243 -129576
 -128 -33024
 -128 -98560
 -128 -127232
 -128 -127168
 -65 -32833
 -65 -98369
 -65 -120641
 -65 -120582
 -291 -33187
 -291 -98723
 -291 -110243
 -291 -110210
 -246 -32886
 -246 -98422
 -246 -98678
 -246 -98675
 -44 -44
 -44 -65580
 -44 -85292
 -44 -85355
 26 -8355814
 26 -98278
 26 -66022
 26 -66037
 224 -8388512
 224 -65440
 224 -36768
 224 -36825
 150 -8355818
 150 -32746
 150 -490
 150 -475
 -134 8388602
 -134 65530
 -134 37882
 -134 37883
 -121 8355719
 -121 98183
 -121 75911
 -121 75943
 47 32943
 47 98479
 47 116655
 47 116706
 18 146
 18 131218
 18 157842
 18 157889
 103 32871
 103 163943
 103 191079
 103 191098
 -151 8355689
 -151 229225
 -151 211049
 -151 211015
 -36 8355676
 -36 229212
 -36 221020
 -36 220961
 237 109
 237 196717
 237 226669
 237 226625
 49 32945
 49 229553
 49 230833
 49 230788
 -252 8388356
 -252 261892
 -252 232964
 -252 232990
 -258 8388350
 -258 261886
 -258 231678
 -258 231597
 -72 8355640
 -72 229176
 -72 227896
 -72 227913
 135 135
 135 196743
 135 222855
 135 222944
 16 16
 16 196624
 16 215824
 16 215808
 -148 8355820
 -148 229356
 -148 207596
 -148 207566
 20 148
 20 196756
 20 199060
 20 199115
 98 32994
 98 164066
 98 188642
 98 188568
 -291 8388317
 -291 196317
 -291 173789
 -291 173791
 -424 8355544
 -424 163544
 -424 154840
 -424 154846
 31 159
 31 131231
 31 133791
 31 133814
 48 32816
 48 98352
 48 112432
 48 112508
 -184 8355784
 -184 98248
 -184 90568
 -184 90605
 56 56
 56 65592
 56 65848
 56 65906
 123 32891
 123 32891
 123 36731
 123 36626
 -45 -45
 -45 -45
 -45 -45
 -45 -101
 -115 -32883
 -115 -32883
 -115 -38259
 -115 -38221
 -209 -81
 -209 -65617
 -209 -70225
 -209 -70219
 2 -8355838
 2 -98302
 2 -95998
 2 -95943
 -240 -32880
 -240 -98416
 -240 -116336
 -240 -116265
 -134 -32902
 -134 -98438
 -134 -127622
 -134 -127626
 91 -8388517
 91 -130981
 91 -130213
 91 -130291
 253 -8388355
 253 -130819
 253 -128259
 253 -128362
 -2 -32770
 -2 -98306
 -2 -121858
 -2 -121934
 -339 -33107
 -339 -98643
 -339 -111699
 -339 -111741
 -290 -33058
 -290 -98594
 -290 -100386
 -290 -100358
 -203 -203
 -203 -65739
 -203 -86987
 -203 -86972
 -146 -146
 -146 -65682
 -146 -67986
 -146 -67984
 31 -8388577
 31 -65505
 31 -39137
 31 -39162
 29 -8355811
 29 -32739
 29 -3043
 29 -3009
 -50 8388558
 -50 65486
 -50 35022
 -50 34986
 -139 8355829
 -139 98293
 -139 72693
 -139 72576
 -102 8388378
 -102 130842
 -102 112922
 -102 112953
 238 110
 238 131182
 238 154222
 238 154217
 277 33173
 277 164245
 277 188053
 277 188099
 -120 8355720
 -120 229256
 -120 209032
 -120 209024
 119 119
 119 196727
 119 219255
 119 219164
 237 109
 237 196717
 237 224877
 237 224815
 108 236
 108 196844
 108 229356
 108 229334
 -365 8388243
 -365 261779
 -365 231827
 -365 231919
 -193 8388543
 -193 262079
 -193 230591
 -193 230646
 -20 8355692
 -20 229228
 -20 226668
 -20 226675
 -202 8355766
 -202 229302
 -202 221622
 -202 221640
 -11 8355829
 -11 229365
 -11 214773
 -11 214771
 -80 8355632
 -80 229168
 -80 206640
 -80 206713
 -108 8355604
 -108 229140
 -108 198164
 -108 198224
 -58 8388422
 -58 196422
 -58 188230
 -58 188177
 -228 8388380
 -228 196380
 -228 173596
 -228 173647
 -148 8355692
 -148 163692
 -148 154988
 -148 155007
 -157 8355811
 -157 163811
 -157 133859
 -157 133860
 -322 8388286
 -322 130750
 -322 112830
 -322 112822
 11 139
 11 65675
 11 91019
 11 91099
 -112 8355600
 -112 98064
 -112 66576
 -112 66653
 -290 8388190
 -290 65118
 -290 37470
 -290 37491
 -261 8355579
 -261 32507
 -261 763
 -261 756
 15 -8388593
 15 -65521
 15 -37617
 15 -37534
 77 -8355635
 77 -98099
 77 -69939
 77 -69997
 -353 -353
 -353 -65889
 -353 -96097
 -353 -96049
 -134 -32774
 -134 -98310
 -134 -116486
 -134 -116492
 161 -8388447
 161 -130911
 161 -128095
 161 -128064
 156 -8388452
 156 -130916
 156 -130916
 156 -130868
 28 -8388580
 28 -131044
 28 -128996
 28 -128990
 -1 -32897
 -1 -98433
 -1 -122497
 -1 -122505
 157 -8388451
 157 -130915
 157 -112227
 157 -112171
 117 -8388491
 117 -130955
 117 -100747
 117 -100784
 -19 -19
 -19 -65555
 -19 -88083
 -19 -88074
 26 -8355814
 26 -98278
 26 -69862
 26 -69775
 90 -8388390
 90 -65318
 90 -41766
 90 -41820
 231 -8355737
 231 -32665
 231 -5785
 231 -5853
 85 85
 85 85
 85 32341
 85 32331
 70 70
 70 65606
 70 69958
 70 69921
 281 33049
 281 98585
 281 110361
 281 110455
 218 90
 218 131162
 218 151898
 218 151852
 16 32784
 16 163856
 16 185872
 16 185959
 232 232
 232 196840
 232 207592
 232 207488
 76 76
 76 196684
 76 218444
 76 218383
 32 160
 32 196768
 32 224416
 32 224473
 190 190
 190 196798
 190 228798
 190 228773
 311 33079
 311 229687
 311 231479
 311 231478
 117 32885
 117 229493
 117 230517
 117 230491
 -234 8355606
 -234 229142
 -234 226582
 -234 226589
 -209 8355759
 -209 229295
 -209 221359
 -209 221434
 131 131
 131 196739
 131 214659
 131 214774
 -153 8355687
 -153 229223
 -153 206951
 -153 206865
 -255 8355585
 -255 229121
 -255 198145
 -255 198260
 -62 8388546
 -62 196546
 -62 187842
 -62 187877
 -20 8388460
 -20 196460
 -20 174188
 -20 174154
 252 124
 252 131196
 252 156028
 252 156026
 44 172
 44 131244
 44 135084
 44 135072
 -140 8388596
 -140 131060
 -140 113652
 -140 113596
 59 187
 59 65723
 59 91835
 59 91826
 155 27
 155 65563
 155 67867
 155 67867
 -279 8388201
 -279 65129
 -279 39529
 -279 39514
 -459 8355381
 -459 32309
 -459 3381
 -459 3387
 -293 -33061
 -293 -33061
 -293 -34853
 -293 -34825
 -59 -59
 -59 -65595
 -59 -67387
 -59 -67339
 -316 -444
 -316 -65980
 -316 -94140
 -316 -94094
 -174 -32814
 -174 -98350
 -174 -114990
 -174 -114968
 45 -8388435
 45 -130899
 45 -127315
 45 -127246
 184 -8388424
 184 -130888
 184 -130632
 184 -130625
 -36 -32932
 -36 -98468
 -36 -128932
 -36 -128998
 -247 -32887
 -247 -98423
 -247 -122999
 -247 -122961
 -174 -32814
 -174 -98350
 -174 -112942
 -174 -112943
 -135 -32775
 -135 -98311
 -135 -101383
 -135 -101432
 -68 -68
 -68 -65604
 -68 -88644
 -68 -88582
 231 -8355609
 231 -98073
 231 -70681
 231 -70764
 50 -8388558
 50 -65486
 50 -43214
 50 -43201
 -36 -164
 -36 -164
 -36 -7844
 -36 -7851
 121 121
 121 121
 121 30329
 121 30227
 79 79
 79 65615
 79 67919
 79 67888
 15 32911
 15 98447
 15 108175
 15 108229
 -44 8355796
 -44 163796
 -44 149972
 -44 149987
 142 32782
 142 163854
 142 184590
 142 184620
 197 69
 197 196677
 197 206917
 197 206940
 -245 8355595
 -245 229131
 -245 217867
 -245 217930
 -192 8355776
 -192 229312
 -192 224192
 -192 224228
 -153 8355815
 -153 229351
 -153 229095
 -153 229111
 -172 8388436
 -172 261972
 -172 231508
 -172 231454
 -249 8388487
 -249 262023
 -249 230279
 -249 230337
 -30 8355810
 -30 229346
 -30 226786
 -30 226810
 299 299
 299 196907
 299 221995
 299 222023
 184 184
 184 196792
 184 215224
 184 215291
 31 159
 31 196767
 31 207775
 31 207816
 65 65
 65 196673
 65 199489
 65 199456
 -125 8388355
 -125 196355
 -125 189443
 -125 189480
 -184 8388424
 -184 196424
 -184 175944
 -184 175917
 -73 8355767
 -73 163767
 -73 157879
 -73 157946
 -59 8355781
 -59 163781
 -59 136901
 -59 136878
 230 32998
 230 98534
 230 115430
 230 115384
 276 404
 276 65940
 276 93332
 276 93385
 71 199
 71 65735
 71 69575
 71 69511
 -197 8388411
 -197 65339
 -197 41531
 -197 41496
 -503 8355337
 -503 32265
 -503 5641
 -503 5747
 -141 -141
 -141 -141
 -141 -32653
 -141 -32703
 -30 -30
 -30 -65566
 -30 -65566
 -30 -65646
 154 -8355814
 154 -98278
 154 -92646
 154 -92633
 -3 -32771
 -3 -98307
 -3 -113667
 -3 -113779
 -211 -32851
 -211 -98387
 -211 -126547
 -211 -126502
 -13 -32909
 -13 -98445
 -13 -129933
 -13 -130016
 102 -8388378
 102 -130842
 102 -128282
 102 -128374
 -149 -32917
 -149 -98453
 -149 -122517
 -149 -122595
 -104 -33000
 -104 -98536
 -104 -112872
 -104 -112823
 -47 -32815
 -47 -98351
 -47 -101423
 -47 -101503
 -273 -401
 -273 -65937
 -273 -88721
 -273 -88806
 -305 -433
 -305 -65969
 -305 -71345
 -305 -71342
 64 -8388544
 64 -65472
 64 -44480
 64 -44495
 338 -8355502
 338 -32430
 338 -9134
 338 -9176
 472 472
 472 472
 472 28888
 472 28911
 488 360
 488 65896
 488 66408
 488 66393
 133 32773
 133 98309
 133 106245
 133 106311
 -245 8355723
 -245 163723
 -245 148107
 -245 148171
 72 32840
 72 163912
 72 183624
 72 183656
 -87 8355753
 -87 229289
 -87 206761
 -87 206812
 -119 8355593
 -119 229129
 -119 218377
 -119 218402
 12 140
 12 196748
 12 224396
 12 224475
 25 25
 25 196633
 25 229145
 25 229182
 -219 8388389
 -219 261925
 -219 231973
 -219 232063
 -320 8388288
 -320 261824
 -320 231360
 -320 231352
 -192 8355648
 -192 229184
 -192 227648
 -192 227638
 19 147
 19 196755
 19 222867
 19 222890
 -45 8355667
 -45 229203
 -45 216403
 -45 216403
 -112 8355728
 -112 229264
 -112 208528
 -112 208636
 123 123
 123 196731
 123 200571
 123 200496
 260 33156
 260 164228
 260 190596
 260 190688
 95 32991
 95 164063
 95 177375
 95 177303
 -165 8355675
 -165 163675
 -165 159323
 -165 159353
 -102 8355610
 -102 163610
 -102 138522
 -102 138517
 -54 8388554
 -54 131018
 -54 117194
 -54 117245
 42 170
 42 65706
 42 95914
 42 95897
 82 210
 82 65746
 82 72658
 82 72632
 -101 8388379
 -101 65307
 -101 44827
 -101 44896
 95 95
 95 95
 95 9311
 95 9335
 -149 -21
 -149 -21
 -149 -29205
 -149 -29262
 -345 -33113
 -345 -33113
 -345 -63065
 -345 -62982
 43 -8355797
 43 -98261
 43 -90069
 43 -90060
 160 -8388448
 160 -130912
 160 -111456
 160 -111368
 210 -8388526
 210 -130990
 210 -124590
 210 -124597
 -43 -32811
 -43 -98347
 -43 -128555
 -43 -128611
 -281 -33049
 -281 -98585
 -281 -127001
 -281 -127006
 -68 -32836
 -68 -98372
 -68 -121412
 -68 -121380
 -105 -33001
 -105 -98537
 -105 -111593
 -105 -111493
 13 -8388467
 13 -130931
 13 -100211
 13 -100201
 141 -8355699
 141 -98163
 141 -88179
 141 -88084
 41 -8355671
 41 -98135
 41 -71255
 41 -71214
 -86 -32982
 -86 -32982
 -86 -45014
 -86 -44931
 -192 -64
 -192 -64
 -192 -10048
 -192 -10082
 -19 8355821
 -19 32749
 -19 28141
 -19 28055
 -3 8355709
 -3 98173
 -3 65917
 -3 65796
 -23 8388585
 -23 131049
 -23 105705
 -23 105609
 117 117
 117 131189
 117 147317
 117 147268
 -106 8388374
 -106 196374
 -106 183318
 -106 183301
 94 222
 94 196830
 94 207070
 94 207078
 143 143
 143 196751
 143 219023
 143 219059
 -122 8355590
 -122 229126
 -122 225542
 -122 225621
 -24 8388456
 -24 261992
 -24 230248
 -24 230198
 -199 8388409
 -199 261945
 -199 233273
 -199 233273
 -264 8388344
 -264 261880
 -264 232696
 -264 232599
 -172 8355796
 -172 229332
 -172 229076
 -172 229027
 -191 8355649
 -191 229185
 -191 224321
 -191 224308
 74 74
 74 196682
 74 217674
 74 217602
 142 142
 142 196750
 142 209550
 142 209629
 49 177
 49 196785
 49 201393
 49 201456
 -58 8388550
 -58 196550
 -58 191942
 -58 191988
 86 32854
 86 163926
 86 179030
 86 178953
 123 123
 123 131195
 123 161147
 123 161124
 -189 8355651
 -189 163651
 -189 140355
 -189 140375
 -59 8388421
 -59 130885
 -59 119109
 -59 119166
 75 203
 75 65739
 75 97739
 75 97688
 -177 8355663
 -177 98127
 -177 74319
 -177 74252
 -514 8388094
 -514 65022
 -514 46846
 -514 46815
 -399 8355441
 -399 32369
 -399 11889
 -399 11825
 -193 -193
 -193 -193
 -193 -26817
 -193 -26830
 -76 -32972
 -76 -32972
 -76 -60620
 -76 -60574
 -109 -109
 -109 -65645
 -109 -87917
 -109 -87864
 21 -8388459
 21 -130923
 21 -109931
 21 -109849
 -343 -33239
 -343 -98775
 -343 -123607
 -343 -123642
 -620 -33516
 -620 -99052
 -620 -127980
 -620 -127938
 -151 -32791
 -151 -98327
 -151 -126487
 -151 -126549
 328 -8388280
 328 -130744
 328 -121272
 328 -121258
 71 -8388537
 71 -131001
 71 -111801
 71 -111778
 67 -8388541
 67 -131005
 67 -100541
 67 -100563
 -171 -43
 -171 -65579
 -171 -88107
 -171 -88136
 112 -8355728
 112 -98192
 112 -71312
 112 -71407
 -21 -32789
 -21 -32789
 -21 -45589
 -21 -45638
 -72 -72
 -72 -72
 -72 -11336
 -72 -11379
 190 62
 190 62
 190 26686
 190 26627
 299 33195
 299 33195
 299 63915
 299 63940
 146 32914
 146 98450
 146 103314
 146 103372
 -98 8355614
 -98 163614
 -98 145182
 -98 145171
 -125 8388483
 -125 196483
 -125 181379
 -125 181400
 171 43
 171 196651
 171 206123
 171 206131
 27 27
 27 196635
 27 218907
 27 218932
 63 191
 63 196799
 63 225471
 63 225437
 269 33165
 269 229773
 269 230285
 269 230276
 147 32787
 147 229395
 147 233235
 147 233295
 235 33003
 235 229611
 235 233195
 235 233161
 -34 8388446
 -34 261982
 -34 229982
 -34 229928
 -89 8355751
 -89 229287
 -89 225447
 -89 225477
 195 195
 195 196803
 195 219075
 195 219092
 91 219
 91 196827
 91 210907
 91 210866
 75 203
 75 196811
 75 202699
 75 202661
 256 33152
 256 164224
 256 193408
 256 193495
 111 33007
 111 164079
 111 180719
 111 180693
 147 147
 147 131219
 147 162963
 147 162978
 -189 8355651
 -189 163651
 -189 142403
 -189 142403
 -79 8388529
 -79 130993
 -79 121009
 -79 121031
 89 32857
 89 98393
 89 99929
 89 99924
 35 35
 35 65571
 35 76579
 35 76669
 217 32985
 217 32985
 217 49625
 217 49659
 189 61
 189 61
 189 14909
 189 14858
 -95 -95
 -95 -95
 -95 -23903
 -95 -23813
 -170 -32938
 -170 -32938
 -170 -57514
 -170 -57541
 109 -8355731
 109 -98195
 109 -84883
 109 -84907
 87 -8388393
 87 -130857
 87 -106793
 87 -106795
 -115 -32883
 -115 -98419
 -115 -120947
 -115 -120923
 -209 -32849
 -209 -98385
 -209 -126033
 -209 -126074
 -271 -33167
 -271 -98703
 -271 -125071
 -271 -125122
 -162 -32802
 -162 -98338
 -162 -120098
 -162 -120190
 -92 -32988
 -92 -98524
 -92 -110812
 -92 -110780
 -89 -32857
 -89 -98393
 -89 -99417
 -89 -99418
 -224 -224
 -224 -65760
 -224 -87008
 -224 -87015
 -270 -398
 -270 -65934
 -270 -70798
 -270 -70845
 217 -8388519
 217 -65447
 217 -45479
 217 -45539
 411 -8355429
 411 -32357
 411 -11365
 411 -11304
 195 67
 195 67
 195 26691
 195 26678
 -299 8388309
 -299 65237
 -299 63957
 -299 63922
 -223 8388385
 -223 130849
 -223 103201
 -223 103226
 -49 8355791
 -49 163791
 -49 145103
 -49 145132
 37 32933
 37 164005
 37 181925
 37 181903
 45 45
 45 196653
 45 207661
 45 207617
 -362 8355478
 -362 229014
 -362 220566
 -362 220656
 -209 8355631
 -209 229167
 -209 227631
 -209 227611
 -169 8388439
 -169 261975
 -169 232279
 -169 232273
 63 32831
 63 229439
 63 235327
 63 235360
 33 32801
 33 229409
 33 235553
 33 235527
 6 32902
 6 229510
 6 232582
 6 232621
 290 418
 290 197026
 290 228002
 290 228043
 3 131
 3 196739
 3 221571
 3 221647
 -70 8355770
 -70 229306
 -70 213946
 -70 213990
 17 17
 17 196625
 17 205585
 17 205590
 -142 8388466
 -142 196466
 -142 196210
 -142 196215
 -47 8388561
 -47 196561
 -47 183505
 -47 183475
 -177 8388559
 -177 196559
 -177 166351
 -177 166333
 55 55
 55 131127
 55 145975
 55 145949
 95 32991
 95 98527
 95 124895
 95 124824
 86 32982
 86 98518
 86 103638
 86 103617
 95 223
 95 65759
 95 80607
 95 80636
 29 32797
 29 32797
 29 54045
 29 54090
 -33 8355679
 -33 32607
 -33 20063
 -33 20034
 130 -8355838
 130 -32766
 130 -18686
 130 -18598
 -66 -32834
 -66 -32834
 -66 -52802
 -66 -52849
 83 -8355629
 83 -98093
 83 -80429
 83 -80387
 54 -8388554
 54 -131018
 54 -102602
 54 -102617
 -294 -33062
 -294 -98598
 -294 -117542
 -294 -117559
 -129 -32897
 -129 -98433
 -129 -122753
 -129 -122875
 -108 -33004
 -108 -98540
 -108 -122604
 -108 -122622
 -101 -32869
 -101 -98405
 -101 -117861
 -101 -117827
 198 -8388538
 198 -131002
 198 -108474
 198 -108536
 14 -8355826
 14 -98290
 14 -97522
 14 -97491
 -40 -168
 -40 -65704
 -40 -85416
 -40 -85437
 -30 -158
 -30 -65694
 -30 -69534
 -30 -69508
 -95 -32991
 -95 -32991
 -95 -45023
 -95 -45036
 105 -8355607
 105 -32535
 105 -11287
 105 -11331
 -51 8355661
 -51 32589
 -51 26445
 -51 26410
 147 32787
 147 32787
 147 63763
 147 63755
 329 33225
 329 98761
 329 102857
 329 102814
 21 21
 21 131093
 21 144661
 21 144642
 69 32837
 69 163909
 69 181829
 69 181876
 -116 8355724
 -116 229260
 -116 208012
 -116 208007
 30 158
 30 196766
 30 221598
 30 221661
 123 123
 123 196731
 123 228475
 123 228438
 -189 8388547
 -189 262083
 -189 233155
 -189 233186
 96 32864
 96 229472
 96 236640
 96 236571
 99 32867
 99 229475
 99 236899
 99 236882
 24 32792
 24 229400
 24 234008
 24 234029
 -199 8388537
 -199 262073
 -199 229561
 -199 229517
 20 148
 20 196756
 20 223124
 20 223219
 222 94
 222 196702
 222 215646
 222 215620
 -3 8355709
 -3 229245
 -3 207485
 -3 207451
 10 138
 10 196746
 10 198026
 10 198080
 230 32870
 230 163942
 230 185702
 230 185643
 -160 8388576
 -160 196576
 -160 168416
 -160 168384
 -317 8355395
 -317 163395
 -317 148035
 -317 148046
 -437 8388299
 -437 130763
 -437 127179
 -437 127170
 -285 8388323
 -285 130787
 -285 105955
 -285 105971
 -7 8355705
 -7 98169
 -7 83065
 -7 82946
 48 32816
 48 32816
 48 56624
 48 56656
 -58 8355654
 -58 32582
 -58 22854
 -58 22877
 -422 -422
 -422 -422
 -422 -15526
 -422 -15566
 -325 -33221
 -325 -33221
 -325 -50373
 -325 -50428
 -111 -111
 -111 -65647
 -111 -78703
 -111 -78601
 8 -8388472
 8 -130936
 8 -100984
 8 -100882
 16 -8388464
 16 -130928
 16 -116336
 16 -116329
 70 -8388410
 70 -130874
 70 -122426
 70 -122399
 -71 -32839
 -71 -98375
 -71 -121671
 -71 -121668
 198 -8388410
 198 -130874
 198 -117050
 198 -117029
 107 -8388373
 107 -130837
 107 -108053
 107 -108084
 -118 -118
 -118 -65654
 -118 -97142
 -118 -97117
 -244 -244
 -244 -65780
 -244 -84980
 -244 -84971
 77 -8355763
 77 -98227
 77 -69555
 77 -69602
 238 -8388498
 238 -65426
 238 -45970
 238 -46052
 -78 -206
 -78 -206
 -78 -13006
 -78 -13050
 -388 8355580
 -388 32508
 -388 24828
 -388 24782
 -74 8388534
 -74 65462
 -74 62134
 -74 62139
 646 33414
 646 98950
 646 100998
 646 101004
 473 345
 473 131417
 473 142681
 473 142704
 127 32895
 127 163967
 127 180607
 127 180529
 175 175
 175 196783
 175 207279
 175 207252
 352 480
 352 197088
 352 221664
 352 221622
 111 111
 111 196719
 111 228975
 111 228891
 -124 8388484
 -124 262020
 -124 233604
 -124 233685
 -131 8388477
 -131 262013
 -131 237181
 -131 237134
 136 32904
 136 229512
 136 237448
 136 237513
 37 32933
 37 229541
 37 234405
 37 234435
 -26 8388582
 -26 262118
 -26 230118
 -26 230052
 178 50
 178 196658
 178 224050
 178 224122
 328 456
 328 197064
 328 216264
 328 216304
 229 101
 229 196709
 229 207973
 229 207892
 64 64
 64 196672
 64 198976
 64 198918
 -171 8388565
 -171 196565
 -171 186837
 -171 186781
 15 32783
 15 163855
 15 169999
 15 170093
 19 147
 19 131219
 19 149651
 19 149705
 12 32908
 12 98444
 12 128140
 12 128134
 -195 8388541
 -195 131005
 -195 107197
 -195 107188
 -68 8355644
 -68 98108
 -68 84284
 -68 84260
 359 33255
 359 33255
 359 58343
 359 58257
 358 358
 358 358
 358 24934
 358 24903
 -181 -181
 -181 -181
 -181 -13749
 -181 -13750
 -315 -33083
 -315 -33083
 -315 -48699
 -315 -48660
 -20 -148
 -20 -65684
 -20 -76692
 -20 -76741
 52 -8388428
 52 -130892
 52 -99404
 52 -99416
 338 -8388270
 338 -130734
 338 -115374
 338 -115353
 338 -8388142
 338 -130606
 338 -121390
 338 -121471
 375 -8388105
 375 -130569
 375 -121097
 375 -121120
 515 -8388093
 515 -130557
 515 -116989
 515 -116930
 415 -8388321
 415 -130785
 415 -108001
 415 -107930
 465 -8355375
 465 -97839
 465 -96815
 465 -96845
 514 -8355326
 514 -97790
 514 -84990
 514 -84897
 510 -8355458
 510 -97922
 510 -69762
 510 -69811
 636 -8387844
 636 -64772
 636 -46340
 636 -46411
 503 -8355337
 503 -32265
 503 -13833
 503 -13948
 347 347
 347 347
 347 23643
 347 23562
 388 33028
 388 33028
 388 60932
 388 60956
 446 33086
 446 98622
 446 99390
 446 99401
 707 707
 707 131779
 707 140995
 707 141009
 855 33751
 855 164823
 855 178903
 855 178865
 904 776
 904 197384
 904 206600
 904 206633
 820 948
 820 197556
 820 221364
 820 221429
 1099 1099
 1099 197707
 1099 228427
 1099 228473
 1172 33940
 1172 230548
 1172 233364
 1172 233372
 941 33709
 941 230317
 941 236717
 941 236780
 1154 33794
 1154 230402
 1154 236802
 1154 236927
 1536 34304
 1536 230912
 1536 233728
 1536 233820
 1608 1608
 1608 198216
 1608 228680
 1608 228728
 1488 1360
 1488 197968
 1488 222288
 1488 222234
 1533 1405
 1533 198013
 1533 214141
 1533 214048
 2108 2108
 2108 198716
 2108 205372
 2108 205386
 2390 35286
 2390 166358
 2390 195798
 2390 195787
 2062 34830
 2062 165902
 2062 183566
 2062 183635
 2324 35220
 2324 166292
 2324 166292
 2324 166321
 2498 2370
 2498 133442
 2498 145474
 2498 145534
 2483 35123
 2483 100659
 2483 123443
 2483 123507
 2706 35346
 2706 100882
 2706 101650
 2706 101696
 3007 3007
 3007 68543
 3007 78271
 3007 78326
 3128 35896
 3128 35896
 3128 51768
 3128 51741
 3242 3242
 3242 3242
 3242 18090
 3242 18164
 3702 -8352138
 3702 -29066
 3702 -21130
 3702 -21151
 3805 -8384931
 3805 -61859
 3805 -57507
 3805 -57541
 4132 -8351580
 4132 -94044
 4132 -86876
 4132 -86840
 4626 -8383982
 4626 -126446
 4626 -110574
 4626 -110538
 4951 -8383529
 4951 -125993
 4951 -127529
 4951 -127524
 5409 -8350303
 5409 -158303
 5409 -135007
 5409 -134913
 5488 -8350352
 5488 -158352
 5488 -135312
 5488 -135353
 5922 -8349918
 5922 -157918
 5922 -131550
 5922 -131581
 6474 -8382006
 6474 -124470
 6474 -123190
 6474 -123156
 7154 -8381454
 7154 -123918
 7154 -112398
 7154 -112411
 7789 -8380691
 7789 -123155
 7789 -100371
 7789 -100410
 7851 -8348117
 7851 -90581
 7851 -85461
 7851 -85451
 8604 -8380004
 8604 -56932
 8604 -62820
 8604 -62732
 9127 -8346713
 9127 -23641
 9127 -30297
 9127 -30319
 9925 9925
 9925 9925
 9925 7621
 9925 7568
 9953 42593
 9953 42593
 9953 45665
 9953 45608
 10716 10716
 10716 76252
 10716 84444
 10716 84447
 11637 44533
 11637 110069
 11637 126709
 11637 126602
 12576 45472
 12576 176544
 12576 165536
 12576 165574
 13533 46301
 13533 177373
 13533 193757
 13533 193768
 14113 14113
 14113 210721
 14113 209185
 14113 209206
 14814 14814
 14814 211422
 14814 217054
 14814 216972
 15819 15819
 15819 212427
 15819 221899
 15819 221894
 16808 16680
 16808 213288
 16808 225576
 16808 225553
 17655 17655
 17655 214263
 17655 226295
 17655 226301
 18976 18976
 18976 215584
 18976 223264
 18976 223311
 20306 20434
 20306 217042
 20306 218578
 20306 218512
 21615 21615
 21615 218223
 21615 212335
 21615 212345
 22741 22741
 22741 219349
 22741 203989
 22741 204001
 24027 56795
 24027 187867
 24027 195547
 24027 195459
 25621 58389
 25621 189461
 25621 186133
 25621 186164
 27261 60029
 27261 191101
 27261 173949
 27261 173846
 28774 28902
 28774 159974
 28774 156902
 28774 156885
 30475 30475
 30475 161547
 30475 136203
 30475 136306
 32191 64831
 32191 130367
 32191 114751
 32191 114718
 34050 1410
 34050 66946
 34050 92802
 34050 92893
 36290 3394
 36290 68930
 36290 69698
 36290 69734
 38248 38248
 38248 38248
 38248 43368
 38248 43333
 40135 7239
 40135 7239
 40135 10055
 40135 10027
 42403 -8346333
 42403 -23261
 42403 -29405
 42403 -29428
 44680 -8343928
 44680 -86392
 44680 -66168
 44680 -66067
 47238 -8341498
 47238 -83962
 47238 -95994
 47238 -95918
 49688 -8371560
 49688 -114024
 49688 -120424
 49688 -120363
 52642 -8336094
 52642 -144094
 52642 -137694
 52642 -137633
 55710 -8332898
 55710 -140898
 55710 -145250
 55710 -145183
 58725 -8329883
 58725 -137883
 58725 -145563
 58725 -145651
 61710 -8326770
 61710 -134770
 61710 -142706
 61710 -142637
 64904 -8323832
 64904 -131832
 64904 -134904
 64904 -134887
 68566 -8320170
 68566 -128170
 68566 -124330
 68566 -124326
 72356 -8316252
 72356 -124252
 72356 -113244
 72356 -113186
 76079 -8312401
 76079 -120401
 76079 -98897
 76079 -98925
 79819 -8276021
 79819 -84021
 79819 -76853
 79819 -76865
 83730 -8304878
 83730 -47342
 83730 -45038
 83730 -45021
 88173 -8267667
 88173 -10131
 88173 -7571
 88173 -7577
 92846 92846
 92846 27310
 92846 30126
 92846 30108
 97228 97100
 97228 97100
 97228 68172
 97228 68136
 101706 101706
 101706 101706
 101706 109386
 101706 109384
 106894 74126
 106894 139662
 106894 148366
 106894 148406
 111972 112100
 111972 177636
 111972 177380
 111972 177341
 117211 117211
 117211 182747
 117211 192987
 117211 192914
 122777 89881
 122777 220953
 122777 200217
 122777 200209
 128797 96029
 128797 227101
 128797 204573
 128797 204626
 134765 134765
 134765 200301
 134765 207725
 134765 207654
 140858 140858
 140858 206394
 140858 207418
 140858 207434
 147257 147385
 147257 212921
 147257 203961
 147257 204017
 154181 154181
 154181 219717
 154181 198981
 154181 198968
 161526 194294
 161526 194294
 161526 192502
 161526 192497
 168438 168438
 168438 168438
 168438 184310
 168438 184225
 175586 175458
 175586 175458
 175586 175202
 175586 175154
 183249 183121
 183249 183121
 183249 165201
 183249 165152
 191566 158926
 191566 158926
 191566 152526
 191566 152481
 200028 200156
 200028 134620
 200028 135132
 200028 135076
 208532 241300
 208532 110228
 208532 113556
 208532 113639
 217097 217225
 217097 86153
 217097 90761
 217097 90819
 226140 226140
 226140 95068
 226140 68188
 226140 68187
 235339 235339
 235339 38731
 235339 44363
 235339 44380
 244752 212112
 244752 15504
 244752 17296
 244752 17329
 254727 -8133753
 254727 -7289
 254727 -16505
 254727 -16509
 265021 -8123587
 265021 -62659
 265021 -57027
 265021 -57080
 275469 -8080243
 275469 -84851
 275469 -95347
 275469 -95278
 286386 -8102350
 286386 -106958
 286386 -126414
 286386 -126414
 297579 -8091029
 297579 -161173
 297579 -151701
 297579 -151730
 309107 -8112269
 309107 -182413
 309107 -170637
 309107 -170625
 320489 -8100887
 320489 -171031
 320489 -179991
 320489 -180043
 332596 -8056012
 332596 -191692
 332596 -182220
 332596 -182241
 345204 -8043404
 345204 -179084
 345204 -180364
 345204 -180376
 357587 -8031021
 357587 -166701
 357587 -173869
 357587 -173881
 370372 -8051132
 370372 -186812
 370372 -164540
 370372 -164528
 383580 -8004900
 383580 -140580
 383580 -154404
 383580 -154376
 396953 -7958887
 396953 -160103
 396953 -141671
 396953 -141597
 410728 -7977752
 410728 -113432
 410728 -121368
 410728 -121371
 425343 -7930497
 425343 -66177
 425343 -91521
 425343 -91645
 440147 -7981229
 440147 -51373
 440147 -55981
 440147 -56043
 454748 -7933860
 454748 -4004
 454748 -20132
 454748 -20166
 469576 469576
 469576 10824
 469576 16200
 469576 16253
 484841 517481
 484841 58729
 484841 56425
 484841 56335
 500686 467790
 500686 74574
 500686 94286
 500686 94333
 516752 516624
 516752 123408
 516752 122384
 516752 122478
 532834 532834
 532834 139618
 532834 137058
 532834 137082
 549108 548980
 549108 155764
 549108 143476
 549108 143480
 565938 533170
 565938 139954
 565938 146610
 565938 146567
 582927 550287
 582927 157071
 582927 147855
 582927 147944
 600104 600232
 600104 141480
 600104 146344
 600104 146335
 617755 617883
 617755 159131
 617755 141211
 617755 141229
 635419 602779
 635419 144027
 635419 134555
 635419 134543
 653407 653407
 653407 129119
 653407 126815
 653407 126740
 671609 704377
 671609 114553
 671609 116601
 671609 116592
 689931 689931
 689931 100107
 689931 105739
 689931 105855
 708461 675821
 708461 85997
 708461 94445
 708461 94393
 727122 727122
 727122 71762
 727122 80210
 727122 80190
 746035 778803
 746035 57907
 746035 61747
 746035 61704
 765110 764982
 765110 44086
 765110 38710
 765110 38757
 784377 751609
 784377 30713
 784377 14073
 784377 13997
 803523 -7552317
 803523 -15677
 803523 -10045
 803523 -10082
 822653 -7598595
 822653 -61955
 822653 -35587
 822653 -35591
 842358 -7578890
 842358 -42250
 842358 -64010
 842358 -64074
 861944 -7526792
 861944 -121224
 861944 -98696
 861944 -98786
 881451 -7474389
 881451 -134357
 881451 -140501
 881451 -140487
 901031 -7520345
 901031 -180313
 901031 -180825
 901031 -180784
 920567 -7435401
 920567 -226441
 920567 -214153
 920567 -214231
 940026 -7448582
 940026 -239622
 940026 -241670
 940026 -241710
 959759 -7428721
 959759 -285297
 959759 -263025
 959759 -262981
 979195 -7409413
 979195 -265989
 979195 -274437
 979195 -274517
 998834 -7357006
 998834 -279118
 998834 -278606
 998834 -278604
 1018327 -7370281
 1018327 -292393
 1018327 -278313
 1018327 -278314
 1037333 -7351275
 1037333 -273387
 1037333 -273643
 1037333 -273542
 1056247 -7299721
 1056247 -287369
 1056247 -265609
 1056247 -265685
 1075269 -7313339
 1075269 -235451
 1075269 -256955
 1075269 -256977
 1094403 -7326845
 1094403 -248957
 1094403 -245885
 1094403 -245819
 1112635 -7275973
 1112635 -198085
 1112635 -227525
 1112635 -227521
 1130712 -7225128
 1130712 -212776
 1130712 -199208
 1130712 -199251
 1148541 -7272835
 1148541 -194947
 1148541 -164227
 1148541 -164289
 1166329 -7255047
 1166329 -111623
 1166329 -126983
 1166329 -127087
 1183786 -7172054
 1183786 -94166
 1183786 -87766
 1183786 -87700
 1201006 -7187474
 1201006 -44050
 1201006 -44306
 1201006 -44386
 1217404 -7171076
 1217404 -27652
 1217404 -3844
 1217404 -3892
 1233255 1200615
 1233255 20967
 1233255 25575
 1233255 25515
 1248978 1281746
 1248978 36562
 1248978 40914
 1248978 40893
 1264128 1296896
 1264128 51712
 1264128 46848
 1264128 46959
 1278929 1278801
 1278929 33617
 1278929 49233
 1278929 49257
 1293232 1293232
 1293232 48048
 1293232 50352
 1293232 50400
 1306699 1306699
 1306699 61515
 1306699 49227
 1306699 49169
 1319812 1352580
 1319812 41860
 1319812 44420
 1319812 44471
 1331971 1364739
 1331971 54019
 1331971 37635
 1331971 37708
 1343486 1343358
 1343486 32638
 1343486 29822
 1343486 29796
 1354623 1321855
 1354623 11135
 1354623 20095
 1354623 20035
 1365312 1332544
 1365312 21824
 1365312 9536
 1365312 9507
 1375179 -7013429
 1375179 -1077
 1375179 -1589
 1375179 -1641
 1383940 -6971772
 1383940 -24956
 1383940 -14972
 1383940 -14880
 1391817 -6964023
 1391817 -17207
 1391817 -32567
 1391817 -32554
 1399138 -6989470
 1399138 -42654
 1399138 -54174
 1399138 -54218
 1405778 -6949934
 1405778 -68654
 1405778 -77358
 1405778 -77376
 1411333 -7010043
 1411333 -128763
 1411333 -100603
 1411333 -100553
 1415961 -7005415
 1415961 -124135
 1415961 -124647
 1415961 -124550
 1419697 -6969039
 1419697 -153295
 1419697 -151247
 1419697 -151275
 1422724 -6998652
 1422724 -182908
 1422724 -185468
 1422724 -185465
 1424679 -6963929
 1424679 -213721
 1424679 -226777
 1424679 -226772
 1425604 -6963004
 1425604 -278332
 1425604 -266812
 1425604 -266825
 1425878 -6995498
 1425878 -310826
 1425878 -300074
 1425878 -300101
 1424614 -6996890
 1424614 -312218
 1424614 -326810
 1424614 -326825
 1422708 -6965900
 1422708 -346764
 1422708 -347020
 1422708 -347102
 1419480 -6969128
 1419480 -349992
 1419480 -357928
 1419480 -358004
 1415205 -7006043
 1415205 -386907
 1415205 -361051
 1415205 -360979
 1409959 -6978777
 1409959 -359641
 1409959 -359641
 1409959 -359553
 1403713 -6952127
 1403713 -332991
 1403713 -353215
 1403713 -353270
 1396054 -6959786
 1396054 -340650
 1396054 -343466
 1396054 -343543
 1387356 -6968484
 1387356 -349348
 1387356 -332708
 1387356 -332688
 1377637 -7010971
 1377637 -326299
 1377637 -319131
 1377637 -319154
 1366971 -7054405
 1366971 -304197
 1366971 -298565
 1366971 -298612
 1355107 -7033373
 1355107 -283165
 1355107 -268061
 1355107 -268157
 1341901 -7046707
 1341901 -230963
 1341901 -231219
 1341901 -231185
 1327652 -7060828
 1327652 -179548
 1327652 -192860
 1327652 -192843
 1312341 -7043371
 1312341 -162091
 1312341 -154411
 1312341 -154427
 1295894 -7125482
 1295894 -113130
 1295894 -112618
 1295894 -112533
 1278585 -7109895
 1278585 -97543
 1278585 -71431
 1278585 -71458
 1259329 -7129151
 1259329 -51263
 1259329 -39487
 1259329 -39454
 1239214 -7149522
 1239214 -6098
 1239214 -20434
 1239214 -20380
 1218153 -7170327
 1218153 -26903
 1218153 -10007
 1218153 -10022
 1196004 -7159836
 1196004 -16412
 1196004 -3100
 1196004 -3172
 1172813 1140173
 1172813 26061
 1172813 2253
 1172813 2214
 1148307 1115411
 1148307 1299
 1148307 5651
 1148307 5665
 1123033 1123033
 1123033 8921
 1123033 5081
 1123033 5060
 1096682 1063914
 1096682 15338
 1096682 2538
 1096682 2448
 1069133 -7286579
 1069133 -12083
 1069133 -819
 1069133 -829
 1040758 -7347722
 1040758 -7690
 1040758 -5898
 1040758 -5970
 1011404 -7344436
 1011404 -4404
 1011404 -11828
 1011404 -11783
 981013 -7407595
 981013 -2027
 981013 -18411
 981013 -18329
 949534 -7406306
 949534 -738
 949534 -26594
 949534 -26584
 917261 -7503987
 917261 -32883
 917261 -39027
 917261 -39038
 883882 -7504854
 883882 -33750
 883882 -55766
 883882 -55770
 849793 -7538943
 849793 -67839
 849793 -74239
 849793 -74115
 815024 -7540816
 815024 -69712
 815024 -92496
 815024 -92509
 779199 -7642177
 779199 -105537
 779199 -111425
 779199 -111395
 742496 -7613344
 742496 -142240
 742496 -132512
 742496 -132592
 705293 -7683315
 705293 -146675
 705293 -159987
 705293 -159918
 667346 -7721262
 667346 -184622
 667346 -194094
 667346 -194088
 628858 -7759750
 628858 -223110
 628858 -227718
 628858 -227797
 589453 -7832051
 589453 -229875
 589453 -254707
 589453 -254694
 549460 -7806380
 549460 -269740
 549460 -275116
 549460 -275095
 509066 -7879542
 509066 -277366
 509066 -289398
 509066 -289297
 467762 -7887950
 467762 -285774
 467762 -294222
 467762 -294261
 426486 -7962122
 426486 -294410
 426486 -291082
 426486 -291091
 384539 -8004069
 384539 -270821
 384539 -283877
 384539 -283818
 341978 -8013990
 341978 -280742
 341978 -271526
 341978 -271514
 299116 -8122260
 299116 -257940
 299116 -255380
 299116 -255425
 256265 -8165111
 256265 -235255
 256265 -237303
 256265 -237304
 212947 -8142893
 212947 -213037
 212947 -216877
 212947 -216849
 169124 -8252252
 169124 -191324
 169124 -190812
 169124 -190728
 125370 -8263366
 125370 -136902
 125370 -154822
 125370 -154877
 81310 -8307298
 81310 -115298
 81310 -111970
 81310 -111880
 37511 -8351225
 37511 -93689
 37511 -67321
 37511 -67215
 -6441 -6569
 -6441 -6569
 -6441 -23209
 -6441 -23257
 -50518 8337962
 -50518 14890
 -50518 23594
 -50518 23576
 -94788 8261052
 -94788 69052
 -94788 70076
 -94788 70071
 -138498 8249982
 -138498 123518
 -138498 108414
 -138498 108311
 -182166 8206570
 -182166 145642
 -182166 133354
 -182166 133372
 -225734 8130234
 -225734 134842
 -225734 148410
 -225734 148384
 -268940 8086900
 -268940 157044
 -268940 160116
 -268940 160011
 -311459 8109917
 -311459 180061
 -311459 170077
 -311459 170024
 -353691 8035045
 -353691 170725
 -353691 177381
 -353691 177309
 -395932 7992676
 -395932 193892
 -395932 181348
 -395932 181352
 -437583 7983665
 -437583 184881
 -437583 183345
 -437583 183328
 -478220 7910260
 -478220 177012
 -478220 184948
 -478220 184868
 -518957 7902291
 -518957 169043
 -518957 185939
 -518957 185933
 -559274 7862230
 -559274 194518
 -559274 187094
 -559274 187047
 -598621 7789987
 -598621 187811
 -598621 187555
 -598621 187593
 -637022 7784226
 -637022 182050
 -637022 184610
 -637022 184578
 -674890 7713718
 -674890 177078
 -674890 176822
 -674890 176871
 -712529 7708719
 -712529 172079
 -712529 164399
 -712529 164354
 -749558 7606410
 -749558 135306
 -749558 148874
 -749558 148911
 -785541 7603195
 -785541 132091
 -785541 133115
 -785541 133044
 -820585 7600791
 -820585 129687
 -820585 115351
 -820585 115431
 -854638 7501074
 -854638 95506
 -854638 95762
 -854638 95840
 -888471 7500265
 -888471 94697
 -888471 72681
 -888471 72624
 -921212 7467396
 -921212 61828
 -921212 43140
 -921212 43261
 -952880 7435728
 -952880 30160
 -952880 12752
 -952880 12737
 -983629 -983629
 -983629 -589
 -983629 -12621
 -983629 -12550
 -1013745 -1046513
 -1013745 -63473
 -1013745 -33009
 -1013745 -32930
 -1042517 -1042645
 -1042517 -59605
 -1042517 -47317
 -1042517 -47313
 -1070442 -1103338
 -1070442 -54762
 -1070442 -51178
 -1070442 -51101
 -1097523 -1097523
 -1097523 -48947
 -1097523 -47923
 -1097523 -47877
 -1123179 -1156075
 -1123179 -41963
 -1123179 -40939
 -1123179 -40848
 -1147876 -1115108
 -1147876 -996
 -1147876 -28900
 -1147876 -28917
 -1171547 -1138907
 -1171547 -24795
 -1171547 -14299
 -1171547 -14320
 -1194348 7161364
 -1194348 17940
 -1194348 1300
 -1194348 1339
 -1216342 7172266
 -1216342 28842
 -1216342 18602
 -1216342 18573
 -1236726 7184650
 -1236726 41226
 -1236726 42250
 -1236726 42315
 -1256092 7099876
 -1256092 87524
 -1256092 75748
 -1256092 75711
 -1274501 7114235
 -1274501 101883
 -1274501 116219
 -1274501 116178
 -1291619 7096989
 -1291619 150173
 -1291619 158109
 -1291619 158191
 -1307561 7081047
 -1307561 199767
 -1307561 199767
 -1307561 199787
 -1322507 7065973
 -1322507 250229
 -1322507 244597
 -1322507 244520
 -1336248 7019592
 -1336248 269384
 -1336248 289352
 -1336248 289380
 -1349294 7072210
 -1349294 322002
 -1349294 325586
 -1349294 325514
 -1360766 7027714
 -1360766 343042
 -1360766 348418
 -1360766 348421
 -1371163 7050213
 -1371163 365541
 -1371163 361445
 -1371163 361390
 -1380341 7008395
 -1380341 389259
 -1380341 370059
 -1380341 370091
 -1388819 6999661
 -1388819 380525
 -1388819 377197
 -1388819 377103
 -1396265 6992343
 -1396265 373207
 -1396265 381911
 -1396265 381908
 -1402279 6986457
 -1402279 367321
 -1402279 382937
 -1402279 382944
 -1407288 6981320
 -1407288 362184
 -1407288 381640
 -1407288 381670
 -1411350 7010026
 -1411350 390890
 -1411350 378858
 -1411350 378854
 -1414407 7006841
 -1414407 387705
 -1414407 373881
 -1414407 373827
 -1416028 7005220
 -1416028 386084
 -1416028 367652
 -1416028 367739
 -1416901 7004475
 -1416901 385339
 -1416901 360763
 -1416901 360756
 -1417078 6971530
 -1417078 352394
 -1417078 352138
 -1417078 352162
 -1416187 6972549
 -1416187 353413
 -1416187 339077
 -1416187 339114
 -1413899 7007477
 -1413899 322805
 -1413899 321525
 -1413899 321513
 -1410943 7010305
 -1410943 325633
 -1410943 301313
 -1410943 301338
 -1407288 6948424
 -1407288 263752
 -1407288 280904
 -1407288 280950
 -1402496 6985984
 -1402496 235776
 -1402496 259584
 -1402496 259699
 -1396897 6991711
 -1396897 241503
 -1396897 236127
 -1396897 236143
 -1390286 6965682
 -1390286 215474
 -1390286 207282
 -1390286 207332
 -1383128 7005608
 -1383128 189864
 -1383128 170664
 -1383128 170712
 -1374658 7014078
 -1374658 132798
 -1374658 133310
 -1374658 133292
 -1365822 7055554
 -1365822 108738
 -1365822 102082
 -1365822 102058
 -1356309 7032299
 -1356309 85483
 -1356309 77035
 -1356309 76956
 -1346000 7075376
 -1346000 63024
 -1346000 57904
 -1346000 57953
 -1334660 7054076
 -1334660 41724
 -1334660 47356
 -1334660 47290
 -1322949 7065659
 -1322949 53307
 -1322949 44859
 -1322949 44853
 -1310702 7110802
 -1310702 32914
 -1310702 46994
 -1310702 46999
 -1297891 7123485
 -1297891 45597
 -1297891 53789
 -1297891 53769
 -1284292 7137084
 -1284292 59196
 -1284292 64060
 -1284292 64121
 -1269781 7085931
 -1269781 73579
 -1269781 75627
 -1269781 75545
 -1255360 7100480
 -1255360 88128
 -1255360 88384
 -1255360 88393
 -1240340 7181036
 -1240340 103148
 -1240340 106988
 -1240340 106998
 -1224944 7163792
 -1224944 151440
 -1224944 135312
 -1224944 135363
 -1208533 7180075
 -1208533 167723
 -1208533 171307
 -1208533 171279
 -1192226 7163614
 -1192226 216798
 -1192226 208606
 -1192226 208633
 -1175344 7245904
 -1175344 233552
 -1175344 245840
 -1175344 245768
 -1158619 7230117
 -1158619 283301
 -1158619 285605
 -1158619 285592
 -1141212 7247396
 -1141212 300580
 -1141212 325668
 -1141212 325674
 -1122915 7232797
 -1122915 351517
 -1122915 357917
 -1122915 357889
 -1104929 7316447
 -1104929 369631
 -1104929 377311
 -1104929 377240
 -1087021 7334355
 -1087021 387539
 -1087021 386259
 -1087021 386250
 -1068618 7319862
 -1068618 373046
 -1068618 390710
 -1068618 390771
 -1049681 7306159
 -1049681 424879
 -1049681 393391
 -1049681 393434
 -1030990 7357618
 -1030990 410802
 -1030990 393906
 -1030990 393970
 -1012231 7376377
 -1012231 364025
 -1012231 390905
 -1012231 390905
 -993318 7395162
 -993318 382810
 -993318 385114
 -993318 385078
 -974165 7447083
 -974165 369195
 -974165 378155
 -974165 378229
 -954545 7466831
 -954545 388943
 -954545 369487
 -954545 369429
 -935118 7420722
 -935118 342834
 -935118 359474
 -935118 359480
 -916055 7472553
 -916055 329129
 -916055 348841
 -916055 348877
 -896441 7492167
 -896441 348743
 -896441 336455
 -896441 336482
 -877092 7511388
 -877092 302428
 -877092 320092
 -877092 320082
 -857874 7530606
 -857874 321646
 -857874 299374
 -857874 299316
 -838555 7550053
 -838555 275557
 -838555 275813
 -838555 275766
 -819313 7601935
 -819313 261903
 -819313 252175
 -819313 252279
 -800122 7555590
 -800122 215558
 -800122 227846
 -800122 227896
 -781254 7607354
 -781254 201786
 -781254 201530
 -781254 201491
 -762215 7659033
 -762215 187929
 -762215 169497
 -762215 169572
 -743590 7645018
 -743590 108378
 -743590 130138
 -743590 130062
 -725167 7630801
 -725167 94161
 -725167 89553
 -725167 89485
 -706751 7714625
 -706751 46913
 -706751 54849
 -706751 54872
 -688119 7667721
 -688119 9
 -688119 26377
 -688119 26435
 -670017 7685695
 -670017 17983
 -670017 4671
 -670017 4616
 -652247 -619351
 -652247 -29527
 -652247 -8279
 -652247 -8230
 -634288 -601520
 -634288 -11696
 -634288 -12720
 -634288 -12800
 -616593 -616465
 -616593 -26641
 -616593 -13073
 -616593 -13155
 -599407 -599535
 -599407 -9711
 -599407 -8943
 -599407 -8941
 -582470 -549702
 -582470 -25414
 -582470 -838
 -582470 -882
 -565801 7822679
 -565801 23895
 -565801 8535
 -565801 8481
 -549208 7806632
 -549208 7848
 -549208 19624
 -549208 19634
 -532717 7856019
 -532717 57235
 -532717 36499
 -532717 36562
 -516630 7904746
 -516630 40426
 -516630 62954
 -516630 62917
 -500888 7887720
 -500888 88936
 -500888 97128
 -500888 97105
 -485278 7870562
 -485278 137314
 -485278 133218
 -485278 133244
 -470236 7918500
 -470236 185252
 -470236 168868
 -470236 168940
 -455490 7933118
 -455490 199870
 -455490 207550
 -455490 207593
 -441023 7980353
 -441023 247105
 -441023 246593
 -441023 246596
 -426400 7962336
 -426400 294624
 -426400 278240
 -426400 278189
 -412420 7976060
 -412420 308348
 -412420 297596
 -412420 297473
 -399034 7989702
 -399034 321990
 -399034 305862
 -399034 305866
 -385401 8035975
 -385401 302727
 -385401 310151
 -385401 310163
 -371999 8049377
 -371999 316129
 -371999 312545
 -371999 312562
 -359390 8029346
 -359390 296098
 -359390 312738
 -359390 312796
 -347199 8041281
 -347199 308033
 -347199 309313
 -347199 309340
 -335099 8053637
 -335099 320389
 -335099 303237
 -335099 303262
 -322925 8098451
 -322925 299667
 -322925 296339
 -322925 296356
 -311257 8077351
 -311257 278567
 -311257 287527
 -311257 287496
 -300034 8088446
 -300034 289662
 -300034 277374
 -300034 277302
 -288934 8067034
 -288934 268250
 -288934 266714
 -288934 266667
 -278266 8110470
 -278266 246150
 -278266 254342
 -278266 254373
 -267953 8120655
 -267953 256335
 -267953 238671
 -267953 238672
 -257933 8130803
 -257933 200947
 -257933 218099
 -257933 218067
 -247760 8173616
 -247760 178224
 -247760 194608
 -247760 194673
 -238369 8183007
 -238369 187615
 -238369 171743
 -238369 171773
 -229188 8126524
 -229188 131132
 -229188 148284
 -229188 148229
 -220259 8168349
 -220259 107421
 -220259 122781
 -220259 122788
 -211176 8144664
 -211176 83736
 -211176 91928
 -211176 91982
 -202512 8186096
 -202512 59632
 -202512 53488
 -202512 53448
 -194478 8194258
 -194478 2258
 -194478 13010
 -194478 12988
 -186438 -153670
 -186438 -22598
 -186438 -21574
 -186438 -21519
 -178641 -178513
 -178641 -47441
 -178641 -49233
 -178641 -49211
 -171274 -138506
 -171274 -72970
 -171274 -70666
 -171274 -70706
 -163965 -131325
 -163965 -65789
 -163965 -83709
 -163965 -83679
 -157221 -157349
 -157221 -91813
 -157221 -87717
 -157221 -87785
 -150785 -150785
 -150785 -85249
 -150785 -87297
 -150785 -87416
 -144186 -144186
 -144186 -78650
 -144186 -82234
 -144186 -82194
 -137951 -137823
 -137951 -72287
 -137951 -73311
 -137951 -73282
 -131762 -164402
 -131762 -33330
 -131762 -63282
 -131762 -63281
 -125940 -125812
 -125940 -60276
 -125940 -51572
 -125940 -51478
 -120457 -120457
 -120457 -54921
 -120457 -34185
 -120457 -34189
 -114949 -82181
 -114949 -16645
 -114949 -7173
 -114949 -7293
 -109707 8278901
 -109707 21365
 -109707 27765
 -109707 27649
 -104741 8316635
 -104741 59099
 -104741 64987
 -104741 64900
 -99965 8321411
 -99965 129411
 -99965 101507
 -99965 101540
 -95588 8260124
 -95588 133660
 -95588 140828
 -95588 140906
 -91314 8297422
 -91314 170958
 -91314 181454
 -91314 181484
 -86924 8268916
 -86924 207988
 -86924 214900
 -86924 214820
 -82719 8305889
 -82719 244961
 -82719 236001
 -82719 235974
 -78662 8309818
 -78662 248890
 -78662 246074
 -78662 246078
 -75005 8313603
 -75005 252675
 -75005 250627
 -75005 250634
 -71250 8317230
 -71250 256302
 -71250 253998
 -71250 253957
 -67701 8320779
 -67701 259851
 -67701 255499
 -67701 255547
 -64462 8356914
 -64462 230450
 -64462 253234
 -64462 253208
 -61542 8359834
 -61542 233370
 -61542 248730
 -61542 248742
 -58525 8362979
 -58525 236515
 -58525 243427
 -58525 243408
 -55371 8366005
 -55371 239541
 -55371 235701
 -55371 235761
 -52618 8336118
 -52618 209654
 -52618 226806
 -52618 226737
 -50072 8338664
 -50072 212200
 -50072 217576
 -50072 217560
 -47549 8341059
 -47549 214595
 -47549 206403
 -47549 206389
 -45195 8376309
 -45195 184309
 -45195 191989
 -45195 191963
 -42868 8378380
 -42868 186380
 -42868 172556
 -42868 172587
 -40644 8348092
 -40644 156092
 -40644 150460
 -40644 150432
 -38499 8382749
 -38499 125213
 -38499 128285
 -38499 128292
 -36515 8384861
 -36515 127325
 -36515 105821
 -36515 105807
 -34665 8353815
 -34665 96279
 -34665 80663
 -34665 80744
 -32784 8388464
 -32784 65392
 -32784 51568
 -32784 51462
 -30856 8325112
 -30856 2040
 -30856 14584
 -30856 14555
 -29341 -29213
 -29341 -29213
 -29341 -24861
 -29341 -24960
 -27826 -60466
 -27826 -60466
 -27826 -58674
 -27826 -58685
 -26345 -26217
 -26345 -91753
 -26345 -85609
 -26345 -85575
 -24914 -57810
 -24914 -123346
 -24914 -106450
 -24914 -106441
 -23531 -56299
 -23531 -121835
 -23531 -119275
 -23531 -119250
 -22073 -54969
 -22073 -120505
 -22073 -123065
 -22073 -123039
 -20914 -53682
 -20914 -119218
 -20914 -121778
 -20914 -121765
 -19706 -52474
 -19706 -118010
 -19706 -115962
 -19706 -115963
 -18698 -51466
 -18698 -117002
 -18698 -106506
 -18698 -106579
 -17883 -17883
 -17883 -83419
 -17883 -95451
 -17883 -95383
 -16625 -16625
 -16625 -82161
 -16625 -82673
 -16625 -82652
 -15831 -48471
 -15831 -48471
 -15831 -65111
 -15831 -65147
 -14824 -47592
 -14824 -47592
 -14824 -38376
 -14824 -38326
 -13814 -13814
 -13814 -13814
 -13814 -3062
 -13814 -3069
 -13128 8375352
 -13128 52280
 -13128 34616
 -13128 34663
 -12324 8343388
 -12324 85852
 -12324 71772
 -12324 71804
 -11521 8376959
 -11521 119423
 -11521 111487
 -11521 111486
 -10786 8344926
 -10786 152926
 -10786 152414
 -10786 152407
 -10487 8378121
 -10487 186121
 -10487 186889
 -10487 187004
 -10060 8345780
 -10060 219316
 -10060 209588
 -10060 209632
 -9364 8346604
 -9364 220140
 -9364 220908
 -9364 220864
 -8727 8347113
 -8727 220649
 -8727 226537
 -8727 226559
 -8274 8380334
 -8274 253870
 -8274 230574
 -8274 230640
 -7967 8380641
 -7967 254177
 -7967 232929
 -7967 232939
 -7473 8381007
 -7473 254543
 -7473 231503
 -7473 231535
 -6889 8349079
 -6889 222615
 -6889 227479
 -6889 227466
 -6715 8348997
 -6715 222533
 -6715 222277
 -6715 222242
 -6490 8349222
 -6490 222758
 -6490 215078
 -6490 215082
 -5785 8350183
 -5785 223719
 -5785 206823
 -5785 206796
 -5174 8350666
 -5174 224202
 -5174 197578
 -5174 197567
 -4989 8383619
 -4989 191619
 -4989 187523
 -4989 187625
 -4883 8383725
 -4883 191725
 -4883 173805
 -4883 173722
 -4544 8351296
 -4544 159296
 -4544 154944
 -4544 154955
 -4010 8351830
 -4010 159830
 -4010 133718
 -4010 133708
 -3689 8384919
 -3689 127383
 -3689 111767
 -3689 111850
 -3399 8352313
 -3399 94777
 -3399 89913
 -3399 89909
 -3627 8352213
 -3627 94677
 -3627 66005
 -3627 65989
 -3672 8384808
 -3672 61736
 -3672 37672
 -3672 37711
 -3430 8352410
 -3430 29338
 -3430 1434
 -3430 1533
 -2935 -35831
 -2935 -35831
 -2935 -37623
 -2935 -37630
 -2698 -2570
 -2698 -68106
 -2698 -70922
 -2698 -71017
 -2750 -2622
 -2750 -68158
 -2750 -97598
 -2750 -97647
 -2368 -35136
 -2368 -100672
 -2368 -118592
 -2368 -118560
 -2178 -2050
 -2178 -133122
 -2178 -131330
 -2178 -131397
 -2227 -2099
 -2227 -133171
 -2227 -135219
 -2227 -135188
 -1988 -1860
 -1988 -132932
 -1988 -134212
 -1988 -134151
 -1594 -34490
 -1594 -100026
 -1594 -128698
 -1594 -128747
 -1523 -34291
 -1523 -99827
 -1523 -119027
 -1523 -118960
 -1681 -34449
 -1681 -99985
 -1681 -107665
 -1681 -107734
 -1803 -1931
 -1803 -67467
 -1803 -95115
 -1803 -95133
 -1584 -1584
 -1584 -67120
 -1584 -77872
 -1584 -77906
 -1039 -33935
 -1039 -33935
 -1039 -51343
 -1039 -51363
 -1052 -1180
 -1052 -1180
 -1052 -16284
 -1052 -16355
 -1432 8354408
 -1432 31336
 -1432 21864
 -1432 21800
 -1474 8387134
 -1474 64062
 -1474 59198
 -1474 59171
 -1269 8387339
 -1269 129803
 -1269 98571
 -1269 98663
 -864 8354976
 -864 162976
 -864 140192
 -864 140202
 -1028 8387452
 -1028 195452
 -1028 175484
 -1028 175362
 -1327 8354513
 -1327 228049
 -1327 198865
 -1327 198866
 -1204 8354636
 -1204 228172
 -1204 210764
 -1204 210694
 -898 8354942
 -898 228478
 -898 216958
 -898 216936
 -635 8355077
 -635 228613
 -635 221189
 -635 221281
 -879 8354833
 -879 228369
 -879 223761
 -879 223836
 -900 8355068
 -900 228604
 -900 222972
 -900 222890
 -761 8355207
 -761 228743
 -761 219015
 -761 219081
 -721 8355247
 -721 228783
 -721 214191
 -721 214225
 -590 8355250
 -590 228786
 -590 207538
 -590 207590
 -782 8354930
 -782 228466
 -782 199538
 -782 199477
 -835 8387773
 -835 195773
 -835 190909
 -835 190917
 -662 8388074
 -662 196074
 -662 181226
 -662 181135
 -792 8387688
 -792 195688
 -792 167784
 -792 167684
 -804 8354908
 -804 162908
 -804 149596
 -804 149564
 -698 8387910
 -698 130374
 -698 128326
 -698 128377
 -354 8388254
 -354 130718
 -354 106654
 -354 106646
 -283 8355557
 -283 98021
 -283 84709
 -283 84644
 -466 8388142
 -466 65070
 -466 60974
 -466 61025
 -480 8388128
 -480 65056
 -480 33312
 -480 33300
 -195 -195
 -195 -195
 -195 -2499
 -195 -2493
 -151 -32919
 -151 -32919
 -151 -41623
 -151 -41645
 -473 -473
 -473 -66009
 -473 -75481
 -473 -75513
 -283 -33179
 -283 -98715
 -283 -102811
 -283 -102796
 -8 -32904
 -8 -98440
 -8 -123784
 -8 -123829
 -101 -229
 -101 -131301
 -101 -136677
 -101 -136694
 -127 -127
 -127 -131199
 -127 -140671
 -127 -140659
 -35 -35
 -35 -131107
 -35 -139555
 -35 -139581
 -19 -147
 -19 -131219
 -19 -134291
 -19 -134276
 -432 -33072
 -432 -98608
 -432 -124720
 -432 -124752
 -612 -33508
 -612 -99044
 -612 -113636
 -612 -113594
 -286 -33054
 -286 -98590
 -286 -101150
 -286 -101179
 -257 -385
 -257 -65921
 -257 -84097
 -257 -84169
 -508 -33148
 -508 -33148
 -508 -57980
 -508 -57875
 -291 -419
 -291 -419
 -291 -22947
 -291 -23022
 -168 8355800
 -168 32728
 -168 15064
 -168 15021
 -243 8388365
 -243 65293
 -243 52237
 -243 52259
 -186 8355782
 -186 98246
 -186 91590
 -186 91610
 -384 8355456
 -384 163456
 -384 132992
 -384 133104
 -238 8388498
 -238 196498
 -238 168850
 -238 168921
 -172 8388564
 -172 196564
 -172 193236
 -172 193221
 -331 8355509
 -331 229045
 -331 205493
 -331 205497
 -312 8355528
 -312 229064
 -312 212424
 -312 212436
 -466 8355502
 -466 229038
 -466 217006
 -466 217020
 -70 8355770
 -70 229306
 -70 219834
 -70 219887
 148 148
 148 196756
 148 219028
 148 219018
 -76 8355636
 -76 229172
 -76 215348
 -76 215401
 -185 8355655
 -185 229191
 -185 210503
 -185 210494
 -225 8355615
 -225 229151
 -225 204063
 -225 204032
 -67 8388541
 -67 196541
 -67 196285
 -67 196263
 -225 8388511
 -225 196511
 -225 188063
 -225 188134
 -500 8388108
 -500 196108
 -500 177932
 -500 177976
 -301 8388179
 -301 196179
 -301 164691
 -301 164693
 -161 8355807
 -161 163807
 -161 146655
 -161 146667
 -162 8388446
 -162 130910
 -162 125534
 -162 125514
 -120 8388488
 -120 130952
 -120 104072
 -120 104171
 -220 8355748
 -220 98212
 -220 82596
 -220 82568
 -178 8388558
 -178 65486
 -178 59086
 -178 59052
 -321 8355391
 -321 32319
 -321 31551
 -321 31603
 -353 -353
 -353 -353
 -353 -3681
 -353 -3642
 -222 -32990
 -222 -32990
 -222 -42718
 -222 -42725
 -122 -122
 -122 -65658
 -122 -76922
 -122 -76920
 -430 -33070
 -430 -98606
 -430 -104238
 -430 -104224
 -470 -33238
 -470 -98774
 -470 -125654
 -470 -125659
 -111 -111
 -111 -131183
 -111 -139119
 -111 -139079
 -208 -208
 -208 -131280
 -208 -143824
 -208 -143745
 -349 -477
 -349 -131549
 -349 -143069
 -349 -142987
 -88 -88
 -88 -131160
 -88 -137816
 -88 -137814
 -119 -32887
 -119 -98423
 -119 -128375
 -119 -128272
 -110 -32878
 -110 -98414
 -110 -117358
 -110 -117259
 -60 -32828
 -60 -98364
 -60 -105020
 -60 -105044
 -164 -36
 -164 -65572
 -164 -88356
 -164 -88335
 -118 -33014
 -118 -33014
 -118 -62454
 -118 -62387
 -169 -41
 -169 -41
 -169 -27689
 -169 -27765
 33 161
 33 161
 33 10145
 33 10140
 196 32964
 196 32964
 196 47300
 196 47312
 11 139
 11 65675
 11 86411
 11 86490
 50 32946
 50 98482
 50 127922
 50 127935
 -111 8388369
 -111 196369
 -111 164369
 -111 164353
 -9 8388599
 -9 196599
 -9 189175
 -9 189143
 168 40
 168 196648
 168 202024
 168 202026
 -62 8355650
 -62 229186
 -62 208706
 -62 208767
 -293 8355419
 -293 228955
 -293 213339
 -293 213323
 -436 8355532
 -436 229068
 -436 216268
 -436 216209
 -281 8355559
 -281 229095
 -281 215783
 -281 215729
 -64 8355648
 -64 229184
 -64 212288
 -64 212330
 -140 8355700
 -140 229236
 -140 207732
 -140 207621
 -354 8355358
 -354 228894
 -354 201246
 -354 201247
 -238 8388370
 -238 196370
 -238 193298
 -238 193323
 38 32934
 38 164006
 38 184998
 38 185054
 212 32852
 212 163924
 212 175188
 212 175161
 -55 8355785
 -55 163785
 -55 162249
 -55 162265
 -297 8355415
 -297 163415
 -297 144727
 -297 144738
 -259 8388349
 -259 130813
 -259 123645
 -259 123530
 -92 8388388
 -92 130852
 -92 102180
 -92 102163
 -83 8355757
 -83 98221
 -83 80557
 -83 80573
 -311 8388297
 -311 65225
 -311 57289
 -311 57286
 -81 8355759
 -81 32687
 -81 30383
 -81 30448
 -176 -48
 -176 -48
 -176 -4400
 -176 -4411
 -344 -33240
 -344 -33240
 -344 -43480
 -344 -43415
 -414 -414
 -414 -65950
 -414 -77726
 -414 -77755
 -323 -33219
 -323 -98755
 -323 -105155
 -323 -105203
 -251 -32891
 -251 -98427
 -251 -127355
 -251 -127247
 81 -8355631
 81 -163631
 81 -141615
 81 -141625
 202 -8355766
 202 -163766
 202 -146614
 202 -146584
 232 -8355736
 232 -163736
 232 -145816
 232 -145920
 -355 -483
 -355 -131555
 -355 -141027
 -355 -141008
 -290 -418
 -290 -131490
 -290 -131746
 -290 -131769
 -274 -33042
 -274 -98578
 -274 -120594
 -274 -120613
 -96 -32864
 -96 -98400
 -96 -108384
 -96 -108297
 167 -8355673
 167 -98137
 167 -91993
 167 -91925
 347 -8355365
 347 -97829
 347 -66853
 347 -66900
 71 -8388409
 71 -65337
 71 -32825
 71 -32895
 -312 8355400
 -312 32328
 -312 5192
 -312 5220
 -231 8388377
 -231 65305
 -231 42521
 -231 42593
 65 193
 65 65729
 65 81601
 65 81609
 -110 8388370
 -110 130834
 -110 123410
 -110 123414
 -333 8355379
 -333 163379
 -333 160307
 -333 160373
 -83 8388397
 -83 196397
 -83 186157
 -83 186205
 -63 8355777
 -63 229313
 -63 199361
 -63 199314
 -240 8355600
 -240 229136
 -240 206352
 -240 206372
 -289 8355551
 -289 229087
 -289 210911
 -289 210871
 -189 8355779
 -189 229315
 -189 213955
 -189 213935
 115 243
 115 196851
 115 213747
 115 213721
 6 6
 6 196614
 6 210182
 6 210245
 -230 8355738
 -230 229274
 -230 205722
 -230 205751
 -137 8355703
 -137 229239
 -137 199287
 -137 199242
 -78 8388402
 -78 196402
 -78 191282
 -78 191321
 -273 8388207
 -273 196207
 -273 183151
 -273 183053
 -511 8388097
 -511 196097
 -511 173569
 -511 173669
 -279 8355561
 -279 163561
 -279 161001
 -279 161020
 -47 8355793
 -47 163793
 -47 143569
 -47 143566
 106 32874
 106 98410
 106 122986
 106 122903
 -197 8388411
 -197 130875
 -197 101435
 -197 101424
 -359 8355353
 -359 97817
 -359 79897
 -359 79948
 -53 8388427
 -53 65355
 -53 56651
 -53 56682
 -107 8355605
 -107 32533
 -107 29973
 -107 29981
 -321 -449
 -321 -449
 -321 -4289
 -321 -4268
 -215 -32983
 -215 -32983
 -215 -43223
 -215 -43247
 65 -8355647
 65 -98111
 65 -78399
 65 -78360
 35 -8388445
 35 -130909
 35 -106333
 35 -106241
 -144 -32912
 -144 -98448
 -144 -128400
 -144 -128407
 -344 -472
 -344 -131544
 -344 -143064
 -344 -143082
 -191 -191
 -191 -131263
 -191 -148159
 -191 -148131
 -214 -214
 -214 -131286
 -214 -147670
 -214 -147651
 36 -8355804
 36 -163804
 36 -143068
 36 -142990
 99 -8355741
 99 -163741
 99 -133789
 99 -133822
 -359 -33127
 -359 -98663
 -359 -122727
 -359 -122700
 -255 -33023
 -255 -98559
 -255 -110591
 -255 -110534
 -71 -71
 -71 -65607
 -71 -94535
 -71 -94487
 -363 -363
 -363 -65899
 -363 -69739
 -363 -69697
 -345 -33113
 -345 -33113
 -345 -36185
 -345 -36177
 -134 8355706
 -134 32634
 -134 1658
 -134 1589
 20 32916
 20 32916
 20 39060
 20 39109
 -299 8355413
 -299 97877
 -299 77909
 -299 77917
 -543 8387937
 -543 130401
 -543 119649
 -543 119557
 -47 8355665
 -47 163665
 -47 157009
 -47 157020
 -114 8388494
 -114 196494
 -114 183438
 -114 183475
 -264 8355448
 -264 228984
 -264 197496
 -264 197395
 -425 8355543
 -425 229079
 -425 204503
 -425 204442
 -208 8355632
 -208 229168
 -208 209200
 -208 209169
 43 171
 43 196779
 43 211883
 43 211962
 -93 8355747
 -93 229283
 -93 211619
 -93 211631
 -263 8355577
 -263 229113
 -263 208633
 -263 208606
 -295 8355417
 -295 228953
 -295 204377
 -295 204291
 16 144
 16 196752
 16 198288
 16 198306
 219 32987
 219 164059
 219 190427
 219 190363
 140 32908
 140 163980
 140 182156
 140 182165
 -227 8388381
 -227 196381
 -227 172829
 -227 172893
 -446 8355394
 -446 163394
 -446 160578
 -446 160619
 -344 8355368
 -344 163368
 -344 143656
 -344 143688
 84 32980
 84 98516
 84 123092
 84 123075
 96 32864
 96 98400
 96 101472
 96 101377
 -249 8355591
 -249 98055
 -249 79879
 -249 79874
 -387 8388221
 -387 65149
 -387 56957
 -387 56877
 -334 8355378
 -334 32306
 -334 30258
 -334 30335
 -56 -184
 -56 -184
 -56 -3512
 -56 -3466
 -151 -32919
 -151 -32919
 -151 -42903
 -151 -42975
 -365 -365
 -365 -65901
 -365 -78445
 -365 -78440
 -109 -32877
 -109 -98413
 -109 -106861
 -109 -106831
 -172 -32812
 -172 -98348
 -172 -129068
 -172 -129045
 -223 -223
 -223 -131295
 -223 -144095
 -223 -144028
 -383 -383
 -383 -131455
 -383 -149887
 -383 -149882
 -526 -654
 -526 -131726
 -526 -149390
 -526 -149466
 -124 -124
 -124 -131196
 -124 -145276
 -124 -145197
 -7 -135
 -7 -131207
 -7 -136071
 -7 -136092
 -36 -32804
 -36 -98340
 -36 -124964
 -36 -124942
 -260 -33028
 -260 -98564
 -260 -112644
 -260 -112725
 -164 -36
 -164 -65572
 -164 -96804
 -164 -96863
 53 -8355787
 53 -98251
 53 -72651
 53 -72602
 -103 -32999
 -103 -32999
 -103 -39399
 -103 -39300
 -53 -181
 -53 -181
 -53 -1461
 -53 -1523
 -10 8388598
 -10 65526
 -10 36086
 -10 36013
 75 75
 75 65611
 75 74571
 75 74601
 -12 8388468
 -12 130932
 -12 116340
 -12 116273
 -257 8355455
 -257 163455
 -257 154239
 -257 154155
 -137 8388471
 -137 196471
 -137 181111
 -137 181055
 -153 8388583
 -153 196583
 -153 195303
 -153 195319
 10 10
 10 196618
 10 202762
 10 202856
 -114 8355598
 -114 229134
 -114 207886
 -114 207983
 -219 8355621
 -219 229157
 -219 211237
 -219 211297
 -116 8355724
 -116 229260
 -116 211084
 -116 211187
 -121 8355719
 -121 229255
 -121 208007
 -121 208032
 -114 8355598
 -114 229134
 -114 203278
 -114 203357
 19 19
 19 196627
 19 197139
 19 197196
 122 33018
 122 164090
 122 189434
 122 189421
 149 32917
 149 163989
 149 181141
 149 181237
 42 32810
 42 163882
 42 172074
 42 172095
 -214 8355626
 -214 163626
 -214 160298
 -214 160324
 -280 8355560
 -280 163560
 -280 143848
 -280 143758
 -98 8388510
 -98 130974
 -98 123038
 -98 123097
 20 32788
 20 98324
 20 101396
 20 101449
 -22 8355818
 -22 98282
 -22 79850
 -22 79853
 -209 8388399
 -209 65327
 -209 56879
 -209 56846
 69 197
 69 197
 69 30661
 69 30605
 55 -8355785
 55 -32713
 55 -2761
 55 -2737
 -82 -32850
 -82 -32850
 -82 -41554
 -82 -41486
 -284 -284
 -284 -65820
 -284 -77084
 -284 -77112
 -386 -33154
 -386 -98690
 -386 -105602
 -386 -105706
 -286 -33054
 -286 -98590
 -286 -128542
 -286 -128534
 -69 -197
 -69 -131269
 -69 -144325
 -69 -144259
 62 -8355650
 62 -163650
 62 -150338
 62 -150353
 -234 -234
 -234 -131306
 -234 -150506
 -234 -150409
 -335 -463
 -335 -131535
 -335 -146127
 -335 -146166
 6 -8355706
 6 -163706
 6 -137338
 6 -137277
 -179 -32947
 -179 -98483
 -179 -126387
 -179 -126359
 -586 -33354
 -586 -98890
 -586 -114506
 -586 -114472
 -294 -33062
 -294 -98598
 -294 -98854
 -294 -98931
 40 -8355672
 40 -98136
 40 -75096
 40 -75097
 48 -8388432
 48 -65360
 48 -42064
 48 -42106
 -29 -29
 -29 -29
 -29 -4381
 -29 -4393
 -27 8388581
 -27 65509
 -27 32997
 -27 32993
 94 222
 94 65758
 94 71390
 94 71420
 -36 8388572
 -36 131036
 -36 112860
 -36 112876
 3 3
 3 131075
 3 151043
 3 151131
 138 32778
 138 163850
 138 178442
 138 178540
 26 32794
 26 163866
 26 193306
 26 193350
 79 79
 79 196687
 79 201295
 79 201240
 -64 8355648
 -64 229184
 -64 206144
 -64 206197
 -120 8355720
 -120 229256
 -120 209544
 -120 209563
 -92 8355748
 -92 229284
 -92 209828
 -92 209910
 -88 8355752
 -88 229288
 -88 206760
 -88 206841
 6 6
 6 196614
 6 202758
 6 202768
 -236 8355732
 -236 229268
 -236 197012
 -236 197005
 -12 8388468
 -12 196468
 -12 189300
 -12 189296
 151 32791
 151 163863
 151 181015
 151 181032
 -290 8388190
 -290 196190
 -290 171870
 -290 171820
 -207 8355633
 -207 163633
 -207 160049
 -207 160054
 42 170
 42 131242
 42 143530
 42 143601
 196 32836
 196 98372
 196 123460
 196 123472
 56 32952
 56 98488
 56 101816
 56 101832
 -226 8355614
 -226 98078
 -226 80414
 -226 80507
 -104 8388376
 -104 65304
 -104 57624
 -104 57631
 -100 8355612
 -100 32540
 -100 31772
 -100 31766
 -135 -135
 -135 -135
 -135 -903
 -135 -1019
 -58 -32826
 -58 -32826
 -58 -39994
 -58 -40037
 -226 -226
 -226 -65762
 -226 -76002
 -226 -76028
 -81 -32977
 -81 -98513
 -81 -104657
 -81 -104702
 -124 -33020
 -124 -98556
 -124 -127484
 -124 -127485
 -336 -336
 -336 -131408
 -336 -143696
 -336 -143726
 -267 -395
 -267 -131467
 -267 -150411
 -267 -150512
 -77 -77
 -77 -131149
 -77 -150861
 -77 -150834
 71 -8355641
 71 -163641
 71 -147257
 71 -147235
 -108 -108
 -108 -131180
 -108 -138604
 -108 -138596
 -180 -32820
 -180 -98356
 -180 -127540
 -180 -127612
 105 -8388503
 105 -130967
 105 -115607
 105 -115612
 158 -8388450
 158 -130914
 158 -100450
 158 -100438
 -82 -210
 -82 -65746
 -82 -77266
 -82 -77248
 -286 -33054
 -286 -33054
 -286 -44574
 -286 -44596
 -410 -410
 -410 -410
 -410 -7066
 -410 -7136
 47 47
 47 47
 47 30255
 47 30278
 237 109
 237 65645
 237 68461
 237 68457
 73 32969
 73 98505
 73 109769
 73 109710
 -110 8355730
 -110 163730
 -110 148370
 -110 148410
 -86 8388522
 -86 196522
 -86 176810
 -86 176862
 202 32970
 202 164042
 202 192458
 202 192481
 226 226
 226 196834
 226 200418
 226 200379
 182 182
 182 196790
 182 205238
 182 205249
 178 178
 178 196786
 178 208818
 178 208845
 -220 8355620
 -220 229156
 -220 209444
 -220 209524
 -301 8355411
 -301 228947
 -301 206931
 -301 206964
 -76 8355636
 -76 229172
 -76 202548
 -76 202534
 181 53
 181 196661
 181 196917
 181 196919
 -36 8388444
 -36 196444
 -36 189276
 -36 189284
 -350 8388130
 -350 196130
 -350 181026
 -350 181094
 -260 8388348
 -260 196348
 -260 172028
 -260 172010
 -271 8355569
 -271 163569
 -271 160497
 -271 160444
 -322 8355390
 -322 163390
 -322 143934
 -322 143934
 -339 8388269
 -339 130733
 -339 123821
 -339 123842
 -458 8388150
 -458 130614
 -458 102198
 -458 102236
 -53 8355659
 -53 98123
 -53 80715
 -53 80738
 290 33186
 290 33186
 290 58274
 290 58350
 -23 8388585
 -23 65513
 -23 33001
 -23 33023
 -121 8355719
 -121 32647
 -121 647
 -121 655
 -186 -32954
 -186 -32954
 -186 -38074
 -186 -38088
 36 -8355676
 36 -98140
 36 -74588
 36 -74500
 192 -8388416
 192 -130880
 192 -103744
 192 -103740
 -162 -32930
 -162 -98466
 -162 -127138
 -162 -127180
 45 -8355795
 45 -163795
 45 -143827
 45 -143813
 111 -8355601
 111 -163601
 111 -151057
 111 -151068
 -252 -124
 -252 -131196
 -252 -151676
 -252 -151599
 -212 -212
 -212 -131284
 -212 -148180
 -212 -148214
 153 -8355687
 153 -163687
 153 -139623
 153 -139548
 129 -8388607
 129 -131071
 129 -128767
 129 -128643
 -128 -33024
 -128 -98560
 -128 -116736
 -128 -116637
 -174 -32814
 -174 -98350
 -174 -101934
 -174 -101984
 -254 -126
 -254 -65662
 -254 -79742
 -254 -79673
 -286 -33054
 -286 -33054
 -286 -47646
 -286 -47736
 59 -8355781
 59 -32709
 59 -10181
 59 -10236
 316 444
 316 444
 316 27580
 316 27567
 165 37
 165 65573
 165 65829
 165 65828
 125 32893
 125 98429
 125 107133
 125 107017
 258 258
 258 131330
 258 145922
 258 145973
 170 32810
 170 163882
 170 174890
 170 174966
 45 32813
 45 163885
 45 191021
 45 191085
 -279 8355561
 -279 229097
 -279 199145
 -279 199161
 -66 8355774
 -66 229310
 -66 204222
 -66 204245
 115 243
 115 196851
 115 208115
 115 208031
 -169 8355799
 -169 229335
 -169 209111
 -169 209083
 -340 8355372
 -340 228908
 -340 206636
 -340 206634
 -135 8355705
 -135 229241
 -135 202361
 -135 202352
 -158 8355810
 -158 229346
 -158 196834
 -158 196805
 -261 8388347
 -261 196347
 -261 189691
 -261 189582
 -319 8388161
 -319 196161
 -319 181057
 -319 181074
 46 32814
 46 163886
 46 171822
 46 171799
 -214 8355754
 -214 163754
 -214 160426
 -214 160398
 -253 8355715
 -253 163715
 -253 144259
 -253 144293
 -103 8388505
 -103 130969
 -103 124313
 -103 124316
 -28 8388580
 -28 131044
 -28 102884
 -28 102808
 151 23
 151 65559
 151 81687
 151 81773
 9 32905
 9 32905
 9 59273
 9 59282
 128 32768
 128 32768
 128 34048
 128 34117
 -103 8355609
 -103 32537
 -103 2329
 -103 2376
 -11 -32779
 -11 -32779
 -11 -36107
 -11 -36153
 218 -8355622
 218 -98086
 218 -72998
 218 -72966
 -11 -32779
 -11 -98315
 -11 -102667
 -11 -102685
 -328 -33096
 -328 -98632
 -328 -126536
 -328 -126542
 -187 -187
 -187 -131259
 -187 -143803
 -187 -143746
 241 -8355727
 241 -163727
 241 -151439
 241 -151440
 309 -8355531
 309 -163531
 309 -152267
 309 -152218
 -133 -133
 -133 -131205
 -133 -148869
 -133 -148895
 -140 -140
 -140 -131212
 -140 -140940
 -140 -140940
 197 -8388411
 197 -130875
 197 -130363
 197 -130316
 74 -8388406
 74 -130870
 74 -118070
 74 -118141
 -214 -32854
 -214 -98390
 -214 -103510
 -214 -103532
 -216 -88
 -216 -65624
 -216 -81496
 -216 -81524
 14 -8388594
 14 -65522
 14 -50162
 14 -50071
 207 -8355633
 207 -32561
 207 -12849
 207 -12821
 41 41
 41 41
 41 25129
 41 25137
 24 32792
 24 32792
 24 63256
 24 63237
 117 32885
 117 98421
 117 104309
 117 104239
 -72 8355768
 -72 163768
 -72 143544
 -72 143490
 -76 8388404
 -76 196404
 -76 173364
 -76 173405
 136 32776
 136 163848
 136 190216
 136 190271
 226 226
 226 196834
 226 198626
 226 198552
 197 197
 197 196805
 197 203717
 197 203650
 -42 8355798
 -42 229334
 -42 207318
 -42 207262
 -97 8355743
 -97 229279
 -97 208287
 -97 208375
 -201 8355767
 -201 229303
 -201 205751
 -201 205726
 142 142
 142 196750
 142 201614
 142 201720
 -52 8388428
 -52 196428
 -52 196428
 -52 196401
 -49 8388431
 -49 196431
 -49 189007
 -49 188972
 211 32979
 211 164051
 211 180947
 211 180970
 294 33190
 294 164262
 294 171942
 294 171995
 98 98
 98 131170
 98 160866
 98 160828
 -117 8355723
 -117 163723
 -117 145291
 -117 145331
 -311 8388169
 -311 130633
 -311 125513
 -311 125498
 70 32838
 70 98374
 70 104006
 70 103940
 338 338
 338 65874
 338 82514
 338 82439
 -104 8388376
 -104 65304
 -104 59928
 -104 59921
 -95 8388513
 -95 65441
 -95 34977
 -95 34954
 -189 8355779
 -189 32707
 -189 3523
 -189 3570
 155 -8388581
 155 -65509
 155 -34533
 155 -34547
 224 -8355616
 224 -98080
 224 -71200
 224 -71254
 -52 -32820
 -52 -98356
 -52 -101684
 -52 -101648
 -72 -32840
 -72 -98376
 -72 -125768
 -72 -125710
 181 -8355787
 181 -163787
 181 -143307
 181 -143250
 164 -8355676
 164 -163676
 164 -151644
 164 -151623
 -125 -253
 -125 -131325
 -125 -152829
 -125 -152755
 -267 -267
 -267 -131339
 -267 -149515
 -267 -149555
 -2 -2
 -2 -131074
 -2 -141570
 -2 -141578
 171 -8388437
 171 -130901
 171 -130645
 171 -130616
 252 -8388356
 252 -130820
 252 -118788
 252 -118896
 158 -8388450
 158 -130914
 158 -104802
 158 -104804
 45 -8355667
 45 -98131
 45 -83283
 45 -83285
 231 -8388505
 231 -65433
 231 -52121
 231 -52216
 -70 -198
 -70 -198
 -70 -15302
 -70 -15330
 -59 8355653
 -59 32581
 -59 22597
 -59 22555
 74 32842
 74 32842
 74 60746
 74 60758
 -26 8388582
 -26 131046
 -26 101862
 -26 101851
 -17 8355823
 -17 163823
 -17 141551
 -17 141510
 -52 8388428
 -52 196428
 -52 171852
 -52 171806
 135 32775
 135 163847
 135 189191
 135 189267
 193 193
 193 196801
 193 198081
 193 198040
 -31 8355809
 -31 819169
 -179 8355661
 -179 32589
 -179 6989
 -179 6987
 -310 -438
 -310 -438
 -310 -30902
 -310 -30921
 -163 -35
 -163 -65571
 -163 -68643
 -163 -68614
 96 -8388512
 96 -130976
 96 -99232
 96 -99273
 178 -8388430
 178 -130894
 178 -123982
 178 -123979
 194 -8355774
 194 -163774
 194 -142526
 194 -142533
 -168 -40
 -168 -131112
 -168 -151848
 -168 -151863
 -252 -124
 -252 -131196
 -252 -153468
 -252 -153373
 29 -8355811
 29 -163811
 29 -151011
 29 -150995
 -230 -230
 -230 -131302
 -230 -143846
 -230 -143791
 -254 -254
 -254 -131326
 -254 -133374
 -254 -133252
 29 -8388579
 29 -131043
 29 -121315
 29 -121337
 118 -8388362
 118 -130826
 118 -107274
 118 -107353
 312 -8355528
 312 -97992
 312 -86984
 312 -86954
 149 -8388587
 149 -65515
 149 -57067
 149 -57037
 -250 -250
 -250 -250
 -250 -20474
 -250 -20403
 -285 8355555
 -285 32483
 -285 17379
 -285 17359
 2 32898
 2 32898
 2 55170
 2 55179
 -20 8355692
 -20 98156
 -20 95852
 -20 95860
 -39 8355801
 -39 163801
 -39 136153
 -39 136146
 167 32935
 167 164007
 167 167847
 167 167916
 -40 8388568
 -40 196568
 -40 186840
 -40 186850
 -348 8388132
 -348 196132
 -348 196388
 -348 196463
 -306 8355534
 -306 229070
 -306 201934
 -306 201894
 -65 8355647
 -65 229183
 -65 205631
 -65 205586
 38 166
 38 196774
 38 207270
 38 207249
 148 148
 148 196756
 148 205204
 148 205246
 105 105
 105 196713
 105 201321
 105 201318
 22 32918
 22 163990
 22 196246
 22 196292
 -38 8388570
 -38 196570
 -38 189146
 -38 189058
 -152 8388456
 -152 196456
 -152 181096
 -152 181035
 -126 8388482
 -126 196482
 -126 172162
 -126 172273
 -9 8355703
 -9 163703
 -9 161399
 -9 161283
 76 76
 76 131148
 76 146508
 76 146471
 -125 8388355
 -125 130819
 -125 127235
 -125 127334
 -42 8388438
 -42 130902
 -42 106070
 -42 106045
 157 157
 157 65693
 157 84893
 157 84892
 -74 8388534
 -74 65462
 -74 63158
 -74 63193
 -241 8388495
 -241 65423
 -241 38543
 -241 38596
 77 77
 77 77
 77 8525
 77 8554
 135 -8355833
 135 -32761
 135 -28921
 135 -28815
 -149 -149
 -149 -65685
 -149 -66709
 -149 -66789
 -109 -109
 -109 -65645
 -109 -98157
 -109 -98093
 -206 -32846
 -206 -98382
 -206 -122958
 -206 -122989
 -95 -223
 -95 -131295
 -95 -141791
 -95 -141745
 151 -8355689
 151 -163689
 151 -151913
 151 -151876
 90 -8355750
 90 -163750
 90 -153766
 90 -153844
 -96 -224
 -96 -131296
 -96 -151520
 -96 -151546
 -220 -92
 -220 -131164
 -220 -144476
 -220 -144418
 97 -8355615
 97 -163615
 97 -133919
 97 -133961
 97 -8388511
 97 -130975
 97 -122271
 97 -122300
 -193 -32961
 -193 -98497
 -193 -108737
 -193 -108762
 4 -8355836
 4 -98300
 4 -89084
 4 -88965
 266 -8388214
 266 -65142
 266 -59510
 266 -59407
 331 -8355509
 331 -32437
 331 -22709
 331 -22665
 111 111
 111 111
 111 15215
 111 15204
 -51 8388429
 -51 65357
 -51 52557
 -51 52597
 143 143
 143 65679
 143 93071
 143 93182
 138 10
 138 131082
 138 133898
 138 133988
 28 32796
 28 163868
 28 166172
 28 166247
 -161 8388447
 -161 196447
 -161 185695
 -161 185670
 -63 8388545
 -63 196545
 -63 195265
 -63 195320
 182 54
 182 196662
 182 201014
 182 200994
 321 449
 321 197057
 321 204993
 321 204989
 113 241
 113 196849
 113 206833
 113 206792
 -378 8355462
 -378 228998
 -378 204934
 -378 205045
 -170 8355670
 -170 229206
 -170 201046
 -170 201059
 218 32858
 218 163930
 218 195930
 218 195967
 463 33103
 463 164175
 463 189263
 463 189232
 332 33228
 332 164300
 332 181196
 332 181135
 240 33008
 240 164080
 240 172528
 240 172519
 -6 8355706
 -6 163706
 -6 161914
 -6 161814
 129 1
 129 131073
 129 146945
 129 147052
 -78 8388530
 -78 130994
 -78 127922
 -78 127988
 -209 8388527
 -209 130991
 -209 106671
 -209 106700
 -78 8355634
 -78 98098
 -78 85554
 -78 85587
 43 32939
 43 32939
 43 63659
 43 63668
 39 32807
 39 32807
 39 39463
 39 39538
 -182 8355786
 -182 32714
 -182 9930
 -182 9892
 -225 -225
 -225 -225
 -225 -27361
 -225 -27299
 -198 -32966
 -198 -32966
 -198 -65478
 -198 -65448
 -421 -293
 -421 -65829
 -421 -97061
 -421 -97047
 174 -8388562
 174 -131026
 174 -122322
 174 -122330
 101 -8355739
 101 -163739
 101 -141467
 101 -141516
 -134 -134
 -134 -131206
 -134 -151942
 -134 -152024
 -62 -62
 -62 -131134
 -62 -154430
 -62 -154370
 -200 -72
 -200 -131144
 -200 -152392
 -200 -152332
 -17 -17
 -17 -131089
 -17 -145169
 -17 -145276
 126 -8355586
 126 -163586
 126 -134658
 126 -134712
 110 -8388498
 110 -130962
 110 -123282
 110 -123305
 48 -8388560
 48 -131024
 48 -110032
 48 -110033
 -12 -140
 -12 -65676
 -12 -90508
 -12 -90624
 -19 -32787
 -19 -32787
 -19 -61715
 -19 -61769
 -255 -127
 -255 -127
 -255 -25727
 -255 -25646
 -118 8355722
 -118 32650
 -118 12426
 -118 12540
 129 32897
 129 32897
 129 50049
 129 50094
 45 173
 45 65709
 45 90285
 45 90286
 18 18
 18 131090
 18 131090
 18 131195
 373 33141
 373 164213
 373 164469
 373 164389
 500 33268
 500 164340
 500 185076
 500 185037
 380 33276
 380 164348
 380 195068
 380 195026
 -233 8355607
 -233 229143
 -233 200471
 -233 200575
 -212 8355756
 -212 229292
 -212 204460
 -212 204455
 138 10
 138 196618
 138 206346
 138 206436
 196 68
 196 196676
 196 204612
 196 204602
 185 57
 185 196665
 185 200761
 185 200811
 -167 8388569
 -167 196569
 -167 195801
 -167 195801
 -109 8388371
 -109 196371
 -109 188947
 -109 188987
 108 33004
 108 164076
 108 181228
 108 181148
 -119 8388361
 -119 196361
 -119 172297
 -119 172329
 -182 8355786
 -182 163786
 -182 161994
 -182 161942
 -102 8355610
 -102 163610
 -102 147482
 -102 147505
 -271 8388209
 -271 130673
 -271 128625
 -271 128557
 -209 8388527
 -209 130991
 -209 107439
 -209 107496
 -230 8355610
 -230 98074
 -230 86298
 -230 86373
 5 32773
 5 32773
 5 64517
 5 64618
 118 33014
 118 33014
 118 40694
 118 40670
 -133 8355835
 -133 32763
 -133 11515
 -133 11491
 -307 -435
 -307 -435
 -307 -25523
 -307 -25507
 -144 -32912
 -144 -32912
 -144 -63632
 -144 -63621
 134 -8355834
 134 -98298
 134 -95738
 134 -95666
 -160 -32928
 -160 -98464
 -160 -121248
 -160 -121225
 -223 -95
 -223 -131167
 -223 -140895
 -223 -140830
 73 -8355639
 73 -163639
 73 -151863
 73 -151905
 51 -8355661
 51 -163661
 51 -154445
 51 -154405
 -87 -87
 -87 -131159
 -87 -152663
 -87 -152658
 132 -8355836
 132 -163836
 132 -146172
 132 -146136
 309 -8355531
 309 -163531
 309 -135883
 309 -135895
 143 -8388593
 143 -131057
 143 -124401
 143 -124334
 -172 -32812
 -172 -98348
 -172 -111148
 -172 -111188
 -436 -436
 -436 -65972
 -436 -92596
 -436 -92588
 -19 -32787
 -19 -32787
 -19 -64019
 -19 -64074
 169 -8355671
 169 -32599
 169 -27735
 169 -27673
 250 250
 250 250
 250 10234
 250 10213
 276 33172
 276 33172
 276 47252
 276 47240
 316 444
 316 65980
 316 87484
 316 87465
 220 32860
 220 98396
 220 128604
 220 128558
 -166 8355674
 -166 163674
 -166 162138
 -166 162124
 -202 8388406
 -202 196406
 -202 183350
 -202 183352
 -125 8388483
 -125 196483
 -125 193923
 -125 193938
 112 112
 112 196720
 112 199792
 112 199705
 289 289
 289 196897
 289 203809
 289 203832
 111 239
 111 196847
 111 206063
 111 205993
 -16 8355824
 -16 229360
 -16 204528
 -16 204445
 -260 8355580
 -260 229116
 -260 200700
 -260 200638
 -233 8388503
 -233 196503
 -233 195991
 -233 196043
 13 32909
 13 163981
 13 189069
 13 189175
 124 32892
 124 163964
 124 181116
 124 181077
 -126 8388482
 -126 196482
 -126 172674
 -126 172676
 -57 8355655
 -57 163655
 -57 162375
 -57 162420
 -106 8355734
 -106 163734
 -106 148118
 -106 148171
 -294 8388314
 -294 130778
 -294 129498
 -294 129511
 -358 8388122
 -358 130586
 -358 108570
 -358 108564
 -328 8355512
 -328 97976
 -328 87480
 -328 87492
 148 20
 148 65556
 148 65812
 148 65900
 76 32844
 76 32844
 76 42060
 76 41985
 -145 8355695
 -145 32623
 -145 13423
 -145 13420
 -190 -190
 -190 -190
 -190 -23230
 -190 -23285
 53 -8388427
 53 -65355
 53 -61771
 53 -61807
 111 -8355601
 111 -98065
 111 -94225
 111 -94218
 148 -8388588
 148 -131052
 148 -120044
 148 -120028
 33 -8355679
 33 -163679
 33 -139871
 33 -139790
 176 -8355792
 176 -163792
 176 -151504
 176 -151435
 282 -8355558
 282 -163558
 282 -154342
 282 -154291
 -78 -78
 -78 -131150
 -78 -152654
 -78 -152682
 -301 -301
 -301 -131373
 -301 -146477
 -301 -146551
 -140 -12
 -140 -131084
 -140 -136204
 -140 -136216
 7 -8388601
 7 -131065
 7 -124665
 7 -124601
 -220 -32988
 -220 -98524
 -220 -112092
 -220 -112005
 -7 -7
 -7 -65543
 -7 -93703
 -7 -93753
 142 -8355698
 142 -98162
 142 -65906
 142 -65848
 0 -8355840
 0 -32768
 0 -29952
 0 -29930
 26 154
 26 154
 26 8346
 26 8398
 -14 8388466
 -14 65394
 -14 45682
 -14 45579
 83 211
 83 65747
 83 85459
 83 85486
 182 32950
 182 98486
 182 126902
 182 126891
 17 145
 17 131217
 17 160913
 17 160996
 -73 8388535
 -73 196535
 -73 182711
 -73 182739
 -91 8388389
 -91 196389
 -91 193829
 -91 193817
 84 84
 84 196692
 84 199764
 84 199783
 -190 8355650
 -190 229186
 -190 203842
 -190 203790
 -80 8355632
 -80 229168
 -80 205872
 -80 205855
 -74 8355638
 -74 229174
 -74 204342
 -74 204317
 78 78
 78 196686
 78 200782
 78 200809
 119 32887
 119 163959
 119 196215
 119 196117
 45 32813
 45 163885
 45 189485
 45 189444
 -61 8388547
 -61 196547
 -61 181699
 -61 181724
 35 32803
 35 163875
 35 173091
 35 173128
 -122 8355590
 -122 163590
 -122 163078
 -122 163178
 -366 8355474
 -366 163474
 -366 149138
 -366 149187
 -34 8388574
 -34 131038
 -34 130782
 -34 130736
 302 33070
 302 98606
 302 109870
 302 109838
 311 439
 311 65975
 311 88759
 311 88793
 -125 8355715
 -125 98179
 -125 67203
 -125 67233
 -167 8388569
 -167 65497
 -167 43481
 -167 43490
 -154 8355686
 -154 32614
 -154 15206
 -154 15168
 -35 -163
 -35 -163
 -35 -21155
 -35 -21197
 -29 -32797
 -29 -32797
 -29 -59677
 -29 -59753
 -97 -97
 -97 -65633
 -97 -92513
 -97 -92462
 -45 -32813
 -45 -98349
 -45 -118573
 -45 -118560
 224 -8355616
 224 -163616
 224 -138784
 224 -138753
 -11 -139
 -11 -131211
 -11 -150923
 -11 -151028
 -28 -28
 -28 -131100
 -28 -154652
 -28 -154654
 -282 -410
 -282 -131482
 -282 -153242
 -282 -153262
 -186 -58
 -186 -131130
 -186 -147258
 -186 -147213
 170 -8355798
 170 -163798
 170 -137174
 170 -137159
 183 -8388425
 183 -130889
 183 -126025
 183 -126028
 29 -8388451
 29 -130915
 29 -113507
 29 -113487
 178 -8355662
 178 -98126
 178 -95822
 178 -95821
 9 -8355831
 9 -98295
 9 -68343
 9 -68336
 -74 -32842
 -74 -32842
 -74 -32842
 -74 -32847
 248 248
 248 248
 248 5624
 248 5545
 350 33246
 350 33246
 350 43230
 350 43137
 261 261
 261 65797
 261 82949
 261 82992
 -59 8388421
 -59 130885
 -59 124229
 -59 124221
 -73 8355639
 -73 163639
 -73 159287
 -73 159235
 -1 8388607
 -1 196607
 -1 182015
 -1 181958
 -12 8388468
 -12 196468
 -12 193140
 -12 193048
 144 16
 144 196624
 144 199184
 144 199272
 180 52
 180 196660
 180 203316
 180 203344
 279 407
 279 197015
 279 205463
 279 205529
 246 246
 246 196854
 246 204790
 246 204721
 -54 8355658
 -54 229194
 -54 201034
 -54 201050
 27 32923
 27 163995
 27 195995
 27 196051
 27 32923
 27 163995
 27 189339
 27 189403
 -184 8388552
 -184 196552
 -184 181448
 -184 181492
 -6 8388474
 -6 196474
 -6 173178
 -6 173143
 8 8
 8 131080
 8 163336
 8 163424
 -84 8355756
 -84 163756
 -84 149932
 -84 150006
 -199 8355641
 -199 163641
 -199 131897
 -199 131854
 -77 8388403
 -77 130867
 -77 110899
 -77 110881
 -121 8355591
 -121 98055
 -121 89607
 -121 89655
 -483 8355357
 -483 97821
 -483 67869
 -483 67962
 -194 8388542
 -194 65470
 -194 44734
 -194 44774
 -43 8355669
 -43 32597
 -43 16981
 -43 17023
 -216 -216
 -216 -216
 -216 -18648
 -216 -18684
 -13 -32781
 -13 -32781
 -13 -57613
 -13 -57635
 -19 -147
 -19 -65683
 -19 -91027
 -19 -91119
 -59 -32827
 -59 -98363
 -59 -117819
 -59 -117800
 -135 -7
 -135 -131079
 -135 -138247
 -135 -138291
 36 -8355676
 36 -163676
 36 -150876
 36 -150822
 257 -8355583
 257 -163583
 257 -154623
 257 -154519
 -24 -24
 -24 -131096
 -24 -153112
 -24 -153193
 -162 -34
 -162 -131106
 -162 -147746
 -162 -147745
 -179 -179
 -179 -131251
 -179 -137907
 -179 -137946
 -273 -33041
 -273 -98577
 -273 -126225
 -273 -126266
 -225 -32993
 -225 -98529
 -225 -113633
 -225 -113613
 119 -8355593
 119 -98057
 119 -96265
 119 -96258
 244 -8355724
 244 -98188
 244 -69772
 244 -69794
 4 -8388476
 4 -65404
 4 -34940
 4 -34830
 -178 8355662
 -178 32590
 -178 3150
 -178 3145
 -66 8388542
 -66 65470
 -66 40638
 -66 40700
 20 20
 20 65556
 20 80148
 20 80162
 338 33106
 338 98642
 338 121682
 338 121602
 246 118
 246 131190
 246 157046
 246 156990
 -46 8388434
 -46 196434
 -46 180562
 -46 180572
 57 32825
 57 163897
 57 192313
 57 192355
 13 141
 13 196749
 13 198541
 13 198623
 20 148
 20 196756
 20 202900
 20 202881
 -35 8355805
 -35 229341
 -35 205533
 -35 205512
 -65 8355647
 -65 229183
 -65 204607
 -65 204617
 69 197
 69 196805
 69 201157
 69 201167
 -17 8388591
 -17 196591
 -17 196591
 -17 196536
 -120 8388360
 -120 196360
 -120 189960
 -120 189955
 29 32797
 29 163869
 29 182045
 29 182126
 -58 8388550
 -58 196550
 -58 173766
 -58 173772
 -167 8388441
 -167 196441
 -167 164185
 -167 164172
 139 139
 139 131211
 139 150667
 139 150740
 116 244
 116 131316
 116 132852
 116 132806
 -45 8388435
 -45 130899
 -45 111955
 -45 111913
 -217 8355623
 -217 98087
 -217 90663
 -217 90688
 -12 8355700
 -12 98164
 -12 69236
 -12 69239
 -149 8388587
 -149 65515
 -149 46059
 -149 46015
 -210 8355630
 -210 32558
 -210 18222
 -210 18270
 98 -8355742
 98 -32670
 98 -17310
 98 -17284
 -89 -32857
 -89 -32857
 -89 -55897
 -89 -55930
 -190 -190
 -190 -65726
 -190 -89278
 -190 -89217
 170 -8388566
 170 -131030
 170 -115926
 170 -115846
 -110 -110
 -110 -131182
 -110 -137070
 -110 -137074
 -111 -239
 -111 -131311
 -111 -150511
 -111 -150428
 55 -8355657
 55 -163657
 55 -154953
 55 -154892
 42 -8355798
 42 -163798
 42 -153814
 42 -153837
 178 -8355662
 178 -163662
 178 -148302
 178 -148228
 -194 -66
 -194 -131138
 -194 -138562
 -194 -138518
 -41 -32937
 -41 -98473
 -41 -127401
 -41 -127388
 -146 -32914
 -146 -98450
 -146 -115090
 -146 -115132
