 -94 8355746
 -94 32674
 -94 11170
 -94 11169
 -132 8355708
 -132 32636
 -132 11388
 -132 11298
 9 137
 9 137
 9 11401
 9 11462
 -64 8355776
 -64 32704
 -64 11456
 -64 11498
 0 128
 0 128
 0 11904
 0 11921
 -141 8355827
 -141 32755
 -141 12531
 -141 12480
 -204 8355636
 -204 32564
 -204 12852
 -204 12865
 -49 8355791
 -49 32719
 -49 12751
 -49 12742
 -91 8355749
 -91 32677
 -91 12453
 -91 12474
 -39 8355801
 -39 32729
 -39 12249
 -39 12176
 -125 8355715
 -125 32643
 -125 12163
 -125 12224
 -8 8355704
 -8 32632
 -8 12152
 -8 12118
 -74 8355766
 -74 32694
 -74 11958
 -74 11924
 -36 8355804
 -36 32732
 -36 11740
 -36 11731
 -3 8355837
 -3 32765
 -3 11517
 -3 11427
 48 48
 48 48
 48 11056
 48 11103
 77 205
 77 205
 77 10701
 77 10678
 73 73
 73 73
 73 10569
 73 10618
 55 55
 55 55
 55 10295
 55 10327
 -67 8355645
 -67 32573
 -67 10301
 -67 10343
 73 201
 73 201
 73 10441
 73 10402
 -42 8355670
 -42 32598
 -42 10326
 -42 10345
 -187 8355653
 -187 32581
 -187 10053
 -187 10061
 -121 8355591
 -121 32519
 -121 9735
 -121 9778
 95 95
 95 95
 95 9311
 95 9277
 -230 8355738
 -230 32666
 -230 9114
 -230 9106
 -176 8355792
 -176 32720
 -176 8912
 -176 8908
 -92 8355620
 -92 32548
 -92 8996
 -92 9009
 -50 8355790
 -50 32718
 -50 9422
 -50 9344
 -83 8355757
 -83 32685
 -83 9645
 -83 9630
 -12 8355700
 -12 32628
 -12 9844
 -12 9763
 118 118
 118 118
 118 9846
 118 9809
 83 83
 83 83
 83 10067
 83 10073
 -51 8355661
 -51 32589
 -51 10317
 -51 10357
 -263 8355577
 -263 32505
 -263 10489
 -263 10485
 -121 8355719
 -121 32647
 -121 10631
 -121 10732
 92 92
 92 92
 92 11100
 92 11086
 177 177
 177 177
 177 11185
 177 11172
 59 59
 59 59
 59 11067
 59 11071
 37 165
 37 165
 37 11173
 37 11207
 -70 8355770
 -70 32698
 -70 11450
 -70 11436
 -6 8355834
 -6 32762
 -6 11514
 -6 11400
 68 196
 68 196
 68 11716
 68 11741
 -6 8355834
 -6 32762
 -6 12282
 -6 12189
 -60 8355780
 -60 32708
 -60 12484
 -60 12425
 -61 8355651
 -61 32579
 -61 12867
 -61 12820
 107 235
 107 235
 107 12779
 107 12672
 53 53
 53 53
 53 12597
 53 12668
 -135 8355833
 -135 32761
 -135 12537
 -135 12435
 -27 8355813
 -27 32741
 -27 12261
 -27 12176
 -242 8355598
 -242 32526
 -242 11790
 -242 11798
 -105 8355735
 -105 32663
 -105 11671
 -105 11653
 141 141
 141 141
 141 11405
 141 11481
 141 13
 141 13
 141 11277
 141 11341
 18 146
 18 146
 18 10898
 18 10991
 0 128
 0 128
 0 10624
 0 10626
 -244 8355724
 -244 32652
 -244 10636
 -244 10625
 -179 8355789
 -179 32717
 -179 10445
 -179 10468
 -111 8355601
 -111 32529
 -111 10001
 -111 10071
 20 148
 20 148
 20 9876
 20 9898
 17 17
 17 17
 17 10001
 17 10061
 -24 8355816
 -24 32744
 -24 10216
 -24 10206
 53 53
 53 53
 53 9781
 53 9754
 -79 8355633
 -79 32561
 -79 9009
 -79 9084
 -106 8355606
 -106 32534
 -106 8726
 -106 8745
 -116 8355724
 -116 32652
 -116 8076
 -116 8066
 108 236
 108 236
 108 7916
 108 7839
 39 39
 39 39
 39 8231
 39 8218
 -33 8355679
 -33 32607
 -33 8799
 -33 8729
 -22 8355690
 -22 32618
 -22 9066
 -22 9038
 -32 8355808
 -32 32736
 -32 9440
 -32 9421
 104 104
 104 104
 104 9832
 104 9748
 138 138
 138 138
 138 10122
 138 10132
 73 73
 73 73
 73 10313
 73 10256
 -100 8355740
 -100 32668
 -100 10396
 -100 10466
 -70 8355770
 -70 32698
 -70 10938
 -70 10959
 -90 8355750
 -90 32678
 -90 11174
 -90 11184
 -87 8355753
 -87 32681
 -87 11177
 -87 11246
 -55 8355785
 -55 32713
 -55 11209
 -55 11201
 -47 8355793
 -47 32721
 -47 11217
 -47 11245
 -183 8355657
 -183 32585
 -183 11081
 -183 11103
 -44 8355668
 -44 32596
 -44 11092
 -44 11131
 -71 8355769
 -71 32697
 -71 11705
 -71 11738
 -95 8355617
 -95 32545
 -95 12321
 -95 12306
 -20 8355692
 -20 32620
 -20 12652
 -20 12659
 -3 8355837
 -3 32765
 -3 12541
 -3 12495
 -69 8355771
 -69 32699
 -69 12219
 -69 12262
 -86 8355626
 -86 32554
 -86 12074
 -86 12153
 67 195
 67 195
 67 11971
 67 11915
 -181 8355787
 -181 32715
 -181 11723
 -181 11723
 -120 8355592
 -120 32520
 -120 11528
 -120 11552
 -85 8355627
 -85 32555
 -85 11307
 -85 11275
 -178 8355662
 -178 32590
 -178 11086
 -178 11124
 -138 8355830
 -138 32758
 -138 10998
 -138 10993
 38 166
 38 166
 38 10662
 38 10651
 207 79
 207 79
 207 10319
 207 10260
 -102 8355610
 -102 32538
 -102 10010
 -102 10021
 14 142
 14 142
 14 9870
 14 9976
 -212 8355628
 -212 32556
 -212 9772
 -212 9780
 -29 8355683
 -29 32611
 -29 9827
 -29 9738
 15 143
 15 143
 15 9615
 15 9651
 43 43
 43 43
 43 9515
 43 9556
 -72 8355768
 -72 32696
 -72 8888
 -72 8927
 -53 8355787
 -53 32715
 -53 8395
 -53 8360
 -77 8355763
 -77 32691
 -77 8371
 -77 8418
 50 50
 50 50
 50 8242
 50 8279
 116 116
 116 116
 116 8564
 116 8508
 121 121
 121 121
 121 8825
 121 8789
 -18 8355822
 -18 32750
 -18 9198
 -18 9215
 -65 8355647
 -65 32575
 -65 9535
 -65 9500
 -47 8355793
 -47 32721
 -47 9681
 -47 9690
 -66 8355646
 -66 32574
 -66 9790
 -66 9830
 -7 8355705
 -7 32633
 -7 10361
 -7 10333
 -105 8355735
 -105 32663
 -105 10647
 -105 10654
 -205 8355763
 -205 32691
 -205 10675
 -205 10635
 -5 8355835
 -5 32763
 -5 10747
 -5 10687
 39 167
 39 167
 39 10919
 39 10952
 -112 8355600
 -112 32528
 -112 11024
 -112 11099
 -295 8355417
 -295 32345
 -295 11353
 -295 11271
 -190 8355650
 -190 32578
 -190 11330
 -190 11301
 115 115
 115 115
 115 11123
 115 11116
 316 316
 316 316
 316 11580
 316 11607
 51 51
 51 51
 51 11827
 51 11896
 -49 8355663
 -49 32591
 -49 12367
 -49 12308
 -77 8355635
 -77 32563
 -77 12339
 -77 12358
 63 63
 63 63
 63 12095
 63 12076
 3 3
 3 3
 3 11779
 3 11881
 41 41
 41 41
 41 11817
 41 11859
 -162 8355678
 -162 32606
 -162 11870
 -162 11884
 -144 8355696
 -144 32624
 -144 11376
 -144 11348
 -55 8355657
 -55 32585
 -55 11081
 -55 11124
 -97 8355615
 -97 32543
 -97 11039
 -97 11093
 -22 8355818
 -22 32746
 -22 10730
 -22 10713
 -180 8355788
 -180 32716
 -180 10444
 -180 10400
 -128 8355712
 -128 32640
 -128 10368
 -128 10377
 19 147
 19 147
 19 10131
 19 10219
 26 154
 26 154
 26 9882
 26 9979
 -197 8355771
 -197 32699
 -197 9659
 -197 9666
 -181 8355659
 -181 32587
 -181 9803
 -181 9784
 17 145
 17 145
 17 9617
 17 9679
 -36 8355804
 -36 32732
 -36 9180
 -36 9103
 -121 8355591
 -121 32519
 -121 8455
 -121 8553
 -304 8355536
 -304 32464
 -304 8400
 -304 8375
 -204 8355636
 -204 32564
 -204 8244
 -204 8228
 36 36
 36 36
 36 8228
 36 8236
 188 60
 188 60
 188 8508
 188 8552
 -55 8355657
 -55 32585
 -55 8777
 -55 8731
 -31 8355681
 -31 32609
 -31 9313
 -31 9242
 -97 8355743
 -97 32671
 -97 9631
 -97 9625
 40 168
 40 168
 40 9640
 40 9725
 51 179
 51 179
 51 9907
 51 9967
 -159 8355681
 -159 32609
 -159 10337
 -159 10250
 -69 8355771
 -69 32699
 -69 10427
 -69 10487
 -238 8355602
 -238 32530
 -238 10514
 -238 10619
 -175 8355793
 -175 32721
 -175 10705
 -175 10688
 -30 8355810
 -30 32738
 -30 10978
 -30 10885
 -11 8355829
 -11 32757
 -11 10997
 -11 10938
 -246 8355722
 -246 32650
 -246 10634
 -246 10738
 -73 8355639
 -73 32567
 -73 10807
 -73 10752
 19 19
 19 19
 19 10771
 19 10873
 -232 8355736
 -232 32664
 -232 11160
 -232 11139
 -150 8355818
 -150 32746
 -150 11754
 -150 11747
 -128 8355712
 -128 32640
 -128 12160
 -128 12198
 112 112
 112 112
 112 12400
 112 12342
 184 56
 184 56
 184 12088
 184 12151
 181 181
 181 181
 181 11701
 181 11665
 -112 8355728
 -112 32656
 -112 11664
 -112 11703
 -81 8355759
 -81 32687
 -81 11695
 -81 11657
 -17 8355695
 -17 32623
 -17 11375
 -17 11374
 72 200
 72 200
 72 10952
 72 10899
 -7 8355705
 -7 32633
 -7 10873
 -7 10766
 -142 8355826
 -142 32754
 -142 10738
 -142 10641
 -101 8355739
 -101 32667
 -101 10139
 -101 10237
 -132 8355836
 -132 32764
 -132 9724
 -132 9699
 2 130
 2 130
 2 9602
 2 9642
 52 52
 52 52
 52 9524
 52 9524
 -47 8355793
 -47 32721
 -47 9425
 -47 9363
 -229 8355611
 -229 32539
 -229 9243
 -229 9232
 27 27
 27 27
 27 9243
 27 9330
 12 140
 12 140
 12 8844
 12 8896
 75 203
 75 203
 75 8139
 75 8107
 -171 8355797
 -171 32725
 -171 7637
 -171 7626
 -80 8355760
 -80 32688
 -80 7600
 -80 7678
 88 88
 88 88
 88 7768
 88 7799
 -68 8355644
 -68 32572
 -68 7996
 -68 7958
 -49 8355791
 -49 32719
 -49 8143
 -49 8164
 90 218
 90 218
 90 8666
 90 8620
 154 26
 154 26
 154 8986
 154 9010
 178 50
 178 50
 178 9266
 178 9261
 124 124
 124 124
 124 9340
 124 9307
 -176 8355792
 -176 32720
 -176 9680
 -176 9661
 -91 8355621
 -91 32549
 -91 10021
 -91 10063
 -25 8355815
 -25 32743
 -25 10215
 -25 10205
 196 196
 196 196
 196 10180
 196 10124
 16 144
 16 144
 16 10128
 16 10132
 -175 8355665
 -175 32593
 -175 10321
 -175 10316
 -44 8355796
 -44 32724
 -44 10452
 -44 10460
 -79 8355633
 -79 32561
 -79 10545
 -79 10542
 -11 8355829
 -11 32757
 -11 10741
 -11 10660
 -13 8355699
 -13 32627
 -13 11123
 -13 11079
 5 5
 5 5
 5 11269
 5 11373
 -49 8355791
 -49 32719
 -49 11727
 -49 11694
 60 60
 60 60
 60 11836
 60 11810
 -34 8355806
 -34 32734
 -34 11742
 -34 11675
 198 70
 198 70
 198 11334
 198 11389
 -134 8355706
 -134 32634
 -134 11386
 -134 11351
 -108 8355604
 -108 32532
 -108 11028
 -108 11085
 -5 8355707
 -5 32635
 -5 10875
 -5 10856
 -48 8355792
 -48 32720
 -48 10704
 -48 10671
 46 46
 46 46
 46 10286
 46 10296
 -65 8355775
 -65 32703
 -65 10175
 -65 10197
 52 52
 52 52
 52 10036
 52 10024
 -13 8355827
 -13 32755
 -13 9971
 -13 9872
 -28 8355684
 -28 32612
 -28 9572
 -28 9588
 -96 8355616
 -96 32544
 -96 9248
 -96 9326
 66 194
 66 194
 66 9154
 66 9159
 23 151
 23 151
 23 9111
 23 9205
 66 194
 66 194
 66 9154
 66 9175
 75 203
 75 203
 75 8907
 75 8884
 156 156
 156 156
 156 8348
 156 8369
 -16 8355824
 -16 32752
 -16 7920
 -16 7826
 -145 8355823
 -145 32751
 -145 7663
 -145 7645
 -4 8355708
 -4 32636
 -4 7804
 -4 7710
 183 183
 183 183
 183 8119
 183 8091
 146 18
 146 18
 146 8466
 146 8522
 124 124
 124 124
 124 8828
 124 8768
 -61 8355779
 -61 32707
 -61 9155
 -61 9182
 -25 8355687
 -25 32615
 -25 9319
 -25 9321
 311 311
 311 311
 311 9271
 311 9295
 45 173
 45 173
 45 9389
 45 9454
 -101 8355739
 -101 32667
 -101 9883
 -101 9932
 -41 8355799
 -41 32727
 -41 9943
 -41 9902
 -135 8355705
 -135 32633
 -135 10105
 -135 10078
 74 74
 74 74
 74 10314
 74 10308
 -8 8355704
 -8 32632
 -8 10616
 -8 10512
 -122 8355590
 -122 32518
 -122 10502
 -122 10604
 -157 8355811
 -157 32739
 -157 10723
 -157 10735
 28 28
 28 28
 28 10780
 28 10774
 65 65
 65 65
 65 11073
 65 11021
 22 150
 22 150
 22 11414
 22 11420
 -69 8355643
 -69 32571
 -69 11835
 -69 11899
 -97 8355743
 -97 32671
 -97 11935
 -97 12026
 77 205
 77 205
 77 11725
 77 11683
 -59 8355781
 -59 32709
 -59 11461
 -59 11516
 -17 8355695
 -17 32623
 -17 11375
 -17 11365
 -133 8355707
 -133 32635
 -133 11131
 -133 11124
 67 195
 67 195
 67 10691
 67 10740
 14 14
 14 14
 14 10510
 14 10573
 248 248
 248 248
 248 10488
 248 10430
 18 18
 18 18
 18 10002
 18 10037
 -176 8355792
 -176 32720
 -176 9936
 -176 9930
 189 189
 189 189
 189 9661
 189 9713
 10 10
 10 10
 10 9482
 10 9589
 -48 8355792
 -48 32720
 -48 9424
 -48 9408
 -192 8355648
 -192 32576
 -192 9280
 -192 9340
 119 247
 119 247
 119 9207
 119 9199
 160 32
 160 32
 160 8992
 160 9048
 36 36
 36 36
 36 8740
 36 8713
 143 143
 143 143
 143 8335
 143 8430
 294 422
 294 422
 294 7846
 294 7884
 172 44
 172 44
 172 7468
 172 7447
 -41 8355799
 -41 32727
 -41 7639
 -41 7662
 151 23
 151 23
 151 8215
 151 8209
 171 43
 171 43
 171 8491
 171 8481
 -26 8355814
 -26 32742
 -26 8934
 -26 8840
 -284 8355556
 -284 32484
 -284 9188
 -284 9205
 -113 8355599
 -113 32527
 -113 8975
 -113 9040
 103 231
 103 231
 103 9191
 103 9198
 54 54
 54 54
 54 9526
 54 9572
 -226 8355742
 -226 32670
 -226 9630
 -226 9692
 -318 8355394
 -318 32322
 -318 10050
 -318 10045
 -108 8355732
 -108 32660
 -108 10132
 -108 10219
 148 20
 148 20
 148 10260
 148 10252
 266 266
 266 266
 266 10250
 266 10274
 6 134
 6 134
 6 10118
 6 10230
 -203 8355637
 -203 32565
 -203 10293
 -203 10344
 -31 8355681
 -31 32609
 -31 10593
 -31 10515
 107 107
 107 107
 107 10859
 107 10801
 85 85
 85 85
 85 11349
 85 11290
 183 183
 183 183
 183 11703
 183 11662
 8 136
 8 136
 8 11656
 8 11724
 -56 8355784
 -56 32712
 -56 11720
 -56 11720
 45 173
 45 173
 45 11437
 45 11421
 41 169
 41 169
 41 11177
 41 11213
 36 164
 36 164
 36 10916
 36 10989
 -55 8355657
 -55 32585
 -55 10825
 -55 10829
 -98 8355742
 -98 32670
 -98 10654
 -98 10654
 80 208
 80 208
 80 10448
 80 10429
 228 100
 228 100
 228 10340
 228 10269
 -77 8355635
 -77 32563
 -77 9779
 -77 9790
 -62 8355650
 -62 32578
 -62 9794
 -62 9831
 205 205
 205 205
 205 9677
 205 9650
 310 438
 310 438
 310 9654
 310 9607
 179 51
 179 51
 179 9267
 179 9258
 -66 8355646
 -66 32574
 -66 9278
 -66 9291
 9 137
 9 137
 9 9353
 9 9410
 -202 8355638
 -202 32566
 -202 8758
 -202 8827
 36 36
 36 36
 36 8228
 36 8233
 -261 8355579
 -261 32507
 -261 7931
 -261 7895
 -129 8355839
 -129 32767
 -129 7679
 -129 7627
 -53 8355659
 -53 32587
 -53 7499
 -53 7483
 98 98
 98 98
 98 7778
 98 7707
 -113 8355727
 -113 32655
 -113 8079
 -113 8147
 -267 8355445
 -267 32373
 -267 8565
 -267 8540
 34 162
 34 162
 34 8610
 34 8620
 57 57
 57 57
 57 8761
 57 8764
 28 156
 28 156
 28 9116
 28 9095
 -112 8355728
 -112 32656
 -112 9360
 -112 9467
 -43 8355797
 -43 32725
 -43 9941
 -43 9858
 -124 8355588
 -124 32516
 -124 9988
 -124 10102
 43 43
 43 43
 43 10027
 43 10022
 -33 8355807
 -33 32735
 -33 10207
 -33 10208
 -33 8355807
 -33 32735
 -33 10207
 -33 10238
 -212 8355628
 -212 32556
 -212 10284
 -212 10259
 -139 8355829
 -139 32757
 -139 10485
 -139 10412
 12 12
 12 12
 12 10508
 12 10610
 18 146
 18 146
 18 11154
 18 11139
 102 102
 102 102
 102 11366
 102 11297
 -58 8355654
 -58 32582
 -58 11590
 -58 11601
 -192 8355776
 -192 32704
 -192 11712
 -192 11756
 -236 8355604
 -236 32532
 -236 11796
 -236 11780
 -58 8355654
 -58 32582
 -58 11590
 -58 11558
 -204 8355636
 -204 32564
 -204 11316
 -204 11290
 -320 8355520
 -320 32448
 -320 10944
 -320 10887
 -190 8355778
 -190 32706
 -190 10690
 -190 10700
 -2 8355710
 -2 32638
 -2 10622
 -2 10500
 65 65
 65 65
 65 10305
 65 10275
 95 223
 95 223
 95 9951
 95 9925
 110 238
 110 238
 110 9966
 110 9870
 -180 8355660
 -180 32588
 -180 9548
 -180 9564
 65 193
 65 193
 65 9665
 65 9637
 18 146
 18 146
 18 9362
 18 9400
 39 167
 39 167
 39 9127
 39 9152
 -21 8355819
 -21 32747
 -21 9195
 -21 9195
 -200 8355640
 -200 32568
 -200 9016
 -200 9046
 21 21
 21 21
 21 8725
 21 8814
 -16 8355696
 -16 32624
 -16 8560
 -16 8499
 -107 8355733
 -107 32661
 -107 7829
 -107 7889
 -238 8355730
 -238 32658
 -238 7314
 -238 7407
 255 127
 255 127
 255 7551
 255 7449
 112 112
 112 112
 112 7792
 112 7801
 209 81
 209 81
 209 8273
 209 8236
 25 25
 25 25
 25 8729
 25 8725
 -67 8355773
 -67 32701
 -67 8893
 -67 8851
 -116 8355596
 -116 32524
 -116 8716
 -116 8818
 237 237
 237 237
 237 8941
 237 8932
 267 267
 267 267
 267 8971
 267 8967
 140 140
 140 140
 140 9356
 140 9442
 8 8
 8 8
 8 9480
 8 9579
 -376 8355336
 -376 32264
 -376 9736
 -376 9849
 -226 8355614
 -226 32542
 -226 10014
 -226 10074
 4 132
 4 132
 4 10116
 4 10167
 169 169
 169 169
 169 10153
 169 10175
 -223 8355617
 -223 32545
 -223 10273
 -223 10272
 -133 8355835
 -133 32763
 -133 10491
 -133 10457
 23 23
 23 23
 23 10775
 23 10868
 99 227
 99 227
 99 11235
 99 11173
 -49 8355791
 -49 32719
 -49 11471
 -49 11412
 -229 8355739
 -229 32667
 -229 11675
 -229 11703
 12 140
 12 140
 12 11660
 12 11774
 242 242
 242 242
 242 11762
 242 11683
 134 6
 134 6
 134 11270
 134 11303
 -22 8355818
 -22 32746
 -22 11242
 -22 11182
 -266 8355446
 -266 32374
 -266 10870
 -266 10799
 52 52
 52 52
 52 10548
 52 10621
 106 106
 106 106
 106 10346
 106 10290
 17 17
 17 17
 17 10257
 17 10242
 -24 8355816
 -24 32744
 -24 9960
 -24 9947
 -114 8355726
 -114 32654
 -114 9614
 -114 9657
 18 146
 18 146
 18 9362
 18 9429
 91 91
 91 91
 91 9307
 91 9292
 -94 8355746
 -94 32674
 -94 9122
 -94 9169
 -234 8355734
 -234 32662
 -234 8854
 -234 8942
 -99 8355613
 -99 32541
 -99 8733
 -99 8801
 150 150
 150 150
 150 8598
 150 8613
 98 98
 98 98
 98 8290
 98 8279
 60 60
 60 60
 60 7996
 60 7963
 -180 8355660
 -180 32588
 -180 7756
 -180 7695
 -218 8355622
 -218 32550
 -218 7718
 -218 7713
 -19 8355821
 -19 32749
 -19 7917
 -19 7907
 182 182
 182 182
 182 8630
 182 8672
 159 31
 159 31
 159 8735
 159 8790
 91 91
 91 91
 91 8795
 91 8724
 22 150
 22 150
 22 8854
 22 8899
 -172 8355668
 -172 32596
 -172 9044
 -172 8981
 -16 8355696
 -16 32624
 -16 9072
 -16 8999
 -144 8355696
 -144 32624
 -144 9328
 -144 9331
 -118 8355594
 -118 32522
 -118 9482
 -118 9567
 -18 8355694
 -18 32622
 -18 9582
 -18 9519
 -169 8355671
 -169 32599
 -169 9815
 -169 9764
 -174 8355666
 -174 32594
 -174 10066
 -174 10082
 -270 8355442
 -270 32370
 -270 10354
 -270 10365
 -144 8355696
 -144 32624
 -144 10352
 -144 10367
 -305 8355535
 -305 32463
 -305 10447
 -305 10481
 -23 8355689
 -23 32617
 -23 10857
 -23 10774
 -95 8355745
 -95 32673
 -95 10913
 -95 10996
 126 254
 126 254
 126 11518
 126 11455
 100 228
 100 228
 100 11748
 100 11747
 167 167
 167 167
 167 11687
 167 11693
 172 172
 172 172
 172 11692
 172 11711
 218 90
 218 90
 218 11610
 218 11562
 -37 8355803
 -37 32731
 -37 11227
 -37 11201
 -133 8355835
 -133 32763
 -133 11003
 -133 10987
 40 168
 40 168
 40 10664
 40 10751
 -33 8355807
 -33 32735
 -33 10719
 -33 10671
 -44 8355796
 -44 32724
 -44 10196
 -44 10234
 -363 8355477
 -363 32405
 -363 9621
 -363 9644
 136 136
 136 136
 136 9608
 136 9677
 116 116
 116 116
 116 9588
 116 9533
 78 78
 78 78
 78 9294
 78 9307
 -78 8355634
 -78 32562
 -78 9010
 -78 9012
 7 7
 7 7
 7 8711
 7 8825
 -41 8355671
 -41 32599
 -41 8791
 -41 8798
 -1 8355839
 -1 32767
 -1 8959
 -1 8852
 53 53
 53 53
 53 8501
 53 8535
 -94 8355746
 -94 32674
 -94 7842
 -94 7894
 122 122
 122 122
 122 7546
 122 7469
 123 251
 123 251
 123 7419
 123 7366
 -83 8355757
 -83 32685
 -83 7597
 -83 7583
 15 143
 15 143
 15 7823
 15 7926
 159 159
 159 159
 159 8351
 159 8438
 70 198
 70 198
 70 8646
 70 8630
 -170 8355670
 -170 32598
 -170 8790
 -170 8720
 -18 8355694
 -18 32622
 -18 9070
 -18 8964
 261 389
 261 389
 261 9349
 261 9347
 309 309
 309 309
 309 9525
 309 9589
 70 198
 70 198
 70 9670
 70 9670
 33 161
 33 161
 33 9889
 33 9920
 -7 8355705
 -7 32633
 -7 10105
 -7 10111
 80 80
 80 80
 80 10320
 80 10299
 -60 8355780
 -60 32708
 -60 10436
 -60 10440
 95 95
 95 95
 95 10591
 95 10562
 -108 8355604
 -108 32532
 -108 10516
 -108 10584
 -206 8355634
 -206 32562
 -206 10802
 -206 10852
 -174 8355794
 -174 32722
 -174 11218
 -174 11248
 -25 8355687
 -25 32615
 -25 11879
 -25 11818
 60 60
 60 60
 60 11836
 60 11884
 135 135
 135 135
 135 11655
 135 11668
 212 84
 212 84
 212 11604
 212 11585
 104 232
 104 232
 104 11496
 104 11473
 110 238
 110 238
 110 10990
 110 10899
 -144 8355696
 -144 32624
 -144 10608
 -144 10518
 -349 8355491
 -349 32419
 -349 10659
 -349 10629
 -139 8355701
 -139 32629
 -139 10357
 -139 10265
 77 205
 77 205
 77 10189
 77 10146
 -183 8355785
 -183 32713
 -183 9929
 -183 9975
 -311 8355529
 -311 32457
 -311 9673
 -311 9645
 -216 8355752
 -216 32680
 -216 9128
 -216 9172
 -217 8355751
 -217 32679
 -217 9127
 -217 9159
 65 65
 65 65
 65 9025
 65 8972
 -56 8355784
 -56 32712
 -56 8904
 -56 8847
 194 194
 194 194
 194 8898
 194 8950
 -37 8355675
 -37 32603
 -37 8795
 -37 8758
 -132 8355708
 -132 32636
 -132 8572
 -132 8462
 -156 8355812
 -156 32740
 -156 7908
 -156 7846
 -125 8355587
 -125 32515
 -125 7427
 -125 7455
 -90 8355750
 -90 32678
 -90 7590
 -90 7560
 45 173
 45 173
 45 7597
 45 7618
 26 154
 26 154
 26 8090
 26 8151
 -118 8355594
 -118 32522
 -118 8458
 -118 8472
 -227 8355613
 -227 32541
 -227 8733
 -227 8742
 -311 8355401
 -311 32329
 -311 8777
 -311 8777
 -73 8355639
 -73 32567
 -73 8759
 -73 8753
 -117 8355595
 -117 32523
 -117 8971
 -117 9069
 -55 8355657
 -55 32585
 -55 9545
 -55 9513
 -317 8355395
 -317 32323
 -317 9795
 -317 9808
 -253 8355587
 -253 32515
 -253 9731
 -253 9780
 -6 8355834
 -6 32762
 -6 9978
 -6 9879
 -110 8355602
 -110 32530
 -110 10002
 -110 10108
 -211 8355629
 -211 32557
 -211 10029
 -211 10072
 -252 8355716
 -252 32644
 -252 10116
 -252 10162
 -193 8355775
 -193 32703
 -193 10431
 -193 10450
 -216 8355752
 -216 32680
 -216 10664
 -216 10661
 73 201
 73 201
 73 10953
 73 10981
 -216 8355752
 -216 32680
 -216 11432
 -216 11413
 -212 8355756
 -212 32684
 -212 11692
 -212 11763
 -52 8355660
 -52 32588
 -52 11852
 -52 11780
 193 193
 193 193
 193 11713
 193 11724
 340 340
 340 340
 340 11092
 340 11121
 185 57
 185 57
 185 11065
 185 11107
 -84 8355756
 -84 32684
 -84 10924
 -84 10919
 25 153
 25 153
 25 10649
 25 10716
 112 112
 112 112
 112 10608
 112 10569
 109 109
 109 109
 109 10093
 109 10102
 132 132
 132 132
 132 9860
 132 9952
 -72 8355640
 -72 32568
 -72 9784
 -72 9729
 -97 8355615
 -97 32543
 -97 9503
 -97 9563
 -48 8355792
 -48 32720
 -48 9424
 -48 9427
 35 35
 35 35
 35 9251
 35 9303
 57 185
 57 185
 57 9145
 57 9204
 -119 8355721
 -119 32649
 -119 8841
 -119 8920
 -227 8355613
 -227 32541
 -227 8733
 -227 8808
 -105 8355735
 -105 32663
 -105 8343
 -105 8363
 94 222
 94 222
 94 7902
 94 7922
 -139 8355701
 -139 32629
 -139 7541
 -139 7516
 -207 8355761
 -207 32689
 -207 7601
 -207 7657
 -42 8355798
 -42 32726
 -42 7894
 -42 7868
 110 110
 110 110
 110 8046
 110 8052
 -75 8355637
 -75 32565
 -75 8245
 -75 8235
 -225 8355743
 -225 32671
 -225 8607
 -225 8579
 -122 8355718
 -122 32646
 -122 8838
 -122 8908
 -225 8355743
 -225 32671
 -225 9119
 -225 9215
 -108 8355732
 -108 32660
 -108 9364
 -108 9425
 -97 8355743
 -97 32671
 -97 9631
 -97 9613
 -19 8355693
 -19 32621
 -19 9581
 -19 9546
 8 8
 8 8
 8 9480
 8 9590
 -49 8355791
 -49 32719
 -49 9935
 -49 9911
 167 167
 167 167
 167 10407
 167 10386
 54 182
 54 182
 54 10678
 54 10688
 -351 8355361
 -351 32289
 -351 10529
 -351 10535
 -300 8355412
 -300 32340
 -300 10580
 -300 10587
 -170 8355670
 -170 32598
 -170 10838
 -170 10849
 -98 8355614
 -98 32542
 -98 11038
 -98 11018
 -79 8355761
 -79 32689
 -79 11441
 -79 11477
 -143 8355697
 -143 32625
 -143 11633
 -143 11587
 97 225
 97 225
 97 11489
 97 11430
 136 8
 136 8
 136 11528
 136 11525
 215 87
 215 87
 215 11351
 215 11347
 -137 8355831
 -137 32759
 -137 10999
 -137 11006
 -404 8355436
 -404 32364
 -404 10860
 -404 10865
 -353 8355359
 -353 32287
 -353 10527
 -353 10606
 -111 8355601
 -111 32529
 -111 10257
 -111 10254
 -3 8355709
 -3 32637
 -3 10109
 -3 10102
 -379 8355461
 -379 32389
 -379 9861
 -379 9875
 -267 8355445
 -267 32373
 -267 9845
 -267 9798
 55 55
 55 55
 55 9527
 55 9524
 95 223
 95 223
 95 9439
 95 9384
 -14 8355826
 -14 32754
 -14 9202
 -14 9196
 39 39
 39 39
 39 8999
 39 9068
 -199 8355641
 -199 32569
 -199 9017
 -199 8963
 -69 8355643
 -69 32571
 -69 8763
 -69 8707
 -49 8355791
 -49 32719
 -49 8399
 -49 8407
 134 134
 134 134
 134 7814
 134 7845
 -37 8355675
 -37 32603
 -37 7515
 -37 7526
 -25 8355815
 -25 32743
 -25 7399
 -25 7322
 94 94
 94 94
 94 7518
 94 7536
 95 223
 95 223
 95 7903
 95 7811
 249 249
 249 249
 249 8185
 249 8076
 66 194
 66 194
 66 8386
 66 8446
 -108 8355604
 -108 32532
 -108 8724
 -108 8778
 -31 8355809
 -31 32737
 -31 8929
 -31 8869
 71 199
 71 199
 71 9159
 71 9146
 10 138
 10 138
 10 9354
 10 9363
 1 1
 1 1
 1 9473
 1 9572
 -87 8355625
 -87 32553
 -87 9769
 -87 9835
 -136 8355832
 -136 32760
 -136 9976
 -136 9959
 51 179
 51 179
 51 10163
 51 10138
 -186 8355782
 -186 32710
 -186 10182
 -186 10117
 -72 8355768
 -72 32696
 -72 10424
 -72 10432
 -224 8355616
 -224 32544
 -224 10528
 -224 10503
 23 23
 23 23
 23 10775
 23 10801
 -38 8355802
 -38 32730
 -38 10970
 -38 10948
 122 250
 122 250
 122 11514
 122 11435
 -150 8355818
 -150 32746
 -150 11754
 -150 11765
 -382 8355330
 -382 32258
 -382 11778
 -382 11846
 -125 8355587
 -125 32515
 -125 11523
 -125 11524
 164 164
 164 164
 164 11172
 164 11143
 220 220
 220 220
 220 10972
 220 10947
 -190 8355650
 -190 32578
 -190 10818
 -190 10830
 -186 8355654
 -186 32582
 -186 10822
 -186 10826
 -112 8355600
 -112 32528
 -112 10512
 -112 10594
 -51 8355789
 -51 32717
 -51 10189
 -51 10132
 -274 8355566
 -274 32494
 -274 9966
 -274 9892
 -4 8355708
 -4 32636
 -4 9852
 -4 9803
 -72 8355768
 -72 32696
 -72 9400
 -72 9360
 103 103
 103 103
 103 9319
 103 9307
 89 89
 89 89
 89 9049
 89 9050
 -54 8355658
 -54 32586
 -54 9290
 -54 9232
 -50 8355790
 -50 32718
 -50 9166
 -50 9121
 -188 8355652
 -188 32580
 -188 8772
 -188 8808
 66 66
 66 66
 66 8514
 66 8500
 -43 8355669
 -43 32597
 -43 8021
 -43 7983
 -105 8355607
 -105 32535
 -105 7703
 -105 7704
 -21 8355819
 -21 32747
 -21 7659
 -21 7571
 89 217
 89 217
 89 7641
 89 7615
 179 51
 179 51
 179 7987
 179 7979
 225 97
 225 97
 225 8289
 225 8220
 -152 8355816
 -152 32744
 -152 8680
 -152 8598
 -192 8355648
 -192 32576
 -192 8768
 -192 8757
 231 231
 231 231
 231 8935
 231 8833
 220 220
 220 220
 220 9180
 220 9197
 370 498
 370 498
 370 9458
 370 9470
 -92 8355620
 -92 32548
 -92 9764
 -92 9743
 -81 8355631
 -81 32559
 -81 10031
 -81 10066
 -13 8355827
 -13 32755
 -13 10227
 -13 10158
 171 171
 171 171
 171 10155
 171 10146
 18 18
 18 18
 18 10002
 18 10067
 -146 8355822
 -146 32750
 -146 10478
 -146 10452
 -2 8355710
 -2 32638
 -2 10366
 -2 10333
 101 229
 101 229
 101 10469
 101 10428
 -97 8355615
 -97 32543
 -97 11039
 -97 11114
 -50 8355662
 -50 32590
 -50 11598
 -50 11527
 47 47
 47 47
 47 11823
 47 11851
 -99 8355741
 -99 32669
 -99 11677
 -99 11757
 102 230
 102 230
 102 11494
 102 11463
 33 33
 33 33
 33 11297
 33 11388
 17 17
 17 17
 17 11025
 17 11108
 -185 8355783
 -185 32711
 -185 10951
 -185 11003
 -1 8355711
 -1 32639
 -1 10879
 -1 10857
 -67 8355773
 -67 32701
 -67 10429
 -67 10448
 108 108
 108 108
 108 10348
 108 10303
 -26 8355814
 -26 32742
 -26 10214
 -26 10118
 -140 8355828
 -140 32756
 -140 9972
 -140 9874
 -108 8355732
 -108 32660
 -108 9620
 -108 9623
 -161 8355807
 -161 32735
 -161 9183
 -161 9209
 -135 8355705
 -135 32633
 -135 9081
 -135 9014
 -222 8355746
 -222 32674
 -222 8866
 -222 8934
 1 129
 1 129
 1 8833
 1 8852
 -146 8355822
 -146 32750
 -146 8942
 -146 8883
 -41 8355799
 -41 32727
 -41 8407
 -41 8333
 -95 8355617
 -95 32545
 -95 7969
 -95 7958
 -186 8355782
 -186 32710
 -186 7622
 -186 7620
 -140 8355700
 -140 32628
 -140 7540
 -140 7436
 -240 8355600
 -240 32528
 -240 7440
 -240 7474
 -190 8355778
 -190 32706
 -190 7874
 -190 7876
 -19 8355693
 -19 32621
 -19 8301
 -19 8312
 -110 8355602
 -110 32530
 -110 8210
 -110 8317
 -484 8355484
 -484 32412
 -484 8604
 -484 8594
 4 4
 4 4
 4 8964
 4 9055
 183 55
 183 55
 183 9527
 183 9473
 75 75
 75 75
 75 9547
 75 9552
 -265 8355447
 -265 32375
 -265 9591
 -265 9514
 -166 8355802
 -166 32730
 -166 9946
 -166 9889
 -33 8355679
 -33 32607
 -33 10079
 -33 10020
 9 9
 9 9
 9 9993
 9 10044
 -57 8355783
 -57 32711
 -57 10183
 -57 10171
 -188 8355652
 -188 32580
 -188 10308
 -188 10366
 -190 8355778
 -190 32706
 -190 10434
 -190 10429
 -76 8355764
 -76 32692
 -76 10420
 -76 10439
 -152 8355816
 -152 32744
 -152 10728
 -152 10709
 -7 8355705
 -7 32633
 -7 11129
 -7 11089
 59 59
 59 59
 59 11579
 59 11575
 -81 8355631
 -81 32559
 -81 11823
 -81 11897
 -49 8355663
 -49 32591
 -49 11855
 -49 11865
 0 0
 0 0
 0 11520
 0 11531
 -109 8355731
 -109 32659
 -109 11411
 -109 11431
 -42 8355798
 -42 32726
 -42 10966
 -42 10984
 -54 8355658
 -54 32586
 -54 10570
 -54 10515
 138 138
 138 138
 138 10122
 138 10189
 169 169
 169 169
 169 10153
 169 10138
 -27 8355813
 -27 32741
 -27 9957
 -27 9892
 -242 8355598
 -242 32526
 -242 9486
 -242 9498
 -23 8355817
 -23 32745
 -23 9449
 -23 9417
 38 166
 38 166
 38 9382
 38 9382
 -24 8355688
 -24 32616
 -24 9320
 -24 9227
 -222 8355746
 -222 32674
 -222 9122
 -222 9192
 -264 8355448
 -264 32376
 -264 9080
 -264 9005
 -186 8355654
 -186 32582
 -186 9030
 -186 9031
 -37 8355675
 -37 32603
 -37 8795
 -37 8740
 -8 8355704
 -8 32632
 -8 8056
 -8 7966
 -73 8355767
 -73 32695
 -73 7351
 -73 7397
 20 148
 20 148
 20 7316
 20 7349
 98 226
 98 226
 98 7394
 98 7302
 191 63
 191 63
 191 7487
 191 7544
 -96 8355744
 -96 32672
 -96 8096
 -96 8086
 -127 8355585
 -127 32513
 -127 8193
 -127 8299
 -113 8355599
 -113 32527
 -113 8463
 -113 8530
 -11 8355829
 -11 32757
 -11 8693
 -11 8684
 197 197
 197 197
 197 8901
 197 8872
 2 130
 2 130
 2 9090
 2 9090
 17 145
 17 145
 17 9361
 17 9391
 -69 8355771
 -69 32699
 -69 9659
 -69 9689
 -63 8355777
 -63 32705
 -63 9921
 -63 9933
 87 87
 87 87
 87 10071
 87 10062
 76 204
 76 204
 76 10188
 76 10197
 -89 8355623
 -89 32551
 -89 10279
 -89 10323
 -75 8355765
 -75 32693
 -75 10421
 -75 10368
 171 171
 171 171
 171 10411
 171 10420
 34 34
 34 34
 34 10786
 34 10873
 13 141
 13 141
 13 11149
 13 11148
 198 70
 198 70
 198 11334
 198 11299
 257 257
 257 257
 257 11521
 257 11634
 -74 8355638
 -74 32566
 -74 11574
 -74 11612
 -28 8355812
 -28 32740
 -28 11492
 -28 11452
 -40 8355800
 -40 32728
 -40 11480
 -40 11439
 -50 8355790
 -50 32718
 -50 10958
 -50 10912
 -106 8355606
 -106 32534
 -106 10518
 -106 10567
 -193 8355647
 -193 32575
 -193 10303
 -193 10287
 -158 8355682
 -158 32610
 -158 10082
 -158 10101
 86 214
 86 214
 86 10198
 86 10169
 -83 8355629
 -83 32557
 -83 9773
 -83 9833
 -197 8355771
 -197 32699
 -197 9403
 -197 9395
 -60 8355652
 -60 32580
 -60 9028
 -60 9026
 -106 8355606
 -106 32534
 -106 8982
 -106 8990
 77 77
 77 77
 77 8781
 77 8777
 -111 8355729
 -111 32657
 -111 8593
 -111 8659
 -120 8355592
 -120 32520
 -120 8712
 -120 8743
 116 116
 116 116
 116 8564
 116 8545
 68 68
 68 68
 68 8260
 68 8253
 -61 8355651
 -61 32579
 -61 7747
 -61 7794
 -163 8355805
 -163 32733
 -163 7389
 -163 7362
 -106 8355606
 -106 32534
 -106 7446
 -106 7489
 -162 8355678
 -162 32606
 -162 7774
 -162 7743
 -206 8355762
 -206 32690
 -206 8114
 -206 8098
 -194 8355646
 -194 32574
 -194 8254
 -194 8264
 -179 8355661
 -179 32589
 -179 8525
 -179 8473
 -110 8355602
 -110 32530
 -110 8722
 -110 8745
 103 231
 103 231
 103 9191
 103 9091
 154 26
 154 26
 154 8986
 154 8998
 39 39
 39 39
 39 9255
 39 9272
 -105 8355735
 -105 32663
 -105 9623
 -105 9648
 -52 8355788
 -52 32716
 -52 9676
 -52 9690
 -225 8355743
 -225 32671
 -225 9887
 -225 9894
 -211 8355757
 -211 32685
 -211 9901
 -211 9962
 -222 8355746
 -222 32674
 -222 10146
 -222 10195
 -332 8355508
 -332 32436
 -332 10164
 -332 10231
 14 14
 14 14
 14 10254
 14 10312
 126 254
 126 254
 126 10750
 126 10650
 68 68
 68 68
 68 11076
 68 11029
 -80 8355632
 -80 32560
 -80 11568
 -80 11549
 -78 8355762
 -78 32690
 -78 11698
 -78 11684
 144 144
 144 144
 144 11408
 144 11487
 87 87
 87 87
 87 10839
 87 10821
 -60 8355652
 -60 32580
 -60 10564
 -60 10530
 -100 8355740
 -100 32668
 -100 10396
 -100 10482
 -5 8355707
 -5 32635
 -5 10619
 -5 10603
 124 252
 124 252
 124 10492
 124 10437
 70 70
 70 70
 70 10054
 70 10084
 75 75
 75 75
 75 9803
 75 9766
 145 145
 145 145
 145 9361
 145 9421
 74 74
 74 74
 74 9290
 74 9294
 121 121
 121 121
 121 9081
 121 8976
 192 192
 192 192
 192 8640
 192 8683
 324 324
 324 324
 324 8772
 324 8717
 316 316
 316 316
 316 8764
 316 8736
 92 220
 92 220
 92 8668
 92 8600
 98 98
 98 98
 98 8546
 98 8458
 164 36
 164 36
 164 7716
 164 7807
 430 430
 430 430
 430 7598
 430 7583
 425 425
 425 425
 425 7337
 425 7308
 216 88
 216 88
 216 7256
 216 7181
 68 196
 68 196
 68 7620
 68 7580
 75 75
 75 75
 75 8011
 75 7953
 394 394
 394 394
 394 8074
 394 8135
 290 290
 290 290
 290 8226
 290 8290
 161 161
 161 161
 161 8353
 161 8387
 451 323
 451 323
 451 8771
 451 8826
 414 286
 414 286
 414 8990
 414 9004
 357 357
 357 357
 357 9317
 357 9255
 351 351
 351 351
 351 9567
 351 9594
 668 668
 668 668
 668 9884
 668 9931
 584 584
 584 584
 584 10056
 584 9987
 462 462
 462 462
 462 10190
 462 10131
 460 332
 460 332
 460 10316
 460 10316
 430 302
 430 302
 430 10286
 430 10248
 520 648
 520 648
 520 10376
 520 10416
 601 729
 601 729
 601 10713
 601 10751
 612 612
 612 612
 612 11108
 612 11066
 478 478
 478 478
 478 11486
 478 11417
 738 610
 738 610
 738 11618
 738 11549
 1018 1018
 1018 1018
 1018 11514
 1018 11412
 1036 1164
 1036 1164
 1036 11148
 1036 11197
 991 863
 991 863
 991 10847
 991 10825
 940 940
 940 940
 940 10924
 940 10950
 1068 1196
 1068 1196
 1068 10668
 1068 10711
 1180 1052
 1180 1052
 1180 10268
 1180 10286
 1302 1430
 1302 1430
 1302 9878
 1302 9898
 1264 1136
 1264 1136
 1264 9328
 1264 9294
 1493 1493
 1493 1493
 1493 9173
 1493 9176
 1764 1636
 1764 1636
 1764 9316
 1764 9220
 1843 1971
 1843 1971
 1843 9139
 1843 9118
 2018 2018
 2018 2018
 2018 8930
 2018 8877
 2125 2125
 2125 2125
 2125 8781
 2125 8769
 2343 2343
 2343 2343
 2343 8231
 2343 8318
 2639 2639
 2639 2639
 2639 8527
 2639 8492
 2718 2718
 2718 2718
 2718 8094
 2718 8142
 2529 2529
 2529 2529
 2529 7393
 2529 7418
 2918 2918
 2918 2918
 2918 7014
 2918 6956
 3309 3181
 3309 3181
 3309 6765
 3309 6685
 3455 3583
 3455 3583
 3455 6655
 3455 6623
 3842 3842
 3842 3842
 3842 6658
 3842 6755
 4297 4169
 4297 4169
 4297 7241
 4297 7176
 4186 4186
 4186 4186
 4186 7514
 4186 7471
 4206 4334
 4206 4334
 4206 7662
 4206 7664
 4848 4848
 4848 4848
 4848 7920
 4848 7888
 5255 5127
 5255 5127
 5255 8199
 5255 8221
 5658 5658
 5658 5658
 5658 8218
 5658 8247
 6020 5892
 6020 5892
 6020 8196
 6020 8318
 6258 6386
 6258 6386
 6258 8690
 6258 8628
 6704 6832
 6704 6832
 6704 8880
 6704 8902
 7297 7297
 7297 7297
 7297 8833
 7297 8846
 7504 7504
 7504 7504
 7504 8784
 7504 8817
 8333 8205
 8333 8205
 8333 8973
 8333 8984
 8968 8968
 8968 8968
 8968 9224
 8968 9234
 9431 9303
 9431 9303
 9431 9303
 9431 9343
 10281 10281
 10281 10281
 10281 9257
 10281 9251
 10696 10696
 10696 10696
 10696 9416
 10696 9460
 11533 11533
 11533 11533
 11533 9741
 11533 9770
 12203 12075
 12203 12075
 12203 9771
 12203 9847
 13160 13288
 13160 13288
 13160 9960
 13160 9892
 14098 14098
 14098 14098
 14098 9490
 14098 9540
 14912 15040
 14912 15040
 14912 9152
 14912 9191
 15689 15817
 15689 15817
 15689 8649
 15689 8619
 16532 16404
 16532 16404
 16532 8212
 16532 8197
 17703 17831
 17703 17831
 17703 7591
 17703 7637
 18908 18908
 18908 18908
 18908 7388
 18908 7406
 20341 20341
 20341 20341
 20341 7285
 20341 7210
 21481 21353
 21481 21353
 21481 6761
 21481 6719
 22880 23008
 22880 23008
 22880 6624
 22880 6593
 24070 24070
 24070 24070
 24070 6150
 24070 6220
 25412 25412
 25412 25412
 25412 6212
 25412 6153
 27017 27017
 27017 27017
 27017 5513
 27017 5606
 28766 28894
 28766 28894
 28766 5342
 28766 5303
 30290 30290
 30290 30290
 30290 4946
 30290 4910
 32047 32047
 32047 32047
 32047 4399
 32047 4391
 33994 1226
 33994 1226
 33994 3786
 33994 3820
 36088 3192
 36088 3192
 36088 3192
 36088 3086
 38114 5346
 38114 5346
 38114 2530
 38114 2543
 40343 7575
 40343 7575
 40343 2199
 40343 2177
 42599 9831
 42599 9831
 42599 2151
 42599 2172
 44938 12170
 44938 12170
 44938 2186
 44938 2302
 47378 14610
 47378 14610
 47378 2322
 47378 2356
 49920 17152
 49920 17152
 49920 2048
 49920 2106
 52732 19964
 52732 19964
 52732 2044
 52732 1953
 55612 22844
 55612 22844
 55612 1596
 55612 1657
 58568 25672
 58568 25672
 58568 1608
 58568 1663
 61922 29026
 61922 29026
 61922 1378
 61922 1379
 65111 32343
 65111 32343
 65111 1111
 65111 1112
 68415 68543
 68415 3007
 68415 959
 68415 896
 959875 -7428733
 959875 -154237
 959875 -131453
 959875 -131446
 979471 -7409137
 979471 -134641
 979471 -134385
 979471 -134298
 998823 -7357145
 998823 -148185
 998823 -137433
 998823 -137425
 1018255 -7370353
 1018255 -161393
 1018255 -140657
 1018255 -140663
 1037640 -7350840
 1037640 -141880
 1037640 -143672
 1037640 -143743
 1056672 -7299296
 1056672 -155872
 1056672 -146656
 1056672 -146598
 1075533 -7280307
 1075533 -136883
 1075533 -149683
 1075533 -149724
 1094393 -7294215
 1094393 -150791
 1094393 -152839
 1094393 -152932
 1112964 -7275772
 1112964 -132348
 1112964 -156156
 1112964 -156072
 1130995 -7224845
 1130995 -146957
 1130995 -158989
 1130995 -159056
 1148763 -7239717
 1148763 -161829
 1148763 -162085
 1148763 -162092
 1166661 -7254587
 1166661 -176699
 1166661 -165179
 1166661 -165214
 1183950 -7204786
 1183950 -192434
 1183950 -168114
 1183950 -168093
 1200932 -7187548
 1200932 -175196
 1200932 -170844
 1200932 -170770
 1217528 -7203848
 1217528 -191496
 1217528 -173576
 1217528 -173634
 1233762 -7187614
 1233762 -175262
 1233762 -176542
 1233762 -176544
 1249377 -7139231
 1249377 -192415
 1249377 -179871
 1249377 -179883
 1264681 -7123927
 1264681 -177111
 1264681 -183255
 1264681 -183279
 1279295 -7142081
 1279295 -195265
 1279295 -186305
 1279295 -186351
 1293343 -7127905
 1293343 -181089
 1293343 -189281
 1293343 -189224
 1307149 -7114099
 1307149 -167283
 1307149 -192371
 1307149 -192380
 1320363 -7068245
 1320363 -186965
 1320363 -195413
 1320363 -195383
 1332694 -7023274
 1332694 -207530
 1332694 -198570
 1332694 -198581
 1344315 -7044293
 1344315 -228549
 1344315 -201669
 1344315 -201634
 1355402 -7033206
 1355402 -217462
 1355402 -204150
 1355402 -204100
 1365794 -7022814
 1365794 -207070
 1365794 -206558
 1365794 -206577
 1375506 -7012974
 1375506 -197230
 1375506 -209262
 1375506 -209223
 1384361 -6971479
 1384361 -221271
 1384361 -211799
 1384361 -211821
 1392683 -6963157
 1392683 -212949
 1392683 -214485
 1392683 -214402
 1400025 -6955943
 1400025 -205735
 1400025 -216487
 1400025 -216465
 1406561 -6949279
 1406561 -199071
 1406561 -218527
 1406561 -218576
 1412168 -6976440
 1412168 -226232
 1412168 -220856
 1412168 -220908
 1416709 -6971899
 1416709 -221691
 1416709 -223227
 1416709 -223188
 1420656 -6967824
 1420656 -217616
 1420656 -225040
 1420656 -225147
 1423706 -6964902
 1423706 -214694
 1423706 -226726
 1423706 -226732
 1425690 -6962790
 1425690 -212582
 1425690 -228198
 1425690 -228130
 1426547 -6962061
 1426547 -211853
 1426547 -229005
 1426547 -229052
 1426497 -6994751
 1426497 -244543
 1426497 -229951
 1426497 -229977
 1425727 -6995521
 1425727 -245313
 1425727 -230721
 1425727 -230742
 1423516 -6997860
 1423516 -247652
 1423516 -231524
 1423516 -231529
 1420341 -7000907
 1420341 -250699
 1420341 -232267
 1420341 -232262
 1416021 -7005227
 1416021 -255019
 1416021 -232747
 1416021 -232716
 1410867 -7010381
 1410867 -260173
 1410867 -232781
 1410867 -232725
 1404535 -6983945
 1404535 -233737
 1404535 -232713
 1404535 -232736
 1396885 -6991723
 1396885 -241515
 1396885 -232811
 1396885 -232733
 1388309 -7000171
 1388309 -249963
 1388309 -232555
 1388309 -232551
 1378621 -7009987
 1378621 -259779
 1378621 -232131
 1378621 -232125
 1367959 -7053545
 1367959 -237801
 1367959 -231657
 1367959 -231632
 1355632 -7065616
 1355632 -249872
 1355632 -231184
 1355632 -231256
 1342543 -7045937
 1342543 -230193
 1342543 -230705
 1342543 -230658
 1328407 -7060201
 1328407 -244457
 1328407 -229609
 1328407 -229590
 1313141 -7042571
 1313141 -226827
 1313141 -228107
 1313141 -228158
 1296516 -7092220
 1296516 -210940
 1296516 -226556
 1296516 -226518
 1278952 -7109784
 1278952 -228504
 1278952 -224920
 1278952 -224987
 1260157 -7095683
 1260157 -214403
 1260157 -223363
 1260157 -223473
 1240164 -7148316
 1240164 -201500
 1240164 -221980
 1240164 -221983
 1219116 -7169364
 1219116 -222548
 1219116 -220500
 1219116 -220447
 1197104 -7158608
 1197104 -211792
 1197104 -218704
 1197104 -218681
 1173556 -7214924
 1173556 -202572
 1173556 -216652
 1173556 -216613
 1149298 -7239182
 1149298 -226830
 1149298 -214542
 1149298 -214537
 1124034 -7231934
 1124034 -219582
 1124034 -212158
 1124034 -212122
 1097467 -7291269
 1097467 -213381
 1097467 -209541
 1097467 -209625
 1070006 -7285834
 1070006 -207946
 1070006 -206922
 1070006 -206969
 1041442 -7347038
 1041442 -203614
 1041442 -204382
 1041442 -204333
 1012217 -7343751
 1012217 -200327
 1012217 -201095
 1012217 -201123
 981805 -7406675
 981805 -197715
 981805 -197715
 981805 -197690
 950206 -7438530
 950206 -164034
 950206 -194498
 950206 -194439
 917877 -7470731
 917877 -196235
 917877 -190859
 917877 -190852
 884846 -7536402
 884846 -196370
 884846 -186898
 884846 -186946
 850766 -7570610
 850766 -165042
 850766 -182962
 850766 -183031
 815649 -7572959
 815649 -167391
 815649 -178911
 815649 -178913
 780048 -7641200
 780048 -170096
 780048 -175216
 780048 -175137
 743566 -7645042
 743566 -173938
 743566 -171122
 743566 -171095
 706471 -7715033
 706471 -178393
 706471 -166617
 706471 -166606
 668491 -7687221
 668491 -150581
 668491 -161589
 668491 -161615
 629610 -7758870
 629610 -156694
 629610 -156182
 629610 -156170
 590244 -7765724
 590244 -163548
 590244 -150748
 590244 -150761
 550283 -7805557
 550283 -137845
 550283 -145269
 550283 -145202
 509570 -7879166
 509570 -145918
 509570 -139518
 509570 -139448
 468681 -7887159
 468681 -153911
 468681 -133687
 468681 -133707
 427464 -7994040
 427464 -129720
 427464 -127928
 427464 -127877
 385447 -8035929
 385447 -106073
 385447 -121689
 385447 -121693
 342973 -8045635
 342973 -115779
 342973 -115779
 342973 -115839
 300139 -8121237
 300139 -125845
 300139 -109717
 300139 -109755
 256964 -8164412
 256964 -103484
 256964 -103484
 256964 -103514
 213676 -8142164
 213676 -81236
 213676 -97108
 213676 -97055
 170154 -8218454
 170154 -91990
 170154 -90710
 170154 -90638
 126208 -8262400
 126208 -70400
 126208 -84480
 126208 -84441
 82192 -8273648
 82192 -81648
 82192 -78064
 82192 -77999
 38098 -8350638
 38098 -93102
 38098 -71086
 38098 -71099
 -6001 -38897
 -6001 -38897
 -6001 -64241
 -6001 -64151
 -50285 -50413
 -50285 -50413
 -50285 -57325
 -50285 -57243
 -94117 -126757
 -94117 -61221
 -94117 -50213
 -94117 -50298
 -138042 -170938
 -138042 -39866
 -138042 -43450
 -138042 -43410
 -181727 -181727
 -181727 -50655
 -181727 -36831
 -181727 -36860
 -225145 -225273
 -225145 -28665
 -225145 -30457
 -225145 -30412
 -267998 -267998
 -267998 -5854
 -267998 -24030
 -267998 -24010
 -310740 -277844
 -310740 -15700
 -310740 -17492
 -310740 -17446
 -353152 -353152
 -353152 -25472
 -353152 -10880
 -353152 -10817
 -395282 -395410
 -395282 -2194
 -395282 -4242
 -395282 -4345
 -437024 7951456
 -437024 21600
 -437024 2400
 -437024 2346
 -477952 7877888
 -477952 13568
 -477952 8704
 -477952 8765
 -518566 7870170
 -518566 5850
 -518566 15322
 -518566 15280
 -558498 7830238
 -558498 31454
 -558498 21982
 -558498 22011
 -597932 7757908
 -597932 24660
 -597932 28756
 -597932 28676
 -636807 7784697
 -636807 51449
 -636807 35065
 -636807 34978
 -675004 7713604
 -675004 45892
 -675004 41284
 -675004 41249
 -712444 7709060
 -712444 41348
 -712444 47492
 -712444 47602
 -749336 7639272
 -749336 37096
 -749336 53736
 -749336 53699
 -785168 7636208
 -785168 34032
 -785168 59632
 -785168 59589
 -820630 7600874
 -820630 64234
 -820630 65514
 -820630 65505
 -854925 7500915
 -854925 95347
 -854925 71539
 -854925 71483
 -888401 7500207
 -888401 94639
 -888401 77743
 -888401 77725
 -921311 7434657
 -921311 94625
 -921311 83873
 -921311 83949
 -953124 7435484
 -953124 95452
 -953124 90332
 -953124 90283
 -983718 7372122
 -983718 97626
 -983718 96602
 -983718 96570
 -1013746 7374990
 -1013746 100494
 -1013746 102542
 -1013746 102630
 -1042995 7378253
 -1042995 103757
 -1042995 108621
 -1042995 108588
 -1070890 7317718
 -1070890 108758
 -1070890 114646
 -1070890 114568
 -1097888 7323616
 -1097888 114656
 -1097888 120544
 -1097888 120470
 -1123539 7265197
 -1123539 121773
 -1123539 126381
 -1123539 126421
 -1148367 7240369
 -1148367 162481
 -1148367 131761
 -1148367 131741
 -1172306 7216174
 -1172306 138286
 -1172306 136750
 -1172306 136789
 -1194898 7160942
 -1194898 148590
 -1194898 141678
 -1194898 141650
 -1216589 7171891
 -1216589 159539
 -1216589 146739
 -1216589 146692
 -1237205 7151531
 -1237205 139179
 -1237205 151723
 -1237205 151707
 -1256728 7098984
 -1256728 152168
 -1256728 156520
 -1256728 156480
 -1275125 7080715
 -1275125 133899
 -1275125 160779
 -1275125 160777
 -1292249 7129255
 -1292249 182439
 -1292249 165031
 -1292249 165036
 -1308284 7112964
 -1308284 166148
 -1308284 169476
 -1308284 169571
 -1323347 7065261
 -1323347 183981
 -1323347 173997
 -1323347 174076
 -1337262 7051474
 -1337262 170194
 -1337262 178386
 -1337262 178385
 -1349906 7071342
 -1349906 190062
 -1349906 182126
 -1349906 182079
 -1361727 7059649
 -1361727 178369
 -1361727 185025
 -1361727 185046
 -1372254 7048994
 -1372254 167714
 -1372254 187938
 -1372254 187907
 -1381650 7006830
 -1381650 191086
 -1381650 190830
 -1381650 190757
 -1390201 6998407
 -1390201 182663
 -1390201 193671
 -1390201 193728
 -1397304 6991304
 -1397304 175560
 -1397304 196296
 -1397304 196325
 -1403156 6952684
 -1403156 202476
 -1403156 198892
 -1403156 198814
 -1408143 6947825
 -1408143 197617
 -1408143 200945
 -1408143 200881
 -1412154 6976454
 -1412154 226246
 -1412154 202950
 -1412154 202922
 -1415255 6973225
 -1415255 223017
 -1415255 204841
 -1415255 204922
 -1417092 6971516
 -1417092 221308
 -1417092 206972
 -1417092 206862
 -1418078 6970530
 -1418078 220322
 -1418078 208546
 -1418078 208601
 -1417934 6970674
 -1417934 220466
 -1417934 210226
 -1417934 210289
 -1416843 6971765
 -1416843 221557
 -1416843 211573
 -1416843 211577
 -1414921 6973687
 -1414921 223479
 -1414921 212727
 -1414921 212677
 -1411952 6976656
 -1411952 226448
 -1411952 213904
 -1411952 213945
 -1407822 6947890
 -1407822 197682
 -1407822 214578
 -1407822 214647
 -1402949 6952763
 -1402949 202555
 -1402949 214843
 -1402949 214837
 -1397371 6958341
 -1397371 208133
 -1397371 215045
 -1397371 215145
 -1390644 6965196
 -1390644 214988
 -1390644 215756
 -1390644 215751
 -1383294 6972418
 -1383294 222210
 -1383294 216322
 -1383294 216440
 -1375287 7013193
 -1375287 197449
 -1375287 216905
 -1375287 216947
 -1366182 7022554
 -1366182 206810
 -1366182 217562
 -1366182 217546
 -1356500 7032236
 -1356500 216492
 -1356500 217772
 -1356500 217773
 -1346254 7042482
 -1346254 226738
 -1346254 218034
 -1346254 218003
 -1335025 7020815
 -1335025 205071
 -1335025 217871
 -1335025 217941
 -1323389 7032323
 -1323389 216579
 -1323389 217603
 -1323389 217711
 -1311067 7044645
 -1311067 228901
 -1311067 217381
 -1311067 217459
 -1297958 7090522
 -1297958 209242
 -1297958 217178
 -1297958 217117
 -1284621 7103859
 -1284621 222579
 -1284621 216435
 -1284621 216445
 -1270396 7085316
 -1270396 204036
 -1270396 215812
 -1270396 215899
 -1255725 7100115
 -1255725 218835
 -1255725 215251
 -1255725 215176
 -1240604 7148004
 -1240604 201188
 -1240604 214244
 -1240604 214222
 -1225107 7163501
 -1225107 216685
 -1225107 213101
 -1225107 213090
 -1209021 7146947
 -1209021 200131
 -1209021 211907
 -1209021 211894
 -1192774 7162938
 -1192774 216122
 -1192774 210746
 -1192774 210799
 -1176101 7212507
 -1176101 200155
 -1176101 209627
 -1176101 209611
 -1158712 7229768
 -1158712 217416
 -1158712 208456
 -1158712 208393
 -1141513 7214199
 -1141513 201847
 -1141513 207479
 -1141513 207360
 -1123755 7232085
 -1123755 219733
 -1123755 205653
 -1123755 205633
 -1105590 7283018
 -1105590 205130
 -1105590 203594
 -1105590 203628
 -1087402 7301334
 -1087402 223446
 -1087402 201430
 -1087402 201434
 -1068865 7286847
 -1068865 208959
 -1068865 199231
 -1068865 199214
 -1050239 7305473
 -1050239 227585
 -1050239 196609
 -1050239 196633
 -1031337 7390039
 -1031337 181079
 -1031337 194391
 -1031337 194340
 -1012286 7376322
 -1012286 167362
 -1012286 192194
 -1012286 192129
 -993226 7395510
 -993226 186550
 -993226 189622
 -993226 189674
 -973988 7447388
 -973988 172892
 -973988 187228
 -973988 187138
 -954766 7466738
 -954766 192242
 -954766 184818
 -954766 184732
 -935571 7453037
 -935571 178541
 -935571 182381
 -935571 182302
 -916272 7504976
 -916272 164944
 -916272 179792
 -916272 179743
 -896758 7524746
 -896758 184714
 -896758 177034
 -896758 177129
 -877155 7511325
 -877155 171293
 -877155 174365
 -877155 174368
 -857950 7530530
 -857950 190498
 -857950 171810
 -857950 171873
 -838690 7582686
 -838690 177118
 -838690 169438
 -838690 169437
 -819430 7602074
 -819430 196506
 -819430 166554
 -819430 166581
 -800305 7555407
 -800305 149839
 -800305 163663
 -800305 163659
 -781534 7607202
 -781534 136098
 -781534 160418
 -781534 160410
 -762354 7626254
 -762354 155150
 -762354 157454
 -762354 157528
 -743461 7612379
 -743461 141275
 -743461 155355
 -743461 155278
 -725064 7630648
 -725064 159544
 -725064 153144
 -725064 153172
 -706624 7681856
 -706624 145216
 -706624 150848
 -706624 150858
 -688116 7667852
 -688116 131212
 -688116 148620
 -688116 148682
 -670157 7685811
 -670157 149171
 -670157 146099
 -670157 146056
 -652265 7736343
 -652265 134167
 -652265 143639
 -652265 143662
 -634522 7754214
 -634522 152038
 -634522 141286
 -634522 141249
 -617105 7738863
 -617105 136687
 -617105 138991
 -617105 138917
 -599904 7755808
 -599904 153632
 -599904 136480
 -599904 136460
 -582691 7805917
 -582691 138205
 -582691 134109
 -582691 134048
 -565946 7822662
 -565946 154950
 -565946 131654
 -565946 131703
 -549309 7839427
 -549309 106179
 -549309 129475
 -549309 129452
 -533027 7855453
 -533027 122205
 -533027 127069
 -533027 127009
 -516873 7904375
 -516873 105591
 -516873 124535
 -516873 124498
 -501156 7920348
 -501156 121564
 -501156 122076
 -501156 122034
 -485897 7902583
 -485897 103799
 -485897 119927
 -485897 119848
 -470578 7918030
 -470578 119246
 -470578 117710
 -470578 117650
 -455663 7965841
 -455663 101521
 -455663 115601
 -455663 115670
 -441105 7980271
 -441105 115951
 -441105 113647
 -441105 113573
 -426782 7994594
 -426782 130274
 -426782 111330
 -426782 111337
 -412771 7975837
 -412771 111517
 -412771 108957
 -412771 109000
 -398950 7989658
 -398950 125338
 -398950 106394
 -398950 106402
 -385552 8035824
 -385552 105968
 -385552 103920
 -385552 103927
 -372559 8048817
 -372559 118961
 -372559 101297
 -372559 101334
 -359644 8028964
 -359644 99108
 -359644 99108
 -359644 99126
 -347037 8008931
 -347037 79075
 -347037 96483
 -347037 96487
 -334838 8021130
 -334838 91274
 -334838 94090
 -334838 94139
 -322919 8065689
 -322919 70297
 -322919 91801
 -322919 91827
 -311307 8077301
 -311307 81909
 -311307 89589
 -311307 89545
 -299795 8088813
 -299795 93421
 -299795 87533
 -299795 87439
 -289046 8066794
 -289046 71402
 -289046 85226
 -289046 85122
 -278376 8077336
 -278376 81944
 -278376 82968
 -278376 82999
 -267759 8088209
 -267759 92817
 -267759 80785
 -267759 80874
 -257563 8130917
 -257563 69989
 -257563 78693
 -257563 78640
 -247871 8140737
 -247871 79809
 -247871 76737
 -247871 76740
 -238339 8150141
 -238339 89213
 -238339 75133
 -238339 75112
 -228995 8126973
 -228995 66045
 -228995 72701
 -228995 72691
 -219854 8135986
 -219854 75058
 -219854 70706
 -219854 70721
 -211255 8144585
 -211255 83657
 -211255 68809
 -211255 68857
 -202938 8152902
 -202938 91974
 -202938 67398
 -202938 67351
 -194524 8194212
 -194524 67748
 -194524 65956
 -194524 65981
 -186430 8234946
 -186430 42946
 -186430 64706
 -186430 64646
 -178718 8242530
 -178718 50530
 -178718 63330
 -178718 63341
 -171458 8250046
 -171458 58046
 -171458 62398
 -171458 62350
 -164398 8256978
 -164398 64978
 -164398 60882
 -164398 60910
 -157330 8231278
 -157330 39278
 -157330 59502
 -157330 59438
 -150690 8237918
 -150690 45918
 -150690 58462
 -150690 58407
 -144294 8244314
 -144294 52314
 -144294 57178
 -144294 57174
 -137904 8250832
 -137904 58832
 -137904 56016
 -137904 55943
 -131898 8256710
 -131898 64710
 -131898 54726
 -131898 54724
 -125863 8295641
 -125863 38105
 -125863 53721
 -125863 53709
 -120154 8301222
 -120154 43686
 -120154 52646
 -120154 52641
 -115071 8306305
 -115071 48769
 -115071 51585
 -115071 51621
 -109916 8311332
 -109916 53796
 -109916 50468
 -109916 50495
 -104828 8316420
 -104828 58884
 -104828 49412
 -104828 49481
 -99985 8321519
 -99985 63983
 -99985 48879
 -99985 48780
 -95477 8293131
 -95477 35595
 -95477 48139
 -95477 48215
 -91211 8297269
 -91211 39733
 -91211 47413
 -91211 47467
 -86834 8301646
 -86834 44110
 -86834 46414
 -86834 46432
 -82748 8305732
 -82748 48196
 -82748 45380
 -82748 45389
 -79030 8309706
 -79030 52170
 -79030 44234
 -79030 44257
 -75083 8313525
 -75083 55989
 -75083 43189
 -75083 43203
 -71418 8317318
 -71418 59782
 -71418 42118
 -71418 42209
 -68036 8320700
 -68036 63164
 -68036 40892
 -68036 40931
 -64805 8356443
 -64805 33371
 -64805 39515
 -64805 39491
 -61624 8359752
 -61624 36680
 -61624 38728
 -61624 38725
 -58485 8362891
 -58485 39819
 -58485 37515
 -58485 37543
 -55602 8365646
 -55602 42574
 -55602 36686
 -55602 36664
 -52929 8368575
 -52929 45503
 -52929 35775
 -52929 35821
 -50044 8371204
 -50044 48132
 -50044 34820
 -50044 34906
 -47557 8373819
 -47557 50747
 -47557 33851
 -47557 33917
 -45279 8376097
 -45279 53025
 -45279 33057
 -45279 33099
 -42787 8345821
 -42787 22749
 -42787 32477
 -42787 32473
 -40608 8348128
 -40608 25056
 -40608 31712
 -40608 31657
 -38401 8350079
 -38401 27007
 -38401 30591
 -38401 30523
 -36533 8352203
 -36533 29131
 -36533 29643
 -36533 29606
 -34726 8354010
 -34726 30938
 -34726 28634
 -34726 28627
 -32952 8355656
 -32952 32584
 -32952 27976
 -32952 27949
 -31090 8324622
 -31090 1550
 -31090 27406
 -31090 27403
 -29436 8326532
 -29436 3460
 -29436 27012
 -29436 27033
 -27826 8328142
 -27826 5070
 -27826 26830
 -27826 26849
 -26213 8329627
 -26213 6555
 -26213 26523
 -26213 26559
 -24648 8331064
 -24648 7992
 -24648 26168
 -24648 26184
 -23556 8332156
 -23556 9084
 -23556 26236
 -23556 26159
 -22470 8333498
 -22470 10426
 -22470 26042
 -22470 26085
 -21281 8334431
 -21281 11359
 -21281 25951
 -21281 25879
 -20012 8335828
 -20012 12756
 -20012 25812
 -20012 25764
 -18838 8337130
 -18838 14058
 -18838 25578
 -18838 25535
 -17700 8338140
 -17700 15068
 -17700 25564
 -17700 25531
 -16681 8339159
 -16681 16087
 -16681 25303
 -16681 25258
 -16061 8339907
 -16061 16835
 -16061 25027
 -16061 25009
 -14863 8340977
 -14863 17905
 -14863 25073
 -14863 24976
 -13857 8341983
 -13857 18911
 -13857 24543
 -13857 24560
 -13161 8342679
 -13161 19607
 -13161 24471
 -13161 24460
 -12535 8343433
 -12535 20361
 -12535 24457
 -12535 24546
 -11721 8344119
 -11721 21047
 -11721 24631
 -11721 24669
 -10921 8345047
 -10921 21975
 -10921 24791
 -10921 24764
 -10396 8345572
 -10396 22500
 -10396 24548
 -10396 24515
 -9839 8345873
 -9839 22801
 -9839 24081
 -9839 24176
 -9256 8346584
 -9256 23512
 -9256 23512
 -9256 23540
 -8860 8347108
 -8860 24036
 -8860 22756
 -8860 22765
 -8206 8347634
 -8206 24562
 -8206 22514
 -8206 22426
 -7940 8347900
 -7940 24828
 -7940 22012
 -7940 21998
 -7374 8348594
 -7374 25522
 -7374 21682
 -7374 21653
 -6766 8349074
 -6766 26002
 -6766 21138
 -6766 21217
 -6382 8349586
 -6382 26514
 -6382 20626
 -6382 20665
 -6119 8349849
 -6119 26777
 -6119 20121
 -6119 20196
 -5608 8350232
 -5608 27160
 -5608 19736
 -5608 19813
 -5166 8350674
 -5166 27602
 -5166 19410
 -5166 19425
 -4881 8350831
 -4881 27759
 -4881 19055
 -4881 19037
 -4694 8351146
 -4694 28074
 -4694 18602
 -4694 18660
 -4510 8351330
 -4510 28258
 -4510 18274
 -4510 18292
 -4362 8351478
 -4362 28406
 -4362 18166
 -4362 18132
 -3924 8351916
 -3924 28844
 -3924 17836
 -3924 17896
 -3827 8352141
 -3827 29069
 -3827 17037
 -3827 17088
 -3602 8352110
 -3602 29038
 -3602 16494
 -3602 16499
 -3302 8352538
 -3302 29466
 -3302 16410
 -3302 16420
 -3089 8352623
 -3089 29551
 -3089 16239
 -3089 16218
 -2909 8352931
 -2909 29859
 -2909 16291
 -2909 16285
 -2900 8352812
 -2900 29740
 -2900 16428
 -2900 16427
 -2657 8353055
 -2657 29983
 -2657 16415
 -2657 16499
 -2287 8353553
 -2287 30481
 -2287 16657
 -2287 16708
 -2271 8353569
 -2271 30497
 -2271 16673
 -2271 16695
 -2191 8353777
 -2191 30705
 -2191 16881
 -2191 16838
 -2009 8353831
 -2009 30759
 -2009 16935
 -2009 17019
 -2199 8353769
 -2199 30697
 -2199 17129
 -2199 17098
 -1985 8353855
 -1985 30783
 -1985 17215
 -1985 17252
 -1739 8354229
 -1739 31157
 -1739 17333
 -1739 17377
 -1660 8354052
 -1660 30980
 -1660 17412
 -1660 17470
 -1378 8354334
 -1378 31262
 -1378 17694
 -1378 17690
 -1292 8354548
 -1292 31476
 -1292 17652
 -1292 17628
 -1156 8354684
 -1156 31612
 -1156 17532
 -1156 17473
 -1259 8354709
 -1259 31637
 -1259 17301
 -1259 17368
 -1294 8354546
 -1294 31474
 -1294 17650
 -1294 17624
 -1004 8354964
 -1004 31892
 -1004 18068
 -1004 18109
 -851 8354989
 -851 31917
 -851 18349
 -851 18319
 -827 8354885
 -827 31813
 -827 18245
 -827 18281
 -612 8355100
 -612 32028
 -612 18204
 -612 18246
 -689 8355151
 -689 32079
 -689 17999
 -689 17970
 -972 8354868
 -972 31796
 -972 17460
 -972 17516
 -1015 8354825
 -1015 31753
 -1015 16905
 -1015 16996
 -904 8355064
 -904 31992
 -904 16632
 -904 16634
 -774 8354938
 -774 31866
 -774 16506
 -774 16452
 -429 8355411
 -429 32339
 -429 16211
 -429 16163
 -494 8355346
 -494 32274
 -494 15634
 -494 15643
 -733 8355107
 -733 32035
 -733 15395
 -733 15410
 -648 8355192
 -648 32120
 -648 15224
 -648 15174
 -520 8355192
 -520 32120
 -520 15224
 -520 15106
 -624 8355216
 -624 32144
 -624 14992
 -624 15011
 -563 8355277
 -563 32205
 -563 14797
 -563 14726
 -432 8355408
 -432 32336
 -432 14672
 -432 14598
 -272 8355440
 -272 32368
 -272 14448
 -272 14445
 -353 8355359
 -353 32287
 -353 13855
 -353 13883
 -449 8355391
 -449 32319
 -449 13119
 -449 13180
 -644 8355196
 -644 32124
 -644 12924
 -644 12804
 -638 8355202
 -638 32130
 -638 12418
 -638 12539
 -662 8355178
 -662 32106
 -662 12394
 -662 12339
 -530 8355310
 -530 32238
 -530 12782
 -530 12767
 -548 8355292
 -548 32220
 -548 13020
 -548 13013
 -310 8355402
 -310 32330
 -310 13386
 -310 13316
 -418 8355550
 -418 32478
 -418 13534
 -418 13487
 -413 8355427
 -413 32355
 -413 13667
 -413 13632
 -308 8355404
 -308 32332
 -308 13644
 -308 13687
 -189 8355779
 -189 32707
 -189 14019
 -189 13952
 -248 8355592
 -248 32520
 -248 13832
 -248 13940
 54 54
 54 54
 54 14134
 54 14119
 -144 8355824
 -144 32752
 -144 14320
 -144 14334
 -85 8355755
 -85 32683
 -85 14507
 -85 14591
 -62 8355650
 -62 32578
 -62 14658
 -62 14627
 -420 8355420
 -420 32348
 -420 14684
 -420 14704
 -338 8355502
 -338 32430
 -338 14510
 -338 14556
 -92 8355620
 -92 32548
 -92 14628
 -92 14618
 94 222
 94 222
 94 15070
 94 15025
 -151 8355817
 -151 32745
 -151 15593
 -151 15605
 -294 8355546
 -294 32474
 -294 16090
 -294 16037
 -463 8355505
 -463 32433
 -463 16049
 -463 16098
 -246 8355722
 -246 32650
 -246 15754
 -246 15847
 65 193
 65 193
 65 15553
 65 15520
 76 76
 76 76
 76 15180
 76 15135
 -53 8355787
 -53 32715
 -53 14795
 -53 14834
 -55 8355657
 -55 32585
 -55 14409
 -55 14436
 -95 8355617
 -95 32545
 -95 14113
 -95 14089
 38 166
 38 166
 38 13734
 38 13752
 288 288
 288 288
 288 13600
 288 13638
 -360 8355352
 -360 32280
 -360 13336
 -360 13373
 -317 8355395
 -317 32323
 -317 13123
 -317 13170
 -83 8355629
 -83 32557
 -83 13101
 -83 13078
 -16 8355696
 -16 32624
 -16 12656
 -16 12635
 -301 8355411
 -301 32339
 -301 12371
 -301 12405
 -285 8355427
 -285 32355
 -285 12387
 -285 12366
 -298 8355414
 -298 32342
 -298 12374
 -298 12350
 -209 8355759
 -209 32687
 -209 12207
 -209 12253
 -149 8355819
 -149 32747
 -149 11499
 -149 11410
 -202 8355638
 -202 32566
 -202 10806
 -202 10872
 -227 8355741
 -227 32669
 -227 10653
 -227 10713
 -257 8355455
 -257 32383
 -257 10623
 -257 10613
 27 155
 27 155
 27 10651
 27 10703
 -234 8355734
 -234 32662
 -234 10902
 -234 10982
 -239 8355601
 -239 32529
 -239 11281
 -239 11318
 -232 8355736
 -232 32664
 -232 11672
 -232 11709
 6 6
 6 6
 6 11782
 6 11783
 131 3
 131 3
 131 12035
 131 12066
 136 136
 136 136
 136 12168
 136 12267
 -153 8355687
 -153 32615
 -153 12647
 -153 12611
 -409 8355559
 -409 32487
 -409 12519
 -409 12515
 -258 8355454
 -258 32382
 -258 12670
 -258 12602
 -29 8355683
 -29 32611
 -29 12899
 -29 12888
 137 137
 137 137
 137 12937
 137 12943
 -182 8355658
 -182 32586
 -182 12874
 -182 12910
 -118 8355722
 -118 32650
 -118 13194
 -118 13266
 -119 8355721
 -119 32649
 -119 13449
 -119 13492
 -93 8355619
 -93 32547
 -93 13603
 -93 13674
 88 216
 88 216
 88 14040
 88 14041
 89 89
 89 89
 89 14681
 89 14600
 -30 8355810
 -30 32738
 -30 14562
 -30 14544
 23 23
 23 23
 23 14103
 23 14153
 190 62
 190 62
 190 13886
 190 13943
 1 1
 1 1
 1 13569
 1 13674
 179 179
 179 179
 179 13491
 179 13560
 -153 8355815
 -153 32743
 -153 13287
 -153 13287
 -125 8355715
 -125 32643
 -125 12675
 -125 12789
 54 54
 54 54
 54 12598
 54 12663
 42 42
 42 42
 42 12330
 42 12335
 -99 8355613
 -99 32541
 -99 12061
 -99 12041
 -202 8355638
 -202 32566
 -202 11830
 -202 11876
 -97 8355615
 -97 32543
 -97 11551
 -97 11532
 5 5
 5 5
 5 11269
 5 11270
 105 105
 105 105
 105 11369
 105 11296
 -109 8355731
 -109 32659
 -109 10899
 -109 10968
 19 147
 19 147
 19 10899
 19 10921
 -42 8355798
 -42 32726
 -42 10710
 -42 10722
 59 187
 59 187
 59 10171
 59 10192
 -93 8355619
 -93 32547
 -93 9507
 -93 9545
 -203 8355637
 -203 32565
 -203 9269
 -203 9312
 -355 8355485
 -355 32413
 -355 9117
 -355 9141
 -93 8355747
 -93 32675
 -93 9379
 -93 9376
 99 99
 99 99
 99 9827
 99 9743
 -137 8355831
 -137 32759
 -137 10231
 -137 10120
 -50 8355790
 -50 32718
 -50 10446
 -50 10444
 -106 8355606
 -106 32534
 -106 10774
 -106 10792
 93 93
 93 93
 93 11101
 93 11067
 7 7
 7 7
 7 11271
 7 11317
 -52 8355660
 -52 32588
 -52 11596
 -52 11607
 -270 8355442
 -270 32370
 -270 11890
 -270 11854
 -233 8355735
 -233 32663
 -233 11927
 -233 11996
 -203 8355637
 -203 32565
 -203 12085
 -203 12081
 -104 8355608
 -104 32536
 -104 11800
 -104 11860
 -345 8355495
 -345 32423
 -345 11943
 -345 11919
 -278 8355562
 -278 32490
 -278 12010
 -278 11944
 -91 8355621
 -91 32549
 -91 12069
 -91 12040
 -88 8355752
 -88 32680
 -88 12200
 -88 12211
 -86 8355626
 -86 32554
 -86 12842
 -86 12874
 -189 8355779
 -189 32707
 -189 13251
 -189 13289
 -119 8355593
 -119 32521
 -119 13321
 -119 13396
 -67 8355773
 -67 32701
 -67 13245
 -67 13288
 27 155
 27 155
 27 12955
 27 12930
 -114 8355726
 -114 32654
 -114 12430
 -114 12478
 -2 8355838
 -2 32766
 -2 12542
 -2 12435
 -65 8355775
 -65 32703
 -65 12223
 -65 12279
 -259 8355453
 -259 32381
 -259 12157
 -259 12157
 -228 8355612
 -228 32540
 -228 12060
 -228 12088
 -236 8355604
 -236 32532
 -236 11540
 -236 11574
 -89 8355623
 -89 32551
 -89 11047
 -89 11056
 -78 8355762
 -78 32690
 -78 10930
 -78 10941
 35 35
 35 35
 35 10787
 35 10814
 74 74
 74 74
 74 10826
 74 10753
 334 334
 334 334
 334 10574
 334 10557
 97 225
 97 225
 97 10465
 97 10441
 -139 8355701
 -139 32629
 -139 10613
 -139 10570
 12 12
 12 12
 12 10252
 12 10258
 -67 8355645
 -67 32573
 -67 9533
 -67 9558
 -180 8355788
 -180 32716
 -180 8652
 -180 8600
 -451 8355517
 -451 32445
 -451 8125
 -451 8175
 -263 8355577
 -263 32505
 -263 8441
 -263 8390
 -29 8355683
 -29 32611
 -29 8803
 -29 8830
 229 229
 229 229
 229 9189
 229 9132
 -205 8355635
 -205 32563
 -205 9523
 -205 9587
 -197 8355643
 -197 32571
 -197 9787
 -197 9764
 -97 8355615
 -97 32543
 -97 9759
 -97 9804
 3 131
 3 131
 3 9859
 3 9975
 12 12
 12 12
 12 10252
 12 10350
 -39 8355673
 -39 32601
 -39 10841
 -39 10759
 -78 8355634
 -78 32562
 -78 11058
 -78 11036
 24 24
 24 24
 24 11288
 24 11300
 201 201
 201 201
 201 11209
 201 11233
 238 110
 238 110
 238 11374
 238 11320
 -88 8355752
 -88 32680
 -88 11176
 -88 11223
 -71 8355641
 -71 32569
 -71 11321
 -71 11337
 59 59
 59 59
 59 11323
 59 11310
 -56 8355656
 -56 32584
 -56 11848
 -56 11793
 -138 8355702
 -138 32630
 -138 12406
 -138 12340
 -298 8355542
 -298 32470
 -298 12758
 -298 12702
 -330 8355510
 -330 32438
 -330 12982
 -330 12974
 -226 8355614
 -226 32542
 -226 12830
 -226 12841
 80 208
 80 208
 80 12496
 80 12508
 -91 8355749
 -91 32677
 -91 11941
 -91 12017
 -190 8355778
 -190 32706
 -190 11714
 -190 11710
 16 144
 16 144
 16 11664
 16 11709
 -74 8355638
 -74 32566
 -74 11574
 -74 11604
 -82 8355630
 -82 32558
 -82 11054
 -82 11071
 -161 8355679
 -161 32607
 -161 11103
 -161 11011
 -176 8355792
 -176 32720
 -176 10960
 -176 10892
 -224 8355616
 -224 32544
 -224 10528
 -224 10518
 71 199
 71 199
 71 10183
 71 10157
 -32 8355680
 -32 32608
 -32 9824
 -32 9816
 -121 8355591
 -121 32519
 -121 9735
 -121 9803
 -167 8355801
 -167 32729
 -167 9689
 -167 9708
 42 42
 42 42
 42 9514
 42 9550
 -21 8355819
 -21 32747
 -21 9451
 -21 9347
 -131 8355709
 -131 32637
 -131 8829
 -131 8813
 -96 8355616
 -96 32544
 -96 8224
 -96 8262
 -93 8355747
 -93 32675
 -93 7843
 -93 7908
 -158 8355682
 -158 32610
 -158 8034
 -158 7959
 15 15
 15 15
 15 8207
 15 8226
 129 1
 129 1
 129 8449
 129 8462
 -135 8355705
 -135 32633
 -135 8825
 -135 8722
 -70 8355642
 -70 32570
 -70 9018
 -70 9064
 139 139
 139 139
 139 9099
 139 9210
 89 89
 89 89
 89 9305
 89 9294
 38 38
 38 38
 38 9510
 38 9554
 -292 8355420
 -292 32348
 -292 9820
 -292 9818
 -227 8355613
 -227 32541
 -227 10013
 -227 10079
 -31 8355681
 -31 32609
 -31 10081
 -31 10061
 163 163
 163 163
 163 10403
 163 10396
 -91 8355621
 -91 32549
 -91 10789
 -91 10768
 -68 8355644
 -68 32572
 -68 10812
 -68 10837
 -153 8355687
 -153 32615
 -153 10855
 -153 10769
 -47 8355793
 -47 32721
 -47 10961
 -47 10919
 3 131
 3 131
 3 11139
 3 11181
 -50 8355790
 -50 32718
 -50 11726
 -50 11690
 -143 8355825
 -143 32753
 -143 12273
 -143 12196
 -372 8355340
 -372 32268
 -372 12300
 -372 12292
 -43 8355797
 -43 32725
 -43 12245
 -43 12167
 -90 8355750
 -90 32678
 -90 11686
 -90 11704
 -201 8355639
 -201 32567
 -201 11319
 -201 11380
 -549 8355163
 -549 32091
 -549 11355
 -549 11346
 -158 8355682
 -158 32610
 -158 11362
 -158 11278
 154 26
 154 26
 154 11034
 154 11052
 -39 8355801
 -39 32729
 -39 10969
 -39 10969
 -59 8355653
 -59 32581
 -59 10565
 -59 10541
 -38 8355674
 -38 32602
 -38 10074
 -38 10025
 40 168
 40 168
 40 9640
 40 9676
 -125 8355715
 -125 32643
 -125 9603
 -125 9679
 -49 8355791
 -49 32719
 -49 9423
 -49 9357
 -359 8355353
 -359 32281
 -359 9241
 -359 9327
 -110 8355602
 -110 32530
 -110 9234
 -110 9252
 -92 8355620
 -92 32548
 -92 9252
 -92 9246
 -72 8355768
 -72 32696
 -72 9144
 -72 9149
 -99 8355613
 -99 32541
 -99 8733
 -99 8773
 -153 8355815
 -153 32743
 -153 8423
 -153 8348
 -145 8355823
 -145 32751
 -145 7919
 -145 7862
 -23 8355817
 -23 32745
 -23 7913
 -23 7918
 55 55
 55 55
 55 7991
 55 8025
 -138 8355830
 -138 32758
 -138 8438
 -138 8394
 -111 8355729
 -111 32657
 -111 8593
 -111 8640
 -141 8355827
 -141 32755
 -141 8947
 -141 8944
 18 18
 18 18
 18 8978
 18 8993
 52 180
 52 180
 52 9140
 52 9137
 -130 8355710
 -130 32638
 -130 9598
 -130 9506
 -338 8355374
 -338 32302
 -338 9518
 -338 9571
 -47 8355665
 -47 32593
 -47 9809
 -47 9803
 289 289
 289 289
 289 9761
 289 9772
 251 123
 251 123
 251 9851
 251 9811
 -75 8355765
 -75 32693
 -75 9909
 -75 9870
 -298 8355542
 -298 32470
 -298 9942
 -298 9874
 -314 8355526
 -314 32454
 -314 9926
 -314 9974
 -157 8355683
 -157 32611
 -157 10339
 -157 10295
 -6 8355834
 -6 32762
 -6 10490
 -6 10398
 -307 8355405
 -307 32333
 -307 11085
 -307 11016
 -313 8355527
 -313 32455
 -313 11463
 -313 11503
 36 164
 36 164
 36 11428
 36 11502
 28 28
 28 28
 28 11548
 28 11586
 -136 8355704
 -136 32632
 -136 11384
 -136 11316
 -133 8355707
 -133 32635
 -133 11131
 -133 11034
 89 89
 89 89
 89 10841
 89 10772
 -104 8355736
 -104 32664
 -104 10392
 -104 10492
 133 5
 133 5
 133 10245
 133 10252
 -11 8355829
 -11 32757
 -11 10229
 -11 10156
 10 138
 10 138
 10 9610
 10 9711
 -210 8355630
 -210 32558
 -210 9518
 -210 9522
 -359 8355481
 -359 32409
 -359 9369
 -359 9358
 81 81
 81 81
 81 9041
 81 9083
 -73 8355639
 -73 32567
 -73 8759
 -73 8780
 -182 8355658
 -182 32586
 -182 8778
 -182 8706
 -197 8355771
 -197 32699
 -197 8635
 -197 8659
 -223 8355745
 -223 32673
 -223 8609
 -223 8694
 -14 8355698
 -14 32626
 -14 8562
 -14 8528
 -51 8355789
 -51 32717
 -51 8141
 -51 8064
 -132 8355836
 -132 32764
 -132 7676
 -132 7623
 -243 8355597
 -243 32525
 -243 7181
 -243 7281
 -109 8355731
 -109 32659
 -109 7315
 -109 7404
 -195 8355645
 -195 32573
 -195 7485
 -195 7532
 -285 8355555
 -285 32483
 -285 7907
 -285 7815
 -219 8355621
 -219 32549
 -219 7973
 -219 8000
 -70 8355642
 -70 32570
 -70 8250
 -70 8287
 28 28
 28 28
 28 8220
 28 8310
 23 151
 23 151
 23 8343
 23 8394
 -115 8355725
 -115 32653
 -115 8589
 -115 8668
 -199 8355641
 -199 32569
 -199 9017
 -199 9068
 -69 8355771
 -69 32699
 -69 9147
 -69 9122
 67 67
 67 67
 67 9539
 67 9589
 -57 8355783
 -57 32711
 -57 9671
 -57 9679
 -91 8355749
 -91 32677
 -91 9893
 -91 9899
 -157 8355811
 -157 32739
 -157 9955
 -157 9880
 79 207
 79 207
 79 9935
 79 9879
 -53 8355787
 -53 32715
 -53 9675
 -53 9712
 123 123
 123 123
 123 9851
 123 9827
 -173 8355795
 -173 32723
 -173 10451
 -173 10386
 -156 8355812
 -156 32740
 -156 11236
 -156 11153
 -23 8355817
 -23 32745
 -23 11497
 -23 11465
 26 26
 26 26
 26 11290
 26 11283
 -125 8355715
 -125 32643
 -125 10883
 -125 10924
 -292 8355548
 -292 32476
 -292 10716
 -292 10728
 -89 8355751
 -89 32679
 -89 10407
 -89 10452
 -74 8355766
 -74 32694
 -74 10166
 -74 10217
 -2 8355710
 -2 32638
 -2 10110
 -2 9999
 -217 8355751
 -217 32679
 -217 9895
 -217 9946
 -187 8355781
 -187 32709
 -187 9669
 -187 9727
 -19 8355693
 -19 32621
 -19 9581
 -19 9530
 7 135
 7 135
 7 9095
 7 9136
 104 104
 104 104
 104 9064
 104 9000
 -45 8355795
 -45 32723
 -45 8915
 -45 8920
 -132 8355708
 -132 32636
 -132 8828
 -132 8807
 -169 8355799
 -169 32727
 -169 8663
 -169 8606
 -90 8355622
 -90 32550
 -90 8486
 -90 8523
 -227 8355613
 -227 32541
 -227 8221
 -227 8253
 -241 8355727
 -241 32655
 -241 7567
 -241 7632
 -89 8355751
 -89 32679
 -89 7079
 -89 7155
 -229 8355611
 -229 32539
 -229 6939
 -229 6985
 -269 8355571
 -269 32499
 -269 6899
 -269 6836
 93 93
 93 93
 93 6749
 93 6700
 -46 8355666
 -46 32594
 -46 7250
 -46 7222
 -189 8355651
 -189 32579
 -189 7491
 -189 7492
 -145 8355823
 -145 32751
 -145 7663
 -145 7639
 -79 8355633
 -79 32561
 -79 7985
 -79 7991
 33 33
 33 33
 33 8225
 33 8264
 -59 8355781
 -59 32709
 -59 8389
 -59 8371
 -42 8355798
 -42 32726
 -42 8662
 -42 8581
 -358 8355482
 -358 32410
 -358 8858
 -358 8849
 -63 8355649
 -63 32577
 -63 9025
 -63 9043
 -154 8355686
 -154 32614
 -154 9062
 -154 8988
 -210 8355630
 -210 32558
 -210 9262
 -210 9247
 -209 8355631
 -209 32559
 -209 9519
 -209 9523
 -168 8355672
 -168 32600
 -168 9560
 -168 9582
 -46 8355794
 -46 32722
 -46 9682
 -46 9605
 -200 8355640
 -200 32568
 -200 9784
 -200 9776
 -150 8355818
 -150 32746
 -150 10474
 -150 10426
 -254 8355586
 -254 32514
 -254 10754
 -254 10866
 -132 8355708
 -132 32636
 -132 11132
 -132 11042
 -101 8355739
 -101 32667
 -101 10907
 -101 10968
 -226 8355614
 -226 32542
 -226 10782
 -226 10814
 -218 8355622
 -218 32550
 -218 10534
 -218 10514
 30 30
 30 30
 30 10014
 30 10037
 184 184
 184 184
 184 9912
 184 9879
 161 161
 161 161
 161 9633
 161 9615
 -36 8355804
 -36 32732
 -36 9692
 -36 9606
 -362 8355350
 -362 32278
 -362 9494
 -362 9514
 -93 8355619
 -93 32547
 -93 9251
 -93 9283
 -30 8355682
 -30 32610
 -30 9058
 -30 9086
 54 182
 54 182
 54 8630
 54 8667
 -274 8355438
 -274 32366
 -274 8558
 -274 8542
 -296 8355544
 -296 32472
 -296 8408
 -296 8336
 -254 8355586
 -254 32514
 -254 8194
 -254 8271
 -69 8355771
 -69 32699
 -69 8379
 -69 8438
 -312 8355400
 -312 32328
 -312 8008
 -312 8035
 -258 8355582
 -258 32510
 -258 7678
 -258 7568
 -204 8355636
 -204 32564
 -204 7220
 -204 7212
 -71 8355769
 -71 32697
 -71 6841
 -71 6820
 33 161
 33 161
 33 6561
 33 6560
 -90 8355622
 -90 32550
 -90 6950
 -90 6925
 -88 8355624
 -88 32552
 -88 7208
 -88 7277
 -358 8355482
 -358 32410
 -358 7578
 -358 7581
 -302 8355410
 -302 32338
 -302 7762
 -302 7742
 -140 8355828
 -140 32756
 -140 7924
 -140 7863
 5 133
 5 133
 5 8325
 5 8361
 -274 8355566
 -274 32494
 -274 8686
 -274 8585
 -114 8355726
 -114 32654
 -114 8846
 -114 8938
 -4 8355708
 -4 32636
 -4 9340
 -4 9260
 -102 8355610
 -102 32538
 -102 9242
 -102 9326
 32 32
 32 32
 32 9504
 32 9590
 -250 8355590
 -250 32518
 -250 9478
 -250 9578
 34 162
 34 162
 34 9634
 34 9684
 -26 8355814
 -26 32742
 -26 9702
 -26 9611
 24 24
 24 24
 24 9240
 24 9320
 -10 8355702
 -10 32630
 -10 9334
 -10 9234
 62 190
 62 190
 62 9662
 62 9711
 -180 8355660
 -180 32588
 -180 10316
 -180 10258
 -88 8355752
 -88 32680
 -88 10664
 -88 10626
 -219 8355749
 -219 32677
 -219 10661
 -219 10696
 -196 8355772
 -196 32700
 -196 10428
 -196 10388
 -73 8355639
 -73 32567
 -73 9783
 -73 9848
 -118 8355594
 -118 32522
 -118 9738
 -118 9748
 -143 8355825
 -143 32753
 -143 9713
 -143 9704
 -165 8355803
 -165 32731
 -165 9435
 -165 9398
 87 215
 87 215
 87 9431
 87 9400
 -147 8355693
 -147 32621
 -147 9069
 -147 8961
 -4 8355836
 -4 32764
 -4 8700
 -4 8691
 6 134
 6 134
 6 8582
 6 8594
 -92 8355620
 -92 32548
 -92 8484
 -92 8468
 -239 8355601
 -239 32529
 -239 8209
 -239 8313
 2 2
 2 2
 2 7938
 2 8028
 136 8
 136 8
 136 7944
 136 7960
 54 182
 54 182
 54 7862
 54 7884
 18 146
 18 146
 18 7570
 18 7619
 -36 8355804
 -36 32732
 -36 7388
 -36 7360
 -182 8355658
 -182 32586
 -182 6730
 -182 6710
 -161 8355679
 -161 32607
 -161 6239
 -161 6263
 -65 8355775
 -65 32703
 -65 6079
 -65 6122
 -58 8355654
 -58 32582
 -58 6470
 -58 6476
 -18 8355822
 -18 32750
 -18 6894
 -18 6908
 -119 8355593
 -119 32521
 -119 6921
 -119 7007
 81 81
 81 81
 81 7249
 81 7178
 -80 8355632
 -80 32560
 -80 7472
 -80 7515
 -347 8355365
 -347 32293
 -347 7717
 -347 7730
 -104 8355608
 -104 32536
 -104 7960
 -104 8020
 -32 8355680
 -32 32608
 -32 8288
 -32 8199
 97 225
 97 225
 97 8673
 97 8578
 43 171
 43 171
 43 8619
 43 8606
 -44 8355796
 -44 32724
 -44 8660
 -44 8666
 -302 8355538
 -302 32466
 -302 8914
 -302 8915
 62 62
 62 62
 62 9022
 62 9047
 158 158
 158 158
 158 9118
 158 9110
 117 245
 117 245
 117 9461
 117 9396
 -211 8355757
 -211 32685
 -211 9389
 -211 9383
 -166 8355802
 -166 32730
 -166 9946
 -166 9863
 32 32
 32 32
 32 10528
 32 10500
 -158 8355682
 -158 32610
 -158 10594
 -158 10515
 38 166
 38 166
 38 10150
 38 10150
 -280 8355560
 -280 32488
 -280 9960
 -280 9951
 -285 8355555
 -285 32483
 -285 9955
 -285 9865
 271 399
 271 399
 271 9615
 271 9697
 341 341
 341 341
 341 9557
 341 9550
 25 153
 25 153
 25 9369
 25 9370
 46 174
 46 174
 46 9134
 46 9200
 -141 8355699
 -141 32627
 -141 8819
 -141 8797
 -2 8355710
 -2 32638
 -2 8318
 -2 8299
 31 31
 31 31
 31 8223
 31 8241
 38 38
 38 38
 38 7974
 38 8018
 82 82
 82 82
 82 7762
 82 7807
 210 82
 210 82
 210 8018
 210 7989
 112 240
 112 240
 112 7920
 112 7896
 -179 8355661
 -179 32589
 -179 7757
 -179 7725
 -273 8355567
 -273 32495
 -273 7663
 -273 7574
 -174 8355666
 -174 32594
 -174 7250
 -174 7290
 -15 8355825
 -15 32753
 -15 6897
 -15 6792
 -51 8355661
 -51 32589
 -51 6477
 -51 6422
 103 103
 103 103
 103 6503
 103 6408
 36 36
 36 36
 36 6436
 36 6473
 -119 8355721
 -119 32649
 -119 6537
 -119 6633
 -72 8355768
 -72 32696
 -72 6840
 -72 6868
 -135 8355705
 -135 32633
 -135 7289
 -135 7179
 106 234
 106 234
 106 7146
 106 7110
 -31 8355809
 -31 32737
 -31 7393
 -31 7354
 109 109
 109 109
 109 7789
 109 7692
 -85 8355755
 -85 32683
 -85 7851
 -85 7833
 46 46
 46 46
 46 8238
 46 8249
 -105 8355607
 -105 32535
 -105 8471
 -105 8453
 -86 8355754
 -86 32682
 -86 8618
 -86 8673
 -34 8355678
 -34 32606
 -34 8798
 -34 8770
 -177 8355791
 -177 32719
 -177 8911
 -177 8848
 101 101
 101 101
 101 8805
 101 8799
 -25 8355815
 -25 32743
 -25 8935
 -25 8868
 70 198
 70 198
 70 9158
 70 9206
 34 162
 34 162
 34 9634
 34 9673
 -123 8355589
 -123 32517
 -123 9989
 -123 10079
 -81 8355759
 -81 32687
 -81 10415
 -81 10462
 -120 8355720
 -120 32648
 -120 10376
 -120 10469
 -236 8355604
 -236 32532
 -236 10004
 -236 10037
 -262 8355578
 -262 32506
 -262 9722
 -262 9696
 72 72
 72 72
 72 9544
 72 9586
 130 130
 130 130
 130 9346
 130 9387
 -3 8355709
 -3 32637
 -3 9341
 -3 9231
 -147 8355693
 -147 32621
 -147 9325
 -147 9221
 -130 8355838
 -130 32766
 -130 9214
 -130 9108
 -31 8355681
 -31 32609
 -31 8545
 -31 8567
 25 25
 25 25
 25 8217
 25 8230
 -8 8355704
 -8 32632
 -8 8312
 -8 8286
 -142 8355698
 -142 32626
 -142 8306
 -142 8229
 -309 8355531
 -309 32459
 -309 7883
 -309 7873
 -106 8355606
 -106 32534
 -106 7702
 -106 7762
 109 109
 109 109
 109 7533
 109 7451
 192 192
 192 192
 192 7360
 192 7311
 -20 8355692
 -20 32620
 -20 7020
 -20 7001
 -268 8355444
 -268 32372
 -268 6516
 -268 6512
 -101 8355611
 -101 32539
 -101 6171
 -101 6150
 -151 8355689
 -151 32617
 -151 6249
 -151 6269
 49 177
 49 177
 49 6321
 49 6313
 40 40
 40 40
 40 6440
 40 6491
 57 57
 57 57
 57 6713
 57 6657
 87 87
 87 87
 87 6999
 87 6930
 228 228
 228 228
 228 7396
 228 7304
 113 241
 113 241
 113 7665
 113 7664
 3 131
 3 131
 3 7555
 3 7667
 42 42
 42 42
 42 7466
 42 7522
 44 44
 44 44
 44 7724
 44 7742
 123 123
 123 123
 123 7803
 123 7796
 -102 8355610
 -102 32538
 -102 7962
 -102 8027
 -154 8355814
 -154 32742
 -154 8166
 -154 8144
 -101 8355739
 -101 32667
 -101 8603
 -101 8602
 -10 8355830
 -10 32758
 -10 8694
 -10 8580
 -9 8355703
 -9 32631
 -9 8823
 -9 8710
 28 28
 28 28
 28 8988
 28 8983
 12 140
 12 140
 12 9356
 12 9355
 88 88
 88 88
 88 9816
 88 9761
 380 508
 380 508
 380 9980
 380 9976
 15 15
 15 15
 15 9743
 15 9818
 -101 8355611
 -101 32539
 -101 9755
 -101 9796
 -175 8355665
 -175 32593
 -175 9809
 -175 9734
 -31 8355809
 -31 32737
 -31 9441
 -31 9435
 -91 8355621
 -91 32549
 -91 9253
 -91 9249
 -91 8355621
 -91 32549
 -91 8741
 -91 8754
 -251 8355717
 -251 32645
 -251 8581
 -251 8643
 -234 8355734
 -234 32662
 -234 8598
 -234 8655
 -64 8355648
 -64 32576
 -64 8512
 -64 8495
 116 116
 116 116
 116 8308
 116 8216
 175 175
 175 175
 175 7855
 175 7853
 -94 8355618
 -94 32546
 -94 7714
 -94 7707
 -151 8355689
 -151 32617
 -151 7529
 -151 7519
 41 41
 41 41
 41 7465
 41 7498
 -50 8355662
 -50 32590
 -50 7246
 -50 7285
 71 71
 71 71
 71 7239
 71 7286
 -38 8355802
 -38 32730
 -38 6874
 -38 6871
 -121 8355591
 -121 32519
 -121 6151
 -121 6148
 -55 8355657
 -55 32585
 -55 5705
 -55 5670
 188 188
 188 188
 188 5564
 188 5582
 34 162
 34 162
 34 5794
 34 5840
 -41 8355799
 -41 32727
 -41 6103
 -41 6089
 -84 8355628
 -84 32556
 -84 6188
 -84 6237
 44 172
 44 172
 44 6572
 44 6614
 -96 8355616
 -96 32544
 -96 6944
 -96 7007
 -181 8355659
 -181 32587
 -181 6987
 -181 6962
 -274 8355438
 -274 32366
 -274 7278
 -274 7189
 -174 8355794
 -174 32722
 -174 7378
 -174 7394
 31 31
 31 31
 31 7711
 31 7703
 108 108
 108 108
 108 8044
 108 7948
 -65 8355647
 -65 32575
 -65 7999
 -65 7967
 -348 8355492
 -348 32420
 -348 8100
 -348 8165
 -253 8355715
 -253 32643
 -253 8323
 -253 8412
 -53 8355659
 -53 32587
 -53 8523
 -53 8508
 104 232
 104 232
 104 8424
 104 8396
 -239 8355729
 -239 32657
 -239 8593
 -239 8606
 -327 8355385
 -327 32313
 -327 9017
 -327 8997
 -135 8355705
 -135 32633
 -135 9593
 -135 9542
 -51 8355789
 -51 32717
 -51 9933
 -51 9924
 63 191
 63 191
 63 9919
 63 9948
 -117 8355595
 -117 32523
 -117 9739
 -117 9729
 -180 8355660
 -180 32588
 -180 9548
 -180 9487
 -200 8355768
 -200 32696
 -200 9144
 -200 9183
 -47 8355793
 -47 32721
 -47 8913
 -47 8839
 -247 8355721
 -247 32649
 -247 8841
 -247 8856
 -59 8355781
 -59 32709
 -59 8645
 -59 8674
 -27 8355813
 -27 32741
 -27 8165
 -27 8183
 -145 8355823
 -145 32751
 -145 7919
 -145 7923
 -168 8355672
 -168 32600
 -168 8024
 -168 7968
 -44 8355796
 -44 32724
 -44 7636
 -44 7615
 -101 8355739
 -101 32667
 -101 7579
 -101 7590
 -101 8355611
 -101 32539
 -101 7451
 -101 7513
 -49 8355791
 -49 32719
 -49 7375
 -49 7333
 -100 8355740
 -100 32668
 -100 7324
 -100 7303
 5 5
 5 5
 5 6917
 5 6912
 -258 8355454
 -258 32382
 -258 7038
 -258 6989
 -30 8355810
 -30 32738
 -30 6626
 -30 6591
 110 110
 110 110
 110 5998
 110 6004
 485 357
 485 357
 485 5733
 485 5749
 -48 8355664
 -48 32592
 -48 5712
 -48 5670
 -200 8355768
 -200 32696
 -200 6328
 -200 6318
 11 139
 11 139
 11 6539
 11 6539
 35 163
 35 163
 35 6563
 35 6530
 -57 8355655
 -57 32583
 -57 6727
 -57 6696
 -217 8355623
 -217 32551
 -217 6951
 -217 7009
 -355 8355357
 -355 32285
 -355 7453
 -355 7525
 -209 8355759
 -209 32687
 -209 7855
 -209 7824
 52 52
 52 52
 52 7732
 52 7695
 -45 8355795
 -45 32723
 -45 7635
 -45 7566
 -26 8355686
 -26 32614
 -26 8038
 -26 7979
 -276 8355436
 -276 32364
 -276 8044
 -276 8000
 -86 8355626
 -86 32554
 -86 8234
 -86 8294
 64 64
 64 64
 64 8256
 64 8214
 180 180
 180 180
 180 8372
 180 8388
 -104 8355736
 -104 32664
 -104 8344
 -104 8392
 -122 8355718
 -122 32646
 -122 8326
 -122 8389
 -140 8355700
 -140 32628
 -140 8820
 -140 8782
 4 4
 4 4
 4 9220
 4 9278
 35 35
 35 35
 35 9507
 35 9495
 41 41
 41 41
 41 9513
 41 9590
 95 95
 95 95
 95 9311
 95 9242
 -55 8355657
 -55 32585
 -55 8777
 -55 8770
 -6 8355834
 -6 32762
 -6 8442
 -6 8355
 66 194
 66 194
 66 8130
 66 8191
 3 131
 3 131
 3 8067
 3 8101
 -373 8355467
 -373 32395
 -373 8075
 -373 8065
 -363 8355349
 -363 32277
 -363 7701
 -363 7712
 -157 8355683
 -157 32611
 -157 7523
 -157 7450
 27 27
 27 27
 27 7195
 27 7257
 39 167
 39 167
 39 7079
 39 7167
 -154 8355686
 -154 32614
 -154 7014
 -154 7013
 -14 8355698
 -14 32626
 -14 6770
 -14 6681
 -67 8355773
 -67 32701
 -67 6589
 -67 6591
 165 165
 165 165
 165 6309
 165 6390
 -3 8355709
 -3 32637
 -3 6269
 -3 6245
 -60 8355780
 -60 32708
 -60 5828
 -60 5797
 217 89
 217 89
 217 5465
 217 5459
 200 200
 200 200
 200 5064
 200 5103
 -104 8355736
 -104 32664
 -104 5016
 -104 5016
 -265 8355575
 -265 32503
 -265 5367
 -265 5258
 -8 8355832
 -8 32760
 -8 5368
 -8 5368
 -15 8355697
 -15 32625
 -15 5745
 -15 5682
 -123 8355589
 -123 32517
 -123 5893
 -123 5927
 -229 8355739
 -229 32667
 -229 6043
 -229 6120
 -139 8355701
 -139 32629
 -139 6517
 -139 6498
 93 93
 93 93
 93 6749
 93 6756
 84 212
 84 212
 84 6868
 84 6863
 -6 8355834
 -6 32762
 -6 6906
 -6 6892
 -140 8355828
 -140 32756
 -140 7412
 -140 7391
 -175 8355665
 -175 32593
 -175 7761
 -175 7780
 -88 8355752
 -88 32680
 -88 7848
 -88 7851
 -74 8355638
 -74 32566
 -74 7734
 -74 7702
 -85 8355755
 -85 32683
 -85 7851
 -85 7880
 -140 8355828
 -140 32756
 -140 7924
 -140 7844
 -314 8355398
 -314 32326
 -314 8006
 -314 7936
 -87 8355753
 -87 32681
 -87 8617
 -87 8630
 135 7
 135 7
 135 9223
 135 9293
 282 282
 282 282
 282 9242
 282 9232
 -41 8355799
 -41 32727
 -41 8919
 -41 8915
 -175 8355665
 -175 32593
 -175 8785
 -175 8761
 -2 8355838
 -2 32766
 -2 8958
 -2 8879
 -28 8355812
 -28 32740
 -28 8676
 -28 8621
 17 145
 17 145
 17 8337
 17 8362
 -200 8355640
 -200 32568
 -200 8248
 -200 8279
 -127 8355713
 -127 32641
 -127 7809
 -127 7935
 -40 8355800
 -40 32728
 -40 7640
 -40 7592
 -150 8355818
 -150 32746
 -150 7146
 -150 7164
 -311 8355529
 -311 32457
 -311 6857
 -311 6832
 73 201
 73 201
 73 6857
 73 6911
 7 7
 7 7
 7 6663
 7 6753
 46 174
 46 174
 46 6574
 46 6587
 114 114
 114 114
 114 6514
 114 6498
 -84 8355628
 -84 32556
 -84 6188
 -84 6255
 -193 8355647
 -193 32575
 -193 6207
 -193 6155
 -320 8355392
 -320 32320
 -320 5696
 -320 5646
 -47 8355665
 -47 32593
 -47 5201
 -47 5173
 -8 8355704
 -8 32632
 -8 4984
 -8 4942
 167 167
 167 167
 167 5031
 167 5072
 -236 8355604
 -236 32532
 -236 5140
 -236 5205
 -191 8355777
 -191 32705
 -191 5569
 -191 5530
 128 0
 128 0
 128 5888
 128 5950
 -14 8355698
 -14 32626
 -14 6514
 -14 6408
 -174 8355794
 -174 32722
 -174 6610
 -174 6644
 -369 8355343
 -369 32271
 -369 6671
 -369 6730
 76 76
 76 76
 76 6732
 76 6697
 119 119
 119 119
 119 7031
 119 7023
 216 216
 216 216
 216 7128
 216 7137
 108 108
 108 108
 108 7276
 108 7287
 46 174
 46 174
 46 7598
 46 7639
 -65 8355775
 -65 32703
 -65 7871
 -65 7927
 23 151
 23 151
 23 7831
 23 7934
 121 249
 121 249
 121 8185
 121 8106
 64 64
 64 64
 64 8000
 64 7939
 -20 8355692
 -20 32620
 -20 8044
 -20 8037
 -226 8355614
 -226 32542
 -226 8478
 -226 8528
 -41 8355799
 -41 32727
 -41 8919
 -41 8931
 -22 8355818
 -22 32746
 -22 9194
 -22 9089
 -11 8355701
 -11 32629
 -11 9077
 -11 9001
 -193 8355647
 -193 32575
 -193 8767
 -193 8796
 75 203
 75 203
 75 8651
 75 8592
 144 16
 144 16
 144 8208
 144 8308
 211 211
 211 211
 211 8403
 211 8412
 119 247
 119 247
 119 8183
 119 8110
 -232 8355608
 -232 32536
 -232 7704
 -232 7737
 -114 8355598
 -114 32526
 -114 7438
 -114 7485
 68 196
 68 196
 68 7364
 68 7309
 75 75
 75 75
 75 7243
 75 7288
 -78 8355762
 -78 32690
 -78 7090
 -78 7067
 -21 8355691
 -21 32619
 -21 7019
 -21 6964
 -31 8355809
 -31 32737
 -31 6369
 -31 6374
 124 252
 124 252
 124 6396
 124 6277
 61 61
 61 61
 61 6461
 61 6426
 82 210
 82 210
 82 6098
 82 6135
 48 48
 48 48
 48 5680
 48 5632
 131 131
 131 131
 131 5251
 131 5270
 -33 8355807
 -33 32735
 -33 5087
 -33 4992
 11 11
 11 11
 11 5131
 11 5208
 -18 8355822
 -18 32750
 -18 5614
 -18 5572
 -139 8355701
 -139 32629
 -139 6005
 -139 5895
 0 0
 0 0
 0 6144
 0 6226
 -118 8355594
 -118 32522
 -118 6410
 -118 6422
 -188 8355780
 -188 32708
 -188 6596
 -188 6588
 -239 8355729
 -239 32657
 -239 6545
 -239 6605
 -66 8355646
 -66 32574
 -66 6974
 -66 6914
 27 155
 27 155
 27 7323
 27 7328
 41 41
 41 41
 41 7465
 41 7445
 -101 8355611
 -101 32539
 -101 7451
 -101 7432
 -260 8355452
 -260 32380
 -260 7548
 -260 7501
 -155 8355685
 -155 32613
 -155 7781
 -155 7806
 52 180
 52 180
 52 8116
 52 8177
 41 41
 41 41
 41 8233
 41 8201
 -172 8355796
 -172 32724
 -172 8148
 -172 8142
 -158 8355682
 -158 32610
 -158 8546
 -158 8565
 -137 8355831
 -137 32759
 -137 9207
 -137 9100
 62 190
 62 190
 62 9662
 62 9610
 114 242
 114 242
 114 9970
 114 9856
 40 168
 40 168
 40 9640
 40 9696
 21 149
 21 149
 21 9365
 21 9405
 -7 8355833
 -7 32761
 -7 8953
 -7 8852
 190 190
 190 190
 190 8382
 190 8354
 160 160
 160 160
 160 8096
 160 8078
 -110 8355730
 -110 32658
 -110 8082
 -110 8085
 -119 8355721
 -119 32649
 -119 7817
 -119 7879
 256 256
 256 256
 256 7424
 256 7538
 122 250
 122 250
 122 7418
 122 7298
 265 265
 265 265
 265 7177
 265 7185
 159 31
 159 31
 159 7199
 159 7266
 -42 8355798
 -42 32726
 -42 7126
 -42 7128
 -37 8355803
 -37 32731
 -37 6875
 -37 6901
 173 173
 173 173
 173 6829
 173 6829
 293 293
 293 293
 293 6693
 293 6673
 0 0
 0 0
 0 6400
 0 6438
 53 181
 53 181
 53 6069
 53 6131
 145 17
 145 17
 145 5649
 145 5680
 31 159
 31 159
 31 5279
 31 5326
 27 27
 27 27
 27 5147
 27 5159
 -118 8355722
 -118 32650
 -118 5258
 -118 5282
 -213 8355755
 -213 32683
 -213 5547
 -213 5509
 -254 8355586
 -254 32514
 -254 5890
 -254 5893
 -158 8355682
 -158 32610
 -158 6242
 -158 6152
 -294 8355546
 -294 32474
 -294 6362
 -294 6356
 -211 8355629
 -211 32557
 -211 6445
 -211 6497
 -178 8355662
 -178 32590
 -178 6734
 -178 6775
 3 3
 3 3
 3 6915
 3 7028
 -177 8355663
 -177 32591
 -177 7247
 -177 7282
 63 191
 63 191
 63 7359
 63 7419
 -123 8355589
 -123 32517
 -123 7429
 -123 7511
 -38 8355802
 -38 32730
 -38 7898
 -38 7811
 1 1
 1 1
 1 7681
 1 7771
 56 56
 56 56
 56 7992
 56 7982
 -186 8355782
 -186 32710
 -186 8134
 -186 8109
 -286 8355426
 -286 32354
 -286 8290
 -286 8211
 -86 8355754
 -86 32682
 -86 8618
 -86 8679
 -93 8355619
 -93 32547
 -93 9251
 -93 9341
 79 79
 79 79
 79 9551
 79 9571
 -293 8355547
 -293 32475
 -293 9179
 -293 9192
 -337 8355503
 -337 32431
 -337 8879
 -337 8944
 53 53
 53 53
 53 8757
 53 8770
 5 5
 5 5
 5 8453
 5 8573
 -30 8355810
 -30 32738
 -30 8162
 -30 8131
 29 29
 29 29
 29 8221
 29 8302
 -2 8355710
 -2 32638
 -2 8062
 -2 8036
 -231 8355737
 -231 32665
 -231 7577
 -231 7590
 -81 8355631
 -81 32559
 -81 7471
 -81 7490
 -48 8355792
 -48 32720
 -48 7376
 -48 7322
 -86 8355754
 -86 32682
 -86 7082
 -86 7078
 -101 8355611
 -101 32539
 -101 6683
 -101 6752
 -37 8355803
 -37 32731
 -37 6875
 -37 6792
 23 151
 23 151
 23 6551
 23 6583
 198 70
 198 70
 198 6726
 198 6692
 -89 8355623
 -89 32551
 -89 6439
 -89 6440
 -181 8355659
 -181 32587
 -181 5963
 -181 5909
 -46 8355794
 -46 32722
 -46 5586
 -46 5520
 35 163
 35 163
 35 5283
 35 5273
 -5 8355835
 -5 32763
 -5 5115
 -5 5068
 -83 8355629
 -83 32557
 -83 5165
 -83 5245
 171 43
 171 43
 171 5419
 171 5491
 -89 8355751
 -89 32679
 -89 6055
 -89 6049
 57 57
 57 57
 57 6457
 57 6502
 14 142
 14 142
 14 6542
 14 6567
 -36 8355676
 -36 32604
 -36 6748
 -36 6737
 -178 8355662
 -178 32590
 -178 6990
 -178 6943
 -189 8355779
 -189 32707
 -189 7107
 -189 7080
 3 3
 3 3
 3 7171
 3 7290
 -161 8355679
 -161 32607
 -161 7519
 -161 7460
 -232 8355608
 -232 32536
 -232 7704
 -232 7740
