 -78 130813
 -259 130366
 -259 130366
 -259 130366
 -259 101117
 -150 101065
 -150 101065
 -150 98282
 -150 98236
 -68 79338
 -68 79267
 -68 67772
 -68 67772
 66 67772
 66 67712
 66 65730
 66 65730
 18 71097
 18 71097
 18 71097
 18 84498
 197 84600
 197 84600
 197 98469
 197 98501
 165 98713
 165 98757
 165 110486
 165 110501
 -5 119874
 -5 119931
 -5 130828
 -5 130828
 -116 128038
 -116 128012
 -116 128038
 -116 130828
 55 130828
 55 128038
 55 131127
 55 131221
 21 135991
 21 135991
 21 131307
 21 131307
 235 143253
 235 143253
 235 131338
 235 131338
 266 149434
 266 149483
 266 154890
 266 154904
 -73 160039
 -73 160055
 -73 163639
 -73 165449
 -55 165386
 -55 165449
 -55 196425
 -55 196425
 -132 170748
 -132 170719
 -132 170719
 -132 170748
 64 170748
 64 170719
 64 164039
 64 164039
 199 176320
 199 176320
 199 164061
 199 164061
 93 181959
 93 181959
 93 164061
 93 164061
 129 187348
 129 187357
 129 191873
 129 191949
 -110 197394
 -110 197477
 -110 229138
 -110 229138
 -64 208064
 -64 208000
 -64 208000
 -64 208064
 86 208064
 86 208000
 86 208000
 86 229042
 138 229078
 138 229078
 138 229386
 138 259082
 90 259133
 90 259133
 90 262362
 90 287950
 169 287962
 169 287962
 169 294953
 169 312105
 67 312132
 67 327875
 67 327875
 67 327892
 -36 332751
 -36 332751
 -36 332751
 -36 332751
 63 330094
 63 330094
 63 330047
 63 327743
 -53 327743
 -53 330047
 -53 327630
 -53 327627
 -178 321997
 -178 321995
 -178 309710
 -178 309687
 250 296186
 250 296157
 250 295162
 250 283167
 415 283234
 415 283167
 415 262431
 415 262431
 204 271418
 204 271436
 204 271418
 204 262220
 -16 262220
 -16 271418
 -16 262007
 -16 262000
 -9 258672
 -9 258672
 -9 258603
 -9 234871
 -62 234782
 -62 234782
 -62 229314
 -62 202692
 -26 202690
 -26 202690
 -26 196454
 -26 172390
 -8 172370
 -8 163704
 -8 142200
 -8 142165
 164 112603
 164 112548
 164 98468
 164 90508
 140 90566
 140 90566
 140 90566
 140 90508
 -16 90508
 -16 90508
 -16 78576
 -16 78576
 216 78576
 216 78514
 216 65752
 216 65752
 15 80521
 15 80521
 15 80521
 15 93199
 136 93280
 136 93280
 136 98312
 136 98313
 9 107528
 9 107528
 9 98514
 9 98514
 82 119561
 82 119561
 82 119588
 82 128978
 155 129008
 155 129008
 155 131099
 155 131212
 12 137243
 12 137243
 12 131420
 12 131420
 348 145292
 348 145292
 348 131420
 348 131420
 249 152335
 249 152335
 249 152335
 249 158525
 64 158585
 64 158585
 64 163873
 64 163992
 161 164032
 161 163992
 161 163992
 161 164047
 207 168993
 207 168993
 207 164047
 207 164047
 200 173775
 200 173775
 200 163917
 200 163917
 205 179016
 205 179016
 205 163941
 205 163941
 229 184653
 229 184653
 229 163941
 229 163941
 90 190026
 90 190026
 90 190026
 90 195162
 162 195170
 162 195170
 162 196770
 162 196829
 93 199819
 93 199819
 93 196829
 93 196829
 161 204979
 161 204979
 161 204979
 161 214801
 195 214817
 195 214817
 195 229571
 195 234947
 213 234988
 213 234988
 213 262262
 213 262357
 118 264907
 118 264907
 118 264907
 118 293942
 78 294006
 78 294006
 78 294990
 78 318283
 65 318286
 65 318286
 65 327762
 65 327873
 82 334529
 82 334529
 82 327762
 82 327762
 132 337412
 132 337412
 132 327859
 132 327859
 179 329907
 179 329907
 179 327859
 179 317723
 283 317731
 283 317723
 283 295195
 283 295195
 135 304007
 135 304066
 135 304007
 135 295047
 -160 295047
 -160 294752
 -160 290931
 -160 290912
 151 279191
 151 279171
 151 262295
 151 262295
 159 266527
 159 266527
 159 262175
 159 243352
 24 243361
 24 243352
 24 229528
 24 211031
 87 211031
 87 211004
 87 196695
 87 180567
 87 180580
 87 180580
 87 180567
 87 163927
 -6 163927
 -6 163834
 -6 150522
 -6 150471
 48 121027
 48 121027
 48 121027
 48 121008
 -104 121008
 -104 121027
 -104 121027
 -104 98599
 -92 98584
 -92 98084
 -92 85800
 -92 85800
 27 85800
 27 85796
 27 85800
 27 86939
 61 87019
 61 87019
 61 98365
 61 98616
 312 99389
 312 99389
 312 98616
 312 98616
 430 113464
 430 113464
 430 113533
 430 125698
 153 125742
 153 125742
 153 131097
 153 131290
 218 134937
 218 135018
 218 143274
 218 143322
 -8 150928
 -8 150928
 -8 150928
 -8 151032
 22 151032
 22 150928
 22 150928
 22 158102
 137 158174
 137 158174
 137 163849
 137 164059
 219 164105
 219 164105
 219 164059
 219 164059
 68 169947
 68 169947
 68 164013
 68 164013
 45 175428
 45 175428
 45 164061
 45 164061
 221 180141
 221 180141
 221 164061
 221 164061
 103 184981
 103 185053
 103 190735
 103 190823
 -35 196168
 -35 196168
 -35 196189
 -35 196445
 209 196445
 209 196189
 209 196689
 209 196751
 15 201041
 15 201041
 15 196751
 15 196751
 96 205711
 96 205711
 96 196704
 96 196704
 181 210984
 181 211040
 181 220469
 181 220506
 -68 239548
 -68 239548
 -68 239575
 -68 262076
 36 262076
 36 239575
 36 262308
 36 269220
 196 269281
 196 269281
 196 295076
 196 295108
 36 298692
 36 298692
 36 298711
 36 323492
 153 323569
 153 323569
 153 327705
 153 327881
 73 340249
 73 340249
 73 327881
 73 327881
 70 344518
 70 344518
 70 327878
 70 327878
 114 337456
 114 337522
 114 337456
 114 327794
 -146 327794
 -146 327534
 -146 325486
 -146 325475
 76 312268
 76 312203
 76 295116
 76 295116
 174 299302
 174 299302
 174 294958
 174 287532
 172 287532
 172 287521
 172 262314
 172 262314
 170 274858
 170 274858
 170 262314
 170 252432
 144 252454
 144 252432
 144 229392
 144 220365
 77 220413
 77 220365
 77 196813
 77 189482
 298 189542
 298 189482
 298 164138
 298 159772
 156 159780
 156 159772
 156 131100
 156 130004
 84 130004
 84 129938
 84 98516
 84 98516
 26 106522
 26 106522
 26 98330
 26 92948
 276 93026
 276 92948
 276 65812
 276 65812
 138 92938
 138 92938
 138 92938
 138 92938
 76 92996
 76 92996
 76 98366
 76 98508
 190 105095
 190 105095
 190 105095
 190 119358
 139 119389
 139 131083
 139 131339
 139 131439
 -17 141029
 -17 141029
 -17 141029
 -17 141039
 41 141039
 41 141029
 41 131282
 41 131282
 82 149289
 82 149289
 82 149373
 82 157334
 280 157394
 280 157394
 280 163843
 280 164120
 131 164632
 131 164632
 131 163997
 131 163997
 29 170755
 29 170755
 29 164112
 29 164112
 272 176285
 272 176285
 272 164112
 272 164112
 218 181520
 218 181520
 218 163945
 218 163945
 233 186642
 233 186642
 233 186642
 233 191593
 106 191598
 106 191598
 106 196714
 106 196820
 212 196883
 212 196883
 212 196874
 212 196874
 266 202196
 266 202196
 266 196874
 266 196874
 27 207114
 27 207191
 27 211867
 27 211931
 -26 216904
 -26 216904
 -26 216904
 -26 216934
 242 216934
 242 216904
 242 216904
 242 225833
 142 225906
 142 225906
 142 229390
 142 244238
 135 244316
 135 244316
 135 262279
 135 273543
 188 273557
 188 273557
 188 294972
 188 303164
 161 303215
 161 303215
 161 327713
 161 327985
 433 328481
 433 328481
 433 327985
 433 327985
 54 346122
 54 346122
 54 327862
 54 327862
 18 351250
 18 351259
 18 351259
 18 351250
 -38 351250
 -38 351259
 -38 360282
 -38 360282
 -34 344410
 -34 344410
 -34 344388
 -34 332638
 -17 332573
 -17 332573
 -17 327582
 -17 327535
 -98 319343
 -98 319343
 -98 319261
 -98 306126
 -170 306078
 -170 294742
 -170 293974
 -170 293961
 1 281706
 1 281706
 1 281601
 1 262145
 -23 262145
 -23 262121
 -23 260599
 -23 260585
 58 228728
 58 228666
 58 196856
 58 196856
 248 197617
 248 197617
 248 196856
 248 167753
 201 167753
 201 167714
 201 163913
 201 137675
 75 137675
 75 137675
 75 137611
 75 131275
 -10 131275
 -10 130934
 -10 114038
 -10 113945
 196 99524
 196 99459
 196 98500
 196 98005
 85 98045
 85 98005
 85 98005
 85 98005
 146 98045
 146 98045
 146 98450
 146 98758
 326 109458
 326 109458
 326 109463
 326 123846
 201 123850
 201 123850
 201 131190
 201 131273
 118 136137
 118 136137
 118 131239
 118 131239
 167 145928
 167 145928
 167 131239
 167 131239
 4 154255
 4 154255
 4 154255
 4 161924
 165 161973
 165 163877
 165 169495
 165 169509
 -61 175801
 -61 175801
 -61 175801
 -61 175811
 57 175811
 57 175801
 57 163978
 57 163978
 10 181302
 10 181305
 10 186506
 10 186620
 -182 191538
 -182 191538
 -182 191562
 -182 196426
 221 196426
 221 191562
 221 196651
 221 196701
 215 196701
 215 196823
 215 201943
 215 201954
 -72 207383
 -72 207416
 -72 229176
 -72 229176
 -130 212478
 -130 212478
 -130 229298
 -130 229298
 -206 217267
 -206 217266
 -206 217266
 -206 217267
 106 217267
 106 217266
 106 217267
 106 221883
 193 221930
 193 221930
 193 229441
 193 229520
 144 230180
 144 230180
 144 230180
 144 247952
 240 247956
 240 247956
 240 262256
 240 276736
 140 276848
 140 276848
 140 294924
 140 306178
 203 306188
 203 306188
 203 327722
 203 327883
 170 331704
 170 331704
 170 327780
 170 327780
 228 350227
 228 350227
 228 327897
 228 327897
 217 356243
 217 356313
 217 356313
 217 356243
 -157 356243
 -157 356243
 -157 349795
 -157 349733
 81 338513
 81 338513
 81 338441
 81 327761
 -75 327761
 -75 338441
 -75 327544
 -75 327477
 -136 324957
 -136 324917
 -136 311928
 -136 311848
 79 299727
 79 299727
 79 299718
 79 295119
 -16 295119
 -16 299718
 -16 294896
 -16 294764
 -20 287472
 -20 287470
 -20 267116
 -20 267028
 146 235387
 146 235282
 146 229394
 146 204192
 160 204266
 160 204192
 160 196768
 160 174066
 114 174066
 114 174007
 114 164082
 114 143715
 227 143715
 227 143653
 227 131171
 227 119304
 264 119378
 264 119304
 264 98568
 264 98568
 55 104355
 55 104375
 55 104375
 55 104355
 -75 104355
 -75 104355
 -75 102223
 -75 102223
 153 102223
 153 102197
 153 98759
 153 98759
 327 113049
 327 113049
 327 113052
 327 127175
 104 127227
 104 127227
 104 131272
 104 131304
 200 139905
 200 140008
 200 149960
 200 149976
 -39 158102
 -39 158102
 -39 158169
 -39 163801
 33 163801
 33 158169
 33 163960
 33 164001
 120 166024
 120 166049
 120 173622
 120 173688
 -64 180009
 -64 180009
 -64 180009
 -64 180032
 376 180032
 376 180009
 376 164344
 376 164344
 338 185476
 338 185476
 338 164306
 338 164306
 53 190674
 53 190674
 53 190693
 53 195507
 168 195509
 168 195509
 168 196669
 168 196776
 189 200616
 189 200649
 189 205885
 189 205899
 -25 211257
 -25 211257
 -25 211257
 -25 211303
 92 211303
 92 211303
 92 216388
 92 216412
 -47 220934
 -47 220934
 -47 220934
 -47 221009
 112 221009
 112 220934
 112 220934
 112 225541
 162 225648
 162 225648
 162 229410
 162 229454
 78 233758
 78 233762
 78 250629
 78 250702
 -35 279001
 -35 279001
 -35 279005
 -35 294877
 123 294877
 123 279005
 123 295163
 123 308708
 322 308731
 322 308731
 322 327903
 322 328130
 223 334479
 223 334479
 223 334479
 223 353247
 207 353278
 207 353278
 207 360527
 207 360698
 378 360698
 378 360698
 378 360622
 378 354340
 36 354409
 36 354340
 36 327897
 36 327897
 217 343257
 217 343257
 217 327925
 217 327925
 117 329861
 117 329973
 117 329861
 117 327925
 -85 327925
 -85 327467
 -85 316496
 -85 316459
 6 304490
 6 304390
 6 294918
 6 292226
 2 292293
 2 292226
 2 262274
 2 262274
 210 272418
 210 272466
 210 272418
 210 262226
 -63 262226
 -63 272418
 -63 261953
 -63 241217
 -324 241195
 -324 229052
 -324 210108
 -324 210070
 2 180105
 2 180098
 2 163970
 2 149788
 156 149810
 156 149788
 156 131100
 156 124794
 122 124794
 122 124727
 122 98437
 122 98437
 5 108933
 5 108933
 5 98500
 5 98500
 196 105375
 196 105375
 196 98582
 196 98582
 278 105375
 278 105375
 278 98582
 278 98582
 16 115990
 16 116056
 16 130320
 16 130367
 -104 142616
 -104 142616
 -104 142616
 -104 142707
 110 142707
 110 142707
 110 152851
 110 152942
 -91 161312
 -91 161317
 -91 163621
 -91 169488
 -112 169488
 -112 169488
 -112 169488
 -112 169536
 147 169536
 147 169536
 147 177043
 147 177060
 -21 183434
 -21 183531
 -21 196456
 -21 196456
 -24 189032
 -24 189032
 -24 196456
 -24 196456
 -106 194292
 -106 194292
 -106 196502
 -106 199240
 -184 199172
 -184 199172
 -184 199172
 -184 199240
 80 199240
 80 199172
 80 196713
 80 196713
 233 204079
 233 204079
 233 196901
 233 196901
 293 209219
 293 209219
 293 196901
 293 196901
 242 214053
 242 214053
 242 196850
 242 196850
 93 219080
 93 219080
 93 196839
 93 196839
 103 223904
 103 223965
 103 228770
 103 228839
 -90 236326
 -90 236326
 -90 236326
 -90 236379
 93 236379
 93 236326
 93 236379
 93 252445
 27 252509
 27 252509
 27 262299
 27 280219
 134 280311
 134 280311
 134 295046
 134 310150
 46 310211
 46 310211
 46 327682
 46 327726
 130 336174
 130 336174
 130 336182
 130 355330
 242 355419
 242 355419
 242 360562
 242 360674
 98 363480
 98 363490
 98 363480
 98 360674
 -47 360674
 -47 360273
 -47 357969
 -47 357940
 177 347441
 177 347399
 177 327926
 177 327926
 246 333767
 246 333767
 246 327926
 246 320355
 227 320370
 227 320355
 227 295156
 227 295156
 116 308136
 116 308136
 116 295156
 116 295156
 22 296210
 22 296210
 22 294934
 22 277200
 208 277200
 208 277200
 208 277179
 208 262352
 -46 262352
 -46 261970
 -46 246354
 -46 246290
 19 214508
 19 214419
 19 196755
 19 184475
 283 184475
 283 184468
 283 164251
 283 154037
 309 154067
 309 154037
 309 131509
 309 128847
 207 128847
 207 128812
 207 98383
 207 98383
 36 112164
 36 112193
 36 112193
 36 112164
 -292 112164
 -292 112193
 -292 130652
 -292 130652
 -116 118028
 -116 118022
 -116 118028
 -116 130828
 81 130828
 81 118028
 81 131281
 81 131296
 224 132227
 224 132227
 224 131344
 224 131344
 400 145071
 400 145071
 400 131344
 400 131344
 79 155152
 79 155152
 79 155163
 79 163592
 193 163663
 193 163663
 193 163851
 193 163905
 11 171536
 11 171585
 11 179211
 11 179216
 -209 185391
 -209 185391
 -209 185391
 -209 185458
 12 185458
 12 185391
 12 163980
 12 163980
 58 191116
 58 191116
 58 191144
 58 196410
 153 196443
 153 196761
 153 201113
 153 201195
 -50 206030
 -50 206030
 -50 206030
 -50 206042
 154 206042
 154 206030
 154 196795
 154 196795
 187 211092
 187 211092
 187 196795
 187 196795
 20 216465
 20 216465
 20 196736
 20 196736
 0 221716
 0 221716
 0 221762
 0 226688
 211 226787
 211 226787
 211 229516
 211 229587
 140 231308
 140 231308
 140 229516
 140 229516
 194 238732
 194 238732
 194 238780
 194 254018
 13 254059
 13 262285
 13 281476
 13 281485
 -16 311442
 -16 311536
 -16 327664
 -16 337757
 -35 337757
 -35 337790
 -35 360285
 -35 360285
 -6 357498
 -6 357498
 -6 360314
 -6 366935
 -41 366880
 -41 366880
 -41 366880
 -41 366935
 7 366935
 7 366880
 7 360703
 7 360703
 127 361204
 127 361204
 127 360703
 127 350467
 3 350557
 3 350557
 3 350557
 3 350467
 -8 350467
 -8 350557
 -8 350557
 -8 337144
 -105 337058
 -105 337058
 -105 327575
 -105 327462
 -90 323774
 -90 323774
 -90 327462
 -90 327462
 -70 311352
 -70 311334
 -70 299706
 -70 299656
 40 281258
 40 281256
 40 262312
 40 250666
 170 250666
 170 250633
 170 229418
 170 218794
 170 218794
 170 218794
 170 218753
 170 196778
 -114 196778
 -114 218753
 -114 196366
 -114 188942
 -199 188939
 -199 163641
 -199 158521
 -199 158479
 126 132734
 126 132734
 126 132677
 126 131198
 -24 131198
 -24 132677
 -24 131048
 -24 130927
 -17 115710
 -17 115688
 -17 110447
 -17 110447
 83 110447
 83 110447
 83 110447
 83 119855
 110 119891
 110 119891
 110 131299
 110 131310
 227 133857
 227 133857
 227 131299
 227 131299
 125 146659
 125 146659
 125 146679
 125 156953
 27 157053
 27 157053
 27 163853
 27 163995
 13 165274
 13 165275
 13 172813
 13 172874
 -50 180430
 -50 180430
 -50 180430
 -50 180434
 122 180434
 122 180430
 122 164053
 122 164053
 85 186681
 85 186681
 85 186681
 85 192130
 53 192213
 53 192213
 53 196661
 53 196916
 308 197676
 308 197685
 308 202502
 308 202548
 -4 207213
 -4 207228
 -4 229244
 -4 229244
 -173 212691
 -173 212659
 -173 212659
 -173 212691
 5 212691
 5 212659
 5 197020
 5 197020
 284 217989
 284 217989
 284 197020
 284 197020
 184 223388
 184 223388
 184 223457
 184 228371
 232 228408
 232 228408
 232 229568
 232 229608
 192 232912
 192 232936
 192 239808
 192 239852
 -77 254387
 -77 254391
 -77 262067
 -77 281015
 -73 281009
 -73 281009
 -73 281015
 -73 294839
 24 294839
 24 281015
 24 294936
 24 311057
 323 311064
 323 311064
 323 327933
 323 328003
 253 337924
 253 337924
 253 337924
 253 358317
 92 358397
 92 360540
 92 368141
 92 368220
 -32 368584
 -32 368608
 -32 392963
 -32 392963
 -125 368608
 -125 368608
 -125 368584
 -125 363627
 -211 363523
 -211 363523
 -211 360237
 -211 360216
 -104 353099
 -104 353069
 -104 339828
 -104 339736
 124 326268
 124 326222
 124 295036
 124 295036
 151 313879
 151 313879
 151 295053
 151 295053
 13 302221
 13 302221
 13 295053
 13 284310
 22 284393
 22 284393
 22 284310
 22 262294
 -125 262294
 -125 284310
 -125 261891
 -125 254331
 -18 254211
 -18 229358
 -18 222702
 -18 222684
 157 192971
 157 192925
 157 163997
 157 162579
 275 162598
 275 162579
 275 131466
 275 131466
 394 135818
 394 135818
 394 131466
 394 118203
 59 118249
 59 118249
 59 118249
 59 118203
 -43 118203
 -43 118249
 -43 131009
 -43 131009
 -191 120513
 -191 120513
 -191 131009
 -191 134596
 -60 134596
 -60 134596
 -60 134596
 -60 134623
 80 134623
 80 134623
 80 147717
 80 147792
 -39 158255
 -39 158255
 -39 158297
 -39 163673
 107 163673
 107 158297
 107 163930
 107 163947
 90 166755
 90 166763
 90 174682
 90 174683
 -65 182079
 -65 182079
 -65 182079
 -65 182095
 40 182095
 40 182095
 40 188551
 40 188584
 -90 194086
 -90 194113
 -90 196390
 -90 199457
 -95 199434
 -95 199434
 -95 199434
 -95 199457
 183 199457
 183 199434
 183 196791
 183 196791
 214 204699
 214 204699
 214 196851
 214 196851
 243 209494
 243 209507
 243 214451
 243 214515
 -32 219828
 -32 219872
 -32 229324
 -32 229324
 -180 224993
 -180 224993
 -180 229324
 -180 229761
 -127 229761
 -127 229782
 -127 262017
 -127 262017
 -70 234426
 -70 234375
 -70 234375
 -70 234426
 164 234426
 164 234375
 164 229540
 164 229540
 190 241060
 190 241060
 190 241090
 190 255038
 106 255051
 106 255051
 106 262250
 106 281180
 416 281194
 416 281194
 416 295328
 416 311192
 226 311200
 226 311200
 226 327692
 226 327778
 140 337981
 140 337981
 140 337981
 140 359180
 229 359262
 229 359262
 229 360645
 229 360677
 69 369637
 69 369637
 69 360645
 69 360645
 135 365319
 135 365319
 135 360455
 135 355363
 163 355424
 163 355363
 163 328108
 163 328108
 300 341932
 300 341932
 300 328108
 300 328108
 70 328390
 70 328438
 70 328390
 70 327878
 -239 327878
 -239 328390
 -239 327607
 -239 327569
 -73 316124
 -73 316049
 -73 304630
 -73 304567
 142 287439
 142 287374
 142 262286
 142 257955
 35 258039
 35 257955
 35 229539
 35 226265
 89 226265
 89 226214
 89 196825
 89 196361
 265 196464
 265 196361
 265 164254
 265 164254
 414 166046
 414 166046
 414 164254
 414 139086
 78 139086
 78 139086
 78 139085
 78 131150
 -237 131150
 -237 139085
 -237 130975
 -237 130835
 -97 120851
 -97 120833
 -97 113823
 -97 113823
 48 113823
 48 113802
 48 113802
 48 121517
 118 121520
 118 121520
 118 131190
 118 131317
 117 135516
 117 135516
 117 131514
 117 131514
 314 148657
 314 148657
 314 148657
 314 159162
 364 159172
 364 159172
 364 164234
 364 164332
 266 167569
 266 167569
 266 164234
 266 164234
 218 175498
 218 175510
 218 183343
 218 183386
 -21 190056
 -21 190056
 -21 190056
 -21 190059
 71 190059
 71 190056
 71 190056
 71 195727
 310 195783
 310 195783
 310 196879
 310 196918
 271 200964
 271 200964
 271 196879
 271 196879
 79 205839
 79 205839
 79 196687
 79 196687
 180 210742
 180 210767
 180 216080
 180 216116
 -116 221324
 -116 221336
 -116 229260
 -116 229260
 -7 226297
 -7 226216
 -7 226297
 -7 229369
 61 229369
 61 226297
 61 229437
 61 229495
 247 231229
 247 231229
 247 229782
 247 229782
 406 235637
 406 235637
 406 229782
 406 229782
 255 242070
 255 242070
 255 242104
 255 255427
 185 255487
 185 255487
 185 262329
 185 280505
 130 280513
 130 280513
 130 295042
 130 310914
 141 311024
 141 311024
 141 327693
 141 327898
 90 338189
 90 338189
 90 338256
 90 359642
 56 359676
 56 359676
 56 360632
 56 360909
 333 371354
 333 371354
 333 360909
 333 360909
 331 368273
 331 368331
 331 368273
 331 360907
 -95 360907
 -95 360225
 -95 358521
 -95 358433
 38 345160
 38 345126
 38 327718
 38 327718
 12 331532
 12 331554
 12 331532
 12 327692
 -42 327692
 -42 327638
 -42 318934
 -42 318897
 424 307116
 424 307112
 424 295336
 424 290576
 272 290642
 272 290576
 272 262416
 272 261729
 225 261729
 225 261675
 225 229545
 225 229545
 169 229545
 169 229545
 169 229545
 169 199695
 143 199695
 143 199695
 143 196623
 143 169459
 115 169459
 115 169459
 115 169383
 115 164083
 -105 164083
 -105 163607
 -105 142359
 -105 142348
 9 123298
 9 123273
 9 98509
 9 98509
 205 115149
 205 115149
 205 98509
 205 98509
 168 115149
 168 115149
 168 115182
 168 121998
 26 122024
 26 122024
 26 131098
 26 131288
 88 135960
 88 135960
 88 131288
 88 131288
 130 149419
 130 149419
 130 149419
 130 160130
 85 160136
 85 164053
 85 168661
 85 168684
 -73 176797
 -73 176797
 -73 176797
 -73 176823
 214 176823
 214 176797
 214 164271
 214 164271
 431 184534
 431 184534
 431 184539
 431 191116
 140 191151
 140 191151
 140 196620
 140 196620
 326 196724
 326 196934
 326 202054
 326 202107
 -37 207041
 -37 207041
 -37 207041
 -37 207067
 31 207067
 31 207041
 31 196789
 31 196789
 53 211743
 53 211759
 53 216965
 53 217013
 -44 222144
 -44 222144
 -44 222144
 -44 222164
 165 222164
 165 222144
 165 222144
 165 227237
 91 227255
 91 227255
 91 229413
 91 229467
 165 232226
 165 232226
 165 229413
 165 229413
 153 236581
 153 236648
 153 242969
 153 243018
 -40 255428
 -40 255428
 -40 255448
 -40 262104
 255 262104
 255 255448
 255 262399
 255 280051
 256 280063
 256 280063
 256 295296
 256 310400
 440 310405
 440 310405
 440 327966
 440 328120
 414 337848
 414 337848
 414 337885
 414 359966
 214 359967
 214 360662
 214 371908
 214 371926
 -7 374087
 -7 374087
 -7 374087
 -7 374087
 33 369953
 33 369930
 33 360649
 33 360649
 73 360649
 73 360649
 73 360649
 73 360628
 -81 360628
 -81 360628
 -81 360443
 -81 360239
 -5 347443
 -5 347439
 -5 333819
 -5 333807
 69 320837
 69 320837
 69 320837
 69 320822
 -2 320822
 -2 320837
 -2 320822
 -2 309118
 -225 309055
 -225 294687
 -225 293158
 -225 293151
 124 265084
 124 264987
 124 262268
 124 232736
 32 232772
 32 232736
 32 229408
 32 203161
 25 203207
 25 203161
 25 196761
 25 173009
 81 173009
 81 172990
 81 164049
 81 145266
 114 145266
 114 145188
 114 131186
 114 125620
 308 125620
 308 125599
 308 98740
 308 98740
 259 116608
 259 116608
 259 98691
 259 98691
 98 116608
 98 116608
 98 116608
 98 122626
 50 122722
 50 122722
 50 131122
 50 131530
 330 136242
 330 136242
 330 131557
 330 131557
 357 149450
 357 149450
 357 149499
 357 160473
 311 160485
 311 160485
 311 163909
 311 164279
 197 169143
 197 169143
 197 164245
 197 164245
 277 176925
 277 176965
 277 184981
 277 185011
 -22 191850
 -22 191869
 -22 196458
 -22 197563
 -69 197563
 -69 197563
 -69 197563
 -69 197611
 66 197611
 66 197563
 66 196802
 66 196802
 134 202946
 134 202946
 134 196739
 134 196739
 131 208134
 131 208134
 131 196739
 131 196739
 192 212867
 192 212867
 192 196757
 192 196757
 149 218171
 149 218171
 149 196792
 149 196792
 184 223381
 184 223395
 184 228536
 184 228586
 -179 233165
 -179 233196
 -179 261936
 -179 261936
 -208 237616
 -208 237616
 -208 261888
 -208 261888
 -128 243812
 -128 243712
 -128 243712
 -128 243812
 36 243812
 36 243712
 36 243812
 36 255908
 259 255988
 259 255988
 259 262531
 259 279683
 261 279735
 261 279735
 261 295301
 261 310149
 66 310235
 66 310235
 66 327803
 66 327874
 123 337858
 123 337858
 123 337879
 123 360304
 185 360315
 185 360315
 185 360493
 185 360505
 45 373049
 45 373049
 45 360526
 45 360526
 78 371724
 78 371724
 78 360526
 78 360526
 179 362547
 179 362547
 179 360499
 179 349552
 112 349552
 112 349498
 112 327792
 112 327792
 97 335713
 97 335742
 97 335713
 97 327777
 -45 327777
 -45 335713
 -45 327635
 -45 327499
 -53 323027
 -53 323027
 -53 327499
 -53 327499
 -106 311394
 -106 311371
 -106 296175
 -106 296086
 54 268854
 54 268816
 54 262198
 54 236349
 189 236349
 189 236320
 189 229437
 189 206507
 43 206507
 43 206485
 43 196779
 43 176550
 38 176561
 38 176550
 38 164006
 38 148263
 39 148303
 39 148263
 39 131111
 39 127904
 32 127967
 32 127967
 32 127967
 32 127904
 -117 127904
 -117 127904
 -117 118238
 -117 118238
 68 118238
 68 118155
 68 118238
 68 123528
 223 123588
 223 123588
 223 131167
 223 131183
 111 136776
 111 136776
 111 131253
 111 131253
 53 150378
 53 150378
 53 150378
 53 161426
 116 161461
 116 164084
 116 170402
 116 170484
 -3 178027
 -3 178045
 -3 196477
 -3 196477
 -81 185776
 -81 185776
 -81 196527
 -81 196527
 -2 192510
 -2 192397
 -2 192510
 -2 196606
 142 196606
 142 192510
 142 196722
 142 196750
 114 197774
 114 197838
 114 203122
 114 203130
 -157 208208
 -157 208227
 -157 229219
 -157 229219
 -15 213361
 -15 213361
 -15 229233
 -15 229233
 -169 218583
 -169 218583
 -169 229263
 -169 229263
 -113 224234
 -113 224143
 -113 224234
 -113 229263
 201 229263
 201 224234
 201 229449
 201 229507
 131 229690
 131 229690
 131 229690
 131 229867
 363 234627
 363 234627
 363 229867
 363 229867
 99 239329
 99 239329
 99 229546
 99 229546
 42 245248
 42 245248
 42 245248
 42 256938
 387 256945
 387 256945
 387 262531
 387 279683
 293 279775
 293 279775
 293 295333
 293 309924
 349 309925
 349 309925
 349 328029
 349 337977
 232 338013
 232 338013
 232 360552
 232 360680
 104 361004
 104 361004
 104 360680
 104 360680
 203 374442
 203 374442
 203 360697
 203 360697
 121 373480
 121 373480
 121 360697
 121 360697
 108 364524
 108 364524
 108 360684
 108 351550
 62 351550
 62 351522
 62 327860
 62 327860
 52 338050
 52 338050
 52 327860
 52 325321
 73 325321
 73 325248
 73 295133
 73 295133
 93 313502
 93 313502
 93 295133
 93 295133
 31 299039
 31 299039
 31 294943
 31 272342
 214 272342
 214 272327
 214 262358
 214 239810
 194 239850
 194 239810
 194 229570
 194 209805
 141 209805
 141 209805
 141 209792
 141 196749
 -12 196749
 -12 209792
 -12 196468
 -12 179828
 -16 179763
 -16 163824
 -16 151280
 -16 151218
 84 130516
 84 130486
 84 98516
 84 98516
 129 119681
 129 119681
 129 98504
 129 98504
 200 119681
 200 119681
 200 119807
 200 124071
 130 124104
 130 124104
 130 131078
 130 131202
 134 137090
 134 137090
 134 131247
 134 131247
 175 150790
 175 150790
 175 150794
 175 162461
 112 162479
 112 162479
 112 163994
 112 164080
 26 171171
 26 171171
 26 163994
 26 163994
 190 178842
 190 178842
 190 164069
 190 164069
 229 186665
 229 186665
 229 186665
 229 194001
 319 194021
 319 194021
 319 196734
 319 196927
 126 199487
 126 199487
 126 196781
 126 196781
 45 204560
 45 204560
 45 196781
 45 196781
 108 209069
 108 209102
 108 213763
 108 213868
 -45 218635
 -45 218635
 -45 218635
 -45 218707
 259 218707
 259 218635
 259 218635
 259 223875
 361 223904
 361 223904
 361 229551
 361 229585
 209 229609
 209 229585
 209 229585
 209 229628
 252 234937
 252 234937
 252 229786
 252 229786
 282 239832
 282 239832
 282 229786
 282 229786
 43 245658
 43 245658
 43 245733
 43 256811
 141 256852
 141 256852
 141 262285
 141 279181
 294 279200
 294 279200
 294 295334
 294 309158
 374 309230
 374 309230
 374 328054
 374 337189
 274 337270
 274 337270
 274 360466
 274 360505
 185 360510
 185 360505
 185 360510
 185 360699
 123 374841
 123 374845
 123 378259
 123 378259
 -258 378259
 -258 378363
 -258 392830
 -258 392830
 -129 375166
 -129 375090
 -129 366719
 -129 366596
 27 353516
 27 353435
 27 327899
 27 327899
 219 339861
 219 339861
 219 327899
 219 327225
 185 327225
 185 327178
 185 294969
 185 294969
 177 315441
 177 315516
 177 315516
 177 315441
 -70 315441
 -70 315516
 -70 315516
 -70 301527
 -191 301498
 -191 301498
 -191 294721
 -191 276033
 -212 276023
 -212 261932
 -212 243053
 -212 242988
 27 212850
 27 212763
 27 196635
 27 182674
 146 182688
 146 182674
 146 163986
 146 154212
 228 154212
 228 154117
 228 131257
 228 131257
 185 132793
 185 132793
 185 131257
 185 121106
 18 121176
 18 121106
 18 98426
 18 98426
 122 121106
 122 121106
 122 121176
 122 124526
 67 124538
 67 131139
 67 137795
 67 137817
 -71 151609
 -71 151609
 -71 151609
 -71 151633
 265 151633
 265 151609
 265 151633
 265 162697
 386 162775
 386 162775
 386 164226
 386 164295
 327 171650
 327 171650
 327 164295
 327 164295
 276 179655
 276 179655
 276 164244
 276 164244
 181 187284
 181 187284
 181 187350
 181 194485
 240 194490
 240 194490
 240 196745
 240 196848
 137 200132
 137 200132
 137 196750
 137 196750
 142 204937
 142 204937
 142 196750
 142 196750
 184 209550
 184 209550
 184 196932
 184 196932
 324 214584
 324 214584
 324 196932
 324 196932
 281 219716
 281 219716
 281 219754
 281 224537
 174 224622
 174 229550
 174 229806
 174 229823
 -10 234842
 -10 234842
 -10 234842
 -10 234870
 166 234870
 166 234842
 166 229765
 166 229765
 261 239654
 261 239654
 261 229765
 261 229765
 208 245637
 208 245637
 208 245673
 208 256547
 243 256592
 243 256592
 243 262259
 243 278115
 202 278131
 202 278131
 202 294986
 202 308261
 199 308298
 199 308298
 199 327879
 199 336839
 96 336889
 96 336889
 96 360544
 96 360544
 118 360561
 118 360561
 118 360561
 118 360566
 68 375399
 68 375399
 68 360594
 68 360594
 146 376722
 146 376722
 146 360697
 146 360697
 249 368544
 249 368544
 249 360697
 249 356087
 119 356087
 119 355983
 119 327927
 119 327927
 19 342163
 19 342163
 19 327928
 19 327928
 248 329393
 248 329393
 248 327928
 248 317367
 55 317413
 55 317367
 55 295095
 55 295095
 27 303898
 27 303898
 27 294939
 27 278950
 294 279007
 294 278950
 294 262566
 294 246461
 189 246461
 189 246400
 189 229565
 189 215935
 127 215935
 127 215821
 127 196735
 127 185364
 20 185400
 20 185400
 20 185364
 20 163860
 -117 163860
 -117 185364
 -117 163746
 -117 163595
 -94 156190
 -94 156190
 -94 156190
 -94 134594
 -73 134562
 -73 130871
 -73 122459
 -73 122459
 154 122459
 154 122423
 154 122459
 154 124698
 186 124744
 186 124744
 186 131087
 186 131130
 143 137737
 143 137737
 143 131264
 143 131264
 192 151567
 192 151567
 192 151580
 192 163248
 106 163264
 106 163264
 106 163930
 106 163946
 90 172317
 90 172317
 90 163993
 90 163993
 153 180287
 153 180314
 153 188313
 153 188338
 -5 195405
 -5 195405
 -5 195451
 -5 196475
 299 196475
 299 195451
 299 196907
 299 197019
 283 201480
 283 201480
 283 197019
 283 197019
 26 206994
 26 206994
 26 196762
 26 196762
 153 211866
 153 211866
 153 196675
 153 196675
 67 216601
 67 216601
 67 196753
 67 196753
 145 221738
 145 221738
 145 221738
 145 227217
 203 227230
 203 227230
 203 229532
 203 229579
 156 232383
 156 232383
 156 229823
 156 229823
 319 237212
 319 237212
 319 229823
 319 229823
 133 241331
 133 241331
 133 229418
 133 229418
 170 246533
 170 246533
 170 246634
 170 256554
 196 256559
 196 256559
 196 262212
 196 276804
 55 276846
 55 276846
 55 294967
 55 306743
 137 306772
 137 306772
 137 327791
 137 327817
 111 335497
 111 335497
 111 335529
 111 360009
 339 360047
 339 360047
 339 360713
 339 360787
 265 375588
 265 375588
 265 360713
 265 360713
 49 377905
 49 377905
 49 360659
 49 360659
 83 370310
 83 370310
 83 360659
 83 357647
 143 357702
 143 357702
 143 357702
 143 357647
 -47 357647
 -47 357647
 -47 343803
 -47 343761
 223 330847
 223 330841
 223 327775
 223 318992
 16 319021
 16 318992
 16 295105
 16 295105
 65 305857
 65 305857
 65 295105
 65 281695
 223 281698
 223 281698
 223 281695
 223 262239
 -54 262239
 -54 261962
 -54 249162
 -54 249099
 56 218444
 56 218444
 56 218424
 56 196664
 -200 196664
 -200 196408
 -200 188532
 -200 188472
 144 159255
 144 159248
 144 131522
 144 131522
 450 136849
 450 136849
 450 131522
 450 123711
 447 123711
 447 123659
 447 98748
 447 98748
 444 123659
 444 123659
 444 123659
 444 124851
 113 124860
 113 131313
 113 137345
 113 137457
 -103 151449
 -103 151449
 -103 151449
 -103 151449
 100 151449
 100 151449
 100 163129
 100 163172
 -23 172513
 -23 172513
 -23 172513
 -23 172521
 138 172521
 138 172513
 138 163978
 138 163978
 4 180362
 4 180448
 4 188420
 4 188435
 -20 195724
 -20 195820
 -20 196588
 -20 201852
 -4 201826
 -4 201826
 -4 201826
 -4 201852
 69 201852
 69 201826
 69 197023
 69 197023
 287 207500
 287 207500
 287 197023
 287 197023
 49 212383
 49 212412
 49 217223
 49 217265
 -186 222261
 -186 222261
 -186 222261
 -186 222278
 63 222278
 63 222261
 63 222261
 63 227868
 178 227903
 178 227903
 178 229426
 178 229735
 359 232976
 359 232976
 359 229828
 359 229828
 324 237600
 324 237600
 324 229828
 324 229828
 46 242116
 46 242116
 46 229776
 46 229776
 400 246830
 400 246830
 400 246908
 400 256400
 339 256487
 339 256487
 339 262611
 339 276179
 150 276213
 150 276213
 150 294934
 150 305942
 278 306019
 278 306019
 278 327728
 278 328086
 176 334998
 176 334998
 176 335014
 176 359472
 131 359536
 131 359536
 131 360530
 131 360579
 210 375683
 210 375683
 210 360643
 210 360643
 195 379271
 195 379271
 195 360648
 195 360648
 72 371910
 72 371912
 72 371910
 72 360648
 -106 360648
 -106 371910
 -106 360355
 -106 360214
 -93 359702
 -93 359698
 -93 346030
 -93 346019
 1 332766
 1 332673
 1 327809
 1 321084
 60 321124
 60 321084
 60 294972
 60 294972
 153 308230
 153 308230
 153 294937
 153 285182
 126 285182
 126 285064
 126 262398
 126 252577
 33 252663
 33 252663
 33 252577
 33 229537
 -262 229537
 -262 252577
 -262 228986
 -262 221818
 -126 221808
 -126 196354
 -126 191748
 -126 191746
 218 162138
 218 162098
 218 131261
 218 131261
 61 139191
 61 139197
 61 139191
 61 131261
 -176 131261
 -176 131024
 -176 125399
 -176 125399
 73 125399
 73 125392
 73 125399
 73 125568
 75 125641
 75 131275
 75 137912
 75 137931
 -67 151941
 -67 151997
 -67 163675
 -67 163675
 -165 163675
 -165 163672
 -165 163675
 -165 163675
 92 163675
 92 163675
 92 163892
 92 163932
 180 173110
 180 173148
 180 181044
 180 181110
 -63 189121
 -63 189127
 -63 196545
 -63 196591
 -145 196545
 -145 196591
 -145 196591
 -145 202708
 -44 202648
 -44 202648
 -44 202648
 -44 202708
 385 202708
 385 202648
 385 196991
 385 196991
 383 207873
 383 207873
 383 196991
 383 196991
 13 213115
 13 213115
 13 196774
 13 196774
 38 218253
 38 218253
 38 196774
 38 196774
 139 223113
 139 223142
 139 228235
 139 228303
 -5 233691
 -5 233723
 -5 261728
 -5 261728
 -288 238688
 -288 238688
 -288 261728
 -288 261728
 -83 243245
 -83 243218
 -83 243218
 -83 243245
 95 243245
 95 243218
 95 229707
 95 229707
 331 248031
 331 248031
 331 248063
 331 257329
 311 257355
 311 257355
 311 262455
 311 276279
 216 276316
 216 276316
 216 295000
 216 305752
 299 305755
 299 305755
 299 328055
 299 328107
 375 334763
 375 334763
 375 334841
 375 359496
 340 359543
 340 359543
 340 360675
 340 360916
 227 376532
 227 376532
 227 360807
 227 360807
 359 380949
 359 380949
 359 360807
 359 360807
 248 374063
 248 374063
 248 360568
 248 360568
 204 361991
 204 361991
 204 360524
 204 348092
 188 348092
 188 348087
 188 327868
 188 327868
 233 335119
 233 335119
 233 327785
 233 323012
 324 323061
 324 323012
 324 295364
 324 295364
 437 310405
 437 310405
 437 295349
 437 288364
 236 288364
 236 288273
 236 262252
 236 256306
 306 256312
 306 256306
 306 229682
 306 225342
 446 225370
 446 225342
 446 196926
 446 195415
 343 195420
 343 195415
 343 164183
 343 164183
 428 165655
 428 165655
 428 164140
 428 142142
 702 142142
 702 142098
 702 131646
 702 127591
 871 127613
 871 127591
 871 99243
 871 99243
 811 126635
 811 126635
 811 126635
 811 126635
 709 126651
 709 126651
 709 131781
 709 131861
 789 138382
 789 138382
 789 138382
 789 152341
 772 152347
 772 152347
 772 164484
 772 164597
 1005 164740
 1005 164597
 1005 164696
 1005 164845
 856 174287
 856 174287
 856 164915
 856 164915
 1075 182352
 1075 182352
 1075 182352
 1075 190238
 1295 190259
 1295 190259
 1295 197519
 1295 197583
 1346 198031
 1346 197583
 1346 197708
 1346 198082
 1228 203714
 1228 203714
 1228 198284
 1228 198284
 1548 209209
 1548 209209
 1548 198388
 1548 198388
 1652 214156
 1652 214156
 1652 198388
 1652 198388
 1510 219099
 1510 219099
 1510 198264
 1510 198264
 1784 224101
 1784 224101
 1784 224101
 1784 229213
 2077 229240
 2077 229240
 2077 231484
 2077 231581
 2108 234397
 2108 234397
 2108 231859
 2108 231859
 2355 239676
 2355 239676
 2355 231859
 2355 231859
 2447 244403
 2447 244403
 2447 231913
 2447 231913
 2537 249358
 2537 249358
 2537 249358
 2537 258002
 2671 258025
 2671 258025
 2671 264943
 2671 276097
 3109 276207
 3109 276207
 3109 298149
 3109 305060
 3208 305061
 3208 305061
 3208 330760
 3208 330886
 3206 334600
 3206 334600
 3206 334640
 3206 359814
 3740 359923
 3740 359923
 3740 364188
 3740 364605
 4157 377483
 4157 377483
 4157 364798
 4157 364798
 4222 382409
 4222 382409
 4222 365277
 4222 365277
 4701 375517
 4701 375517
 4701 365277
 4701 365119
 4799 365119
 4799 363583
 4799 363573
 4799 349902
 5070 349902
 5070 349859
 5070 333223
 5070 333223
 5415 336551
 5415 336551
 5415 333223
 5415 324546
 5698 324560
 5698 324546
 5698 301460
 5698 301460
 6420 312463
 6420 312463
 6420 301460
 6420 290986
 6570 291048
 6570 290986
 6570 268714
 6570 259020
 7244 259050
 7244 259020
 7244 236748
 7244 227984
 7440 228087
 7440 227984
 7440 204176
 7440 204128
 7648 204128
 7648 198240
 7648 198229
 7648 172220
 8252 172220
 8252 167868
 8252 167831
 8252 143511
 9111 143589
 9111 143511
 9111 140183
 9111 128965
 9669 128965
 9669 128931
 9669 108559
 9669 108559
 10255 126991
 10255 126991
 10255 126991
 10255 126991
 10705 127089
 10705 127089
 10705 138193
 10705 138193
 11845 141777
 11845 138193
 11845 142917
 11845 152388
 12549 152389
 12549 152389
 12549 164613
 12549 164623
 13363 174347
 13363 164623
 13363 174347
 13363 174387
 14242 177203
 14242 174387
 14242 177954
 14242 178721
 15009 182306
 15009 182306
 15009 182341
 15009 190241
 16034 190279
 16034 190279
 16034 197666
 16034 197703
 16997 203906
 16997 197703
 16997 203906
 16997 204005
 18316 209292
 18316 204005
 18316 209292
 18316 209306
 19196 214396
 19196 209306
 19196 214396
 19196 214398
 20263 215676
 20263 214398
 20263 216999
 20263 218298
 21562 219047
 21562 219047
 21562 219097
 21562 219563
 22827 223674
 22827 223674
 22827 223688
 22827 228759
 24278 228779
 24278 228779
 24278 234061
 24278 234070
 25805 239034
 25805 234070
 25805 239034
 25805 239053
 27231 243488
 27231 239053
 27231 243488
 27231 243551
 28774 247984
 28774 243551
 28774 247984
 28774 248038
 30485 256277
 30485 248038
 30485 256277
 30485 256280
 32444 259861
 32444 256280
 32444 273196
 32444 273212
 34439 294460
 34439 273212
 34439 296455
 34439 301831
 36196 301862
 36196 301862
 36196 331236
 36196 331398
 38419 331492
 38419 331492
 38419 333459
 38419 356997
 40663 357011
 40663 357011
 40663 368343
 40663 370408
 42728 374999
 42728 374999
 42728 372753
 42728 372753
 45201 381201
 45201 381201
 45201 375499
 45201 374475
 47819 374516
 47819 374516
 47819 374516
 47819 374475
 50455 374475
 50455 362663
 50455 362647
 50455 348638
 53086 348648
 53086 348638
 53086 348638
 53086 348126
 55918 348126
 55918 335214
 55918 335126
 55918 322633
 58825 322639
 58825 322633
 58825 322633
 58825 320841
 61718 320841
 61718 310169
 61718 310166
 61718 294451
 65203 294451
 65203 289587
 65203 289556
 65203 257660
 68476 257660
 68476 257626
 68476 232316
 68476 225955
 72099 225955
 72099 225938
 72099 203171
 72099 195354
 76058 195389
 76058 195354
 76058 178239
 76058 174362
 80063 174362
 80063 164927
 80063 164921
 80063 149638
 83974 149638
 83974 139927
 83974 139910
 83974 124022
 88438 124031
 88438 124031
 88438 124031
 88438 124022
 93084 124022
 93084 124022
 93084 124031
 93084 125724
 97427 125724
 97427 120860
 97427 131091
 97427 131146
 102090 134858
 102090 131146
 102090 134858
 102090 139878
 107110 145040
 107110 145040
 107110 145040
 107110 156962
 112358 157030
 112358 157030
 112358 166313
 112358 166374
 117818 174080
 117818 166374
 117818 174080
 117818 174138
 123473 181528
 123473 174138
 123473 181528
 123473 181585
 129072 188464
 129072 181585
 129072 181528
 129072 188464
 135280 188509
 135280 188464
 135280 188509
 135280 194416
 141379 194420
 141379 194420
 141379 199363
 141379 199416
 147851 204043
 147851 199416
 147851 204043
 147851 204099
 154666 208554
 154666 204099
 154666 208554
 154666 208630
 161608 212807
 161608 208630
 161608 208630
 161608 212807
 168815 212808
 168815 212807
 168815 209107
 168815 209107
 176339 217418
 176339 217418
 176339 216816
 176339 216816
 184048 222163
 184048 222163
 184048 222172
 184048 226280
 192031 226288
 192031 229919
 192031 230014
 192031 233080
 200312 233080
 200312 233080
 200312 233787
 200312 233848
 208952 240952
 208952 241005
 208952 241720
 208952 241720
 217607 250375
 217607 250375
 217607 250375
 217607 256519
 226997 256553
 226997 256553
 226997 283954
 226997 283957
 236178 292405
 236178 283957
 236178 301586
 236178 312850
 245782 312936
 245782 312936
 245782 338070
 245782 338173
 255670 344214
 255670 338173
 255670 353846
 255670 356105
 265885 356150
 265885 356150
 265885 363165
 265885 363165
 276243 363165
 276243 361644
 276243 361619
 276243 354413
 287085 354413
 287085 354332
 287085 352621
 287085 341962
 298186 341962
 298186 341929
 298186 330954
 298186 327076
 309668 327114
 309668 327076
 309668 321406
 309668 321406
 321534 321406
 321534 321406
 321534 321406
 321534 312958
 333403 312858
 333403 312858
 333403 300635
 333403 299099
 345570 299024
 345570 299024
 345570 292832
 345570 286050
 358368 286028
 358368 286050
 358368 286028
 358368 265696
 371395 265621
 371395 265621
 371395 240323
 371395 233155
 384538 233123
 384538 233123
 384538 220826
 384538 200161
 398269 200090
 398269 200090
 398269 169021
 398269 168983
 411921 168765
 411921 168983
 411921 149905
 411921 136868
 426086 136849
 426086 136849
 426086 110186
 426086 110182
 440515 98406
 440515 110182
 440515 94649
 440515 92620
 455097 92611
 455097 92620
 455097 92620
 455097 94649
 470377 94649
 470377 96233
 470377 96254
 470377 109070
 485774 109057
 485774 109070
 485774 109070
 485774 120326
 501510 120326
 501510 120326
 501510 120353
 501510 123952
 517296 123952
 517296 128560
 517296 128605
 517296 135198
 533406 135196
 533406 135198
 533406 140062
 533406 141498
 549946 141498
 549946 141547
 549946 141547
 549946 147176
 566760 147161
 566760 147161
 566760 147176
 566760 151761
 584017 151731
 584017 151761
 584017 151761
 584017 155584
 600896 155584
 600896 155584
 600896 155589
 600896 159228
 618236 159176
 618236 159228
 618236 159228
 618236 159484
 636090 159484
 636090 162234
 636090 162258
 636090 165164
 653996 165164
 653996 165217
 653996 180772
 653996 180772
 672292 168484
 672292 168484
 672292 168484
 672292 171972
 690756 171970
 690756 171970
 690756 171972
 690756 175218
 709106 175218
 709106 175223
 709106 175223
 709106 178089
 727593 178051
 727593 178051
 727593 178089
 727593 180784
 746672 180784
 746672 180849
 746672 180849
 746672 186273
 765729 186251
 765729 186251
 765729 186273
 765729 199904
 784736 199876
 784736 199904
 784736 214470
 784736 225478
 804166 225438
 804166 225438
 804166 225478
 804166 233615
 823311 233615
 823311 253327
 823311 253430
 823311 277478
 842854 277393
 842854 277478
 842854 277478
 842854 285926
 862020 285926
 862020 294833
 862020 294852
 862020 301582
 881550 301582
 881550 301584
 881550 311462
 881550 311462
 901286 301584
 901286 301584
 901286 301584
 901286 299202
 921058 299174
 921058 299174
 921058 291442
 921058 291426
 940644 285284
 940644 291426
 940644 285284
 940644 278372
 960018 278288
 960018 278288
 960018 272018
 960018 262320
 979537 262290
 979537 262290
 979537 258769
 979537 246737
 998982 246735
 998982 246735
 998982 245446
 998982 232390
 1018527 232377
 1018527 232377
 1018527 218464
 1018527 218035
 1037664 218015
 1037664 218035
 1037664 218035
 1037664 196970
 1056443 196960
 1056443 196960
 1056443 171707
 1056443 164027
 1075156 163968
 1075156 163968
 1075156 129910
 1075156 129876
 1093898 124756
 1093898 129876
 1093898 98110
 1093898 98058
 1112101 96293
 1112101 98058
 1112101 96293
 1112101 65626
 1130488 65573
 1130488 65573
 1130488 49144
 1130488 37624
 1148321 37608
 1148321 37608
 1148321 18764
 1148321 18500
 1165772 18465
 1165772 18500
 1165772 18500
 1165772 18764
 1183238 18764
 1183238 19334
 1183238 19370
 1183238 20548
 1200324 20548
 1200324 31300
 1200324 31354
 1200324 37071
 1216591 37071
 1216591 41870
 1216591 41935
 1216591 49984
 1232704 49984
 1232704 49989
 1232704 49989
 1232704 53056
 1248388 53056
 1248388 56448
 1248388 56448
 1248388 56452
 1263477 56452
 1263477 62366
 1263477 62453
 1263477 65879
 1278295 65879
 1278295 68183
 1278295 68183
 1278295 72789
 1292501 72770
 1292501 72789
 1292501 79957
 1292501 79957
 1306131 76197
 1306131 76197
 1306131 76197
 1306131 79326
 1318878 79326
 1318878 79326
 1318878 79341
 1318878 82545
 1331313 82463
 1331313 82545
 1331313 86129
 1331313 86129
 1343256 85724
 1343256 85724
 1343256 85724
 1343256 89243
 1354395 89243
 1354395 89243
 1354395 89243
 1354395 89264
 1364735 89264
 1364735 93087
 1364735 93183
 1364735 96329
 1374281 96329
 1374281 96782
 1374281 96841
 1374281 100041
 1383113 100041
 1383113 100049
 1383113 105161
 1383113 105161
 1391268 103212
 1391268 103212
 1391268 113188
 1391268 113188
 1398558 109358
 1398558 109358
 1398558 120606
 1398558 122984
 1405032 122963
 1405032 122984
 1405032 127080
 1405032 132859
 1410683 132859
 1410683 148909
 1410683 148987
 1410683 170487
 1415543 170487
 1415543 178082
 1415543 178167
 1415543 203848
 1419208 203803
 1419208 203848
 1419208 206664
 1419208 209788
 1422204 209788
 1422204 222817
 1422204 222844
 1422204 231240
 1424200 231240
 1424200 231263
 1424200 244552
 1424200 244552
 1425144 231263
 1425144 231263
 1425144 231263
 1425144 230776
 1424848 230718
 1424848 230718
 1424848 224592
 1424848 224588
 1423976 213480
 1423976 224588
 1423976 213480
 1423976 213381
 1422064 211688
 1422064 213381
 1422064 209648
 1422064 199408
 1418896 199368
 1418896 199368
 1418896 185488
 1418896 185481
 1414789 173712
 1414789 185481
 1414789 172677
 1414789 172672
 1409472 169605
 1409472 172672
 1409472 160704
 1409472 160665
 1403107 157923
 1403107 160665
 1403107 157923
 1403107 142819
 1395623 142736
 1395623 142736
 1395623 117671
 1395623 112588
 1386990 112551
 1386990 112551
 1386990 81006
 1386990 80927
 1377335 76142
 1377335 80927
 1377335 51144
 1377335 51127
 1366563 33975
 1366563 23075
 1366563 21069
 1366563 21027
 1354586 -4646
 1354586 -4680
 1354586 -4680
 1354586 -21527
 1341417 -21527
 1341417 -21527
 1341417 -21527
 1341417 -21553
 1327070 -21553
 1327070 -26402
 1327070 -26404
 1327070 -26404
 1311722 -26402
 1311722 -26404
 1311722 -26404
 1311722 -16744
 1295255 -16662
 1295255 -15593
 1295255 -1513
 1295255 -1512
 1277431 12804
 1277431 12919
 1277431 13474
 1277431 24482
 1258530 24482
 1258530 24482
 1258530 24496
 1258530 33962
 1238698 33962
 1238698 34041
 1238698 38114
 1238698 43490
 1217634 43458
 1217634 43458
 1217634 43490
 1217634 48541
 1195293 48541
 1195293 52637
 1195293 52728
 1195293 57985
 1171969 57985
 1171969 60545
 1171969 60579
 1171969 66575
 1147919 66575
 1147919 68111
 1147919 68222
 1147919 73960
 1122408 73960
 1122408 75496
 1122408 75513
 1122408 80072
 1095880 80072
 1095880 82632
 1095880 82645
 1095880 85360
 1068528 85360
 1068528 89639
 1068528 89712
 1068528 89712
 1039984 89712
 1039984 97136
 1039984 97143
 1039984 104886
 1010486 104849
 1010486 104886
 1010486 125878
 1010486 125878
 980075 112496
 980075 112496
 980075 128107
 980075 128107
 948586 120042
 948586 120042
 948586 129514
 948586 129514
 916281 127417
 916281 127417
 916281 129977
 916281 137189
 882789 137122
 882789 137189
 882789 160786
 882789 160786
 848914 154463
 848914 154463
 848914 160786
 848914 183993
 814009 183993
 814009 184018
 814009 191417
 814009 217703
 778087 217640
 778087 217703
 778087 221031
 778087 247952
 741648 247952
 741648 248004
 741648 250256
 741648 272049
 704305 272049
 704305 272061
 704305 272906
 704305 278449
 666250 278449
 666250 285706
 666250 285706
 666250 285749
 627525 285749
 627525 290108
 627525 290117
 627525 290117
 588185 290108
 588185 290117
 588185 290108
 588185 288562
 548102 288537
 548102 288537
 548102 286086
 548102 282032
 507500 281990
 507500 281990
 507500 278124
 507500 272236
 466486 272217
 466486 272217
 466486 270006
 466486 262886
 424959 262838
 424959 262838
 424959 261119
 424959 254719
 383008 254701
 383008 254701
 383008 251936
 383008 247072
 340575 247040
 340575 247040
 340575 242271
 340575 233823
 297617 233732
 297617 233732
 297617 208529
 297617 208528
 254674 199313
 254674 208528
 254674 189010
 254674 180562
 211015 180502
 211015 167318
 211015 154701
 211015 154695
 167318 145479
 167318 128918
 167318 128900
 167318 123549
 123549 123549
 123549 123549
 123549 106733
 123549 106653
 79479 93179
 79479 93175
 79479 79607
 79479 79607
 35323 91070
 35323 91131
 35323 91131
 35323 91131
 -8812 103956
 -8812 104005
 -8812 110562
 -8812 122132
 -53278 122132
 -53278 122793
 -53278 122850
 -53278 132396
 -96980 132396
 -96980 140588
 -96980 140605
 -96980 153938
 -140846 153938
 -140846 155703
 -140846 155730
 -140846 169007
 -184657 169007
 -184657 169015
 -184657 169015
 -184657 175663
 -228126 175663
 -228126 181814
 -228126 181858
 -228126 187790
 -271090 187790
 -271090 194446
 -271090 194538
 -271090 205757
 -313539 205753
 -313539 205757
 -313539 205757
 -313539 210877
 -355839 210877
 -355839 216193
 -355839 216239
 -355839 224910
 -397810 224910
 -397810 226190
 -397810 226219
 -397810 236009
 -439191 235955
 -439191 236009
 -439191 240871
 -439191 245479
 -480153 245414
 -480153 245414
 -480153 245414
 -480153 245479
 -520418 245479
 -520418 255134
 -520418 255211
 -520418 265185
 -560287 265111
 -560287 265185
 -560287 284949
 -560287 284949
 -599659 274809
 -599659 274809
 -599659 279251
 -599659 284371
 -638381 284308
 -638381 284308
 -638381 284308
 -638381 284371
 -676334 284371
 -676334 293394
 -676334 293407
 -676334 302309
 -713499 302309
 -713499 304593
 -713499 304593
 -713499 304613
 -750235 304613
 -750235 322533
 -750235 322549
 -750235 327725
 -786259 327725
 -786259 352557
 -786259 352600
 -786259 387143
 -821049 387143
 -821049 387165
 -821049 391239
 -821049 418344
 -855128 418344
 -855128 418403
 -855128 422696
 -855128 444153
 -888583 444114
 -888583 444153
 -888583 454905
 -888583 459325
 -921027 459287
 -921027 459325
 -921027 487997
 -921027 487997
 -952772 464460
 -952772 464460
 -952772 489020
 -952772 489020
 -983475 464460
 -983475 464460
 -983475 464460
 -983475 463567
 -1013330 463565
 -1013330 463565
 -1013330 457445
 -1013330 457390
 -1042262 448042
 -1042262 457390
 -1042262 448042
 -1042262 448006
 -1070043 438230
 -1070043 448006
 -1070043 443238
 -1070043 438230
 -1096730 438181
 -1096730 438230
 -1096730 438230
 -1096730 429160
 -1122475 429158
 -1122475 429158
 -1122475 425651
 -1122475 420949
 -1147213 420909
 -1147213 420949
 -1147213 420909
 -1147213 407797
 -1171117 407731
 -1171117 407731
 -1171117 382291
 -1171117 382267
 -1193704 368979
 -1193704 382267
 -1193704 353340
 -1193704 353304
 -1215237 346392
 -1215237 353304
 -1215237 326779
 -1215237 326675
 -1235823 324731
 -1235823 326675
 -1235823 304145
 -1235823 299072
 -1255026 299025
 -1255026 299025
 -1255026 285070
 -1255026 274831
 -1273233 274830
 -1273233 274830
 -1273233 259311
 -1273233 259253
 -1290401 254431
 -1290401 259253
 -1290401 259253
 -1290401 264557
 -1306387 264461
 -1306387 264557
 -1306387 266349
 -1306387 280927
 -1321377 280835
 -1321377 280927
 -1321377 284255
 -1321377 296422
 -1335066 296371
 -1335066 296422
 -1335066 303334
 -1335066 309307
 -1347909 309307
 -1347909 309342
 -1347909 311707
 -1347909 320155
 -1359461 320155
 -1359461 320155
 -1359461 320220
 -1359461 329993
 -1369847 329993
 -1369847 330008
 -1369847 334089
 -1369847 339754
 -1379286 339754
 -1379286 339765
 -1379286 349163
 -1379286 349163
 -1387669 348395
 -1387669 348395
 -1387669 348395
 -1387669 349163
 -1394889 349163
 -1394889 355601
 -1394889 355639
 -1394889 362717
 -1400995 362625
 -1400995 362717
 -1400995 363515
 -1400995 368605
 -1406085 368605
 -1406085 368807
 -1406085 368891
 -1406085 375132
 -1410212 375068
 -1410212 375132
 -1410212 388895
 -1410212 388895
 -1413345 381471
 -1413345 381471
 -1413345 387149
 -1413345 387917
 -1415091 387917
 -1415091 387917
 -1415091 387919
 -1415091 394224
 -1415824 394176
 -1415824 394224
 -1415824 419275
 -1415824 419275
 -1415733 399827
 -1415733 399827
 -1415733 419275
 -1415733 419275
 -1414808 405224
 -1414808 405224
 -1414808 420328
 -1414808 420328
 -1412824 412378
 -1412824 412378
 -1412824 422312
 -1412824 425138
 -1409998 425138
 -1409998 425394
 -1409998 425417
 -1409998 428861
 -1406019 428861
 -1406019 450877
 -1406019 450899
 -1406019 466668
 -1401108 466668
 -1401108 481985
 -1401108 482028
 -1401108 505039
 -1395633 505039
 -1395633 509647
 -1395633 509675
 -1395633 531225
 -1389287 531225
 -1389287 531325
 -1389287 544025
 -1389287 544025
 -1382061 542931
 -1382061 542931
 -1382061 542931
 -1382061 544320
 -1373760 544320
 -1373760 544320
 -1373760 544320
 -1373760 544320
 -1364949 539947
 -1364949 544320
 -1364949 544364
 -1364949 539947
 -1355499 539919
 -1355499 539947
 -1355499 539919
 -1355499 529941
 -1344941 529923
 -1344941 529923
 -1344941 522963
 -1344941 516051
 -1333840 516038
 -1333840 516038
 -1333840 502192
 -1333840 502145
 -1322147 501168
 -1322147 502145
 -1322147 488925
 -1322147 488886
 -1309894 480221
 -1309894 488886
 -1309894 476518
 -1309894 476474
 -1297053 472419
 -1297053 476474
 -1297053 472419
 -1297053 459875
 -1283493 459803
 -1283493 459803
 -1283493 453211
 -1283493 430683
 -1269478 430683
 -1269478 430683
 -1269478 401690
 -1269478 397850
 -1254564 397839
 -1254564 397839
 -1254564 383964
 -1254564 366812
 -1239476 366805
 -1239476 366805
 -1239476 335180
 -1239476 335125
 -1224028 333388
 -1224028 335125
 -1224028 316068
 -1224028 306426
 -1208063 306340
 -1208063 306340
 -1208063 285962
 -1208063 285953
 -1191615 282945
 -1191615 285953
 -1191615 282945
 -1191615 281578
 -1174934 281472
 -1174934 281472
 -1174934 281578
 -1174934 284046
 -1157746 284046
 -1157746 294018
 -1157746 294030
 -1157746 301383
 -1140281 301383
 -1140281 305666
 -1140281 305735
 -1140281 315219
 -1122605 315188
 -1122605 315219
 -1122605 315219
 -1122605 319059
 -1104644 319059
 -1104644 322465
 -1104644 322556
 -1104644 328778
 -1086262 328736
 -1086262 328778
 -1086262 341323
 -1086262 341323
 -1067701 334667
 -1067701 334667
 -1067701 341323
 -1067701 341323
 -1049038 339652
 -1049038 339652
 -1049038 345645
 -1049038 345645
 -1030483 343860
 -1030483 343860
 -1030483 343860
 -1030483 345645
 -1011551 345645
 -1011551 347297
 -1011551 347374
 -1011551 350833
 -992143 350794
 -992143 350833
 -992143 350833
 -992143 351345
 -973050 351345
 -973050 353542
 -973050 353634
 -973050 356704
 -953888 356668
 -953888 356704
 -953888 356704
 -953888 356704
 -934517 356704
 -934517 360075
 -934517 360157
 -934517 362754
 -915070 362754
 -915070 363522
 -915070 363547
 -915070 366387
 -895821 366345
 -895821 366387
 -895821 368836
 -895821 368836
 -876348 368836
 -876348 368836
 -876348 368893
 -876348 372848
 -857104 372766
 -857104 372848
 -857104 374685
 -857104 383133
 -837731 383133
 -837731 383133
 -837731 383188
 -837731 393879
 -818537 393879
 -818537 405399
 -818537 405415
 -818537 433748
 -799404 433738
 -799404 433748
 -799404 445780
 -799404 459564
 -780500 459564
 -780500 459566
 -780500 464684
 -780500 479772
 -761572 479772
 -761572 479816
 -761572 479816
 -761572 483612
 -742676 483612
 -742676 490348
 -742676 490348
 -742676 490366
 -723952 490366
 -723952 490640
 -723952 490640
 -723952 490640
 -705592 488592
 -705592 490640
 -705592 484552
 -705592 484547
 -687380 474056
 -687380 484547
 -687380 473324
 -687380 473259
 -669221 459500
 -669221 473259
 -669221 457947
 -669221 457904
 -651146 444891
 -651146 457904
 -651146 447822
 -651146 442486
 -633522 442430
 -633522 442486
 -633522 442430
 -633522 427886
 -615745 427854
 -615745 427854
 -615745 417441
 -615745 413887
 -598495 413882
 -598495 413887
 -598495 413882
 -598495 396262
 -581874 396193
 -581874 396193
 -581874 368398
 -581874 366606
 -564910 366603
 -564910 366603
 -564910 352594
 -564910 332370
 -548422 332356
 -548422 332356
 -548422 303546
 -548422 300500
 -532174 300474
 -532174 300474
 -532174 287026
 -532174 268409
 -516242 268338
 -516242 268338
 -516242 238574
 -516242 238533
 -500483 237550
 -500483 238533
 -500483 220413
 -500483 216829
 -484953 216734
 -484953 216734
 -484953 216734
 -484953 209366
 -469674 209294
 -469674 209366
 -469674 209366
 -469674 218582
 -454600 218582
 -454600 221240
 -454600 221285
 -454600 232861
 -440163 232854
 -440163 232861
 -440163 232861
 -440163 241948
 -425828 241948
 -425828 241948
 -425828 241977
 -425828 243571
 -411789 243571
 -411789 248932
 -411789 248947
 -411789 255265
 -398047 255265
 -398047 255325
 -398047 255325
 -398047 257313
 -384672 257313
 -384672 261459
 -384672 261472
 -384672 266663
 -371545 266663
 -371545 266690
 -371545 266690
 -371545 271042
 -358718 270992
 -358718 270992
 -358718 271042
 -358718 274618
 -346182 274588
 -346182 274618
 -346182 276410
 -346182 278248
 -333848 278248
 -333848 278266
 -333848 278266
 -333848 281574
 -322074 281560
 -322074 281560
 -322074 281560
 -322074 281574
 -310624 281574
 -310624 285088
 -310624 285158
 -310624 289020
 -299268 288935
 -299268 289020
 -299268 289020
 -299268 290556
 -288115 290556
 -288115 292739
 -288115 292749
 -288115 296033
 -277535 295986
 -277535 296033
 -277535 312161
 -277535 312161
 -267147 298613
 -267147 298613
 -267147 300169
 -267147 302729
 -257015 302729
 -257015 302729
 -257015 302817
 -257015 309809
 -247247 309809
 -247247 313369
 -247247 313393
 -247247 335340
 -237716 335340
 -237716 335348
 -237716 352236
 -237716 361521
 -228303 361521
 -228303 364593
 -228303 364610
 -228303 370645
 -219179 370645
 -219179 391339
 -219179 391381
 -219179 411963
 -210629 411963
 -210629 412731
 -210629 412786
 -210629 420548
 -202044 420548
 -202044 424855
 -202044 424900
 -202044 426504
 -193912 426503
 -193912 426504
 -193912 426504
 -193912 426504
 -185947 426503
 -185947 426503
 -185947 421453
 -185947 421413
 -178334 411618
 -178334 421413
 -178334 418968
 -178334 411618
 -170984 411376
 -170984 411376
 -170984 411376
 -170984 397216
 -163730 397208
 -163730 397208
 -163730 382574
 -163730 382474
 -156743 368742
 -156743 382474
 -156743 368742
 -156743 368697
 -150071 367417
 -150071 368697
 -150071 356312
 -150071 356297
 -143774 347874
 -143774 356297
 -143774 347874
 -143774 340450
 -137386 340419
 -137386 340419
 -137386 321494
 -137386 312278
 -131413 312269
 -131413 312269
 -131413 294443
 -131413 278908
 -125428 278827
 -125428 278827
 -125428 248024
 -125428 247948
 -119965 235148
 -119965 247948
 -119965 216803
 -119965 216790
 -114737 207843
 -114737 216790
 -114737 187471
 -114737 187447
 -109606 185306
 -109606 187447
 -109606 185306
 -109606 166362
 -104631 166308
 -104631 166308
 -104631 162428
 -104631 159356
 -99588 159312
 -99588 159356
 -99588 162428
 -99588 167554
 -94718 167554
 -94718 172162
 -94718 172162
 -94718 172210
 -90535 172210
 -90535 185150
 -90535 185150
 -90535 185177
 -86391 185177
 -86391 195721
 -86391 195825
 -86391 204257
 -82335 204175
 -82335 204257
 -82335 212705
 -82335 212705
 -78518 211159
 -78518 211159
 -78518 216522
 -78518 218406
 -74586 218379
 -74586 218406
 -74586 220198
 -74586 223759
 -71153 223759
 -71153 224775
 -71153 224783
 -71153 229818
 -67782 229818
 -67782 229824
 -67782 230402
 -67782 234498
 -64382 234498
 -64382 234498
 -64382 234498
 -64382 234503
 -61021 234503
 -61021 239011
 -61021 239011
 -61021 239059
 -57951 239059
 -57951 243361
 -57951 243361
 -57951 243406
 -55211 243406
 -55211 247893
 -55211 247893
 -55211 247934
 -52433 247934
 -52433 252829
 -52433 252829
 -52433 252847
 -49745 252847
 -49745 257839
 -49745 257888
 -49745 262160
 -47344 262160
 -47344 262251
 -47344 280336
 -47344 280336
 -44828 266226
 -44828 266226
 -44828 282852
 -44828 282852
 -42321 271541
 -42321 271541
 -42321 285359
 -42321 285359
 -40210 282350
 -40210 282350
 -40210 287470
 -40210 304217
 -38055 304210
 -38055 304217
 -38055 322393
 -38055 334201
 -36103 334188
 -36103 334201
 -36103 356985
 -36103 362076
 -34212 362047
 -34212 362076
 -34212 362076
 -34212 384823
 -32457 384823
 -32457 384823
 -32457 384868
 -32457 395424
 -30560 395424
 -30560 398240
 -30560 398240
 -30560 398260
 -29278 398260
 -29278 401293
 -29278 401293
 -29278 401293
 -27742 398242
 -27742 401293
 -27742 398242
 -27742 397484
 -26131 397474
 -26131 397474
 -26131 388717
 -26131 388620
 -24788 375543
 -24788 388620
 -24788 375543
 -24788 375468
 -23162 370054
 -23162 375468
 -23162 370054
 -23162 361173
 -21908 361094
 -21908 361094
 -21908 348140
 -21908 348133
 -20762 339686
 -20762 348133
 -20762 339686
 -20762 336358
 -19487 336302
 -19487 336302
 -19487 321761
 -19487 321701
 -18451 309229
 -18451 321701
 -18451 309229
 -18451 295167
 -17732 295149
 -17732 295149
 -17732 277052
 -17732 262524
 -16625 262460
 -16625 262460
 -16625 245519
 -16625 232004
 -15359 231951
 -15359 231951
 -15359 214145
 -15359 201425
 -14490 201345
 -14490 201345
 -14490 182118
 -14490 172646
 -13953 172638
 -13953 172638
 -13953 151551
 -13953 151516
 -13197 150771
 -13197 151516
 -13197 151395
 -13197 150771
 -12317 144227
 -12317 144227
 -12317 151395
 -12317 152455
 -11513 152455
 -11513 157319
 -11513 157358
 -11513 170765
 -10739 170765
 -10739 170866
 -10739 185869
 -10739 185869
 -10073 182183
 -10073 182183
 -10073 186535
 -10073 187059
 -9549 187059
 -9549 190899
 -9549 190957
 -9549 198472
 -9272 198472
 -9272 198478
 -9272 219976
 -9272 219976
 -8620 206292
 -8620 206292
 -8620 220884
 -8620 220884
 -7850 213078
 -7850 213078
 -7850 221526
 -7850 221526
 -7313 218863
 -7313 218863
 -7313 222191
 -7313 222458
 -7046 222458
 -7046 223719
 -7046 223719
 -7046 223738
 -6659 223738
 -6659 228740
 -6659 228861
 -6659 233397
 -6091 233397
 -6091 233439
 -6091 256181
 -6091 256181
 -5759 238128
 -5759 238128
 -5759 256257
 -5759 256257
 -5499 243676
 -5499 243676
 -5499 256645
 -5499 256645
 -5117 248762
 -5117 248762
 -5117 257155
 -5117 257155
 -4995 253437
 -4995 253437
 -4995 257277
 -4995 257747
 -4397 257692
 -4397 257747
 -4397 257747
 -4397 262936
 -4200 262936
 -4200 263010
 -4200 290584
 -4200 290584
 -4057 273319
 -4057 273319
 -4057 290961
 -4057 290983
 -3951 290983
 -3951 294801
 -3951 294891
 -3951 324248
 -3560 324248
 -3560 325016
 -3560 325065
 -3560 353392
 -3344 353371
 -3344 353392
 -3344 356976
 -3344 377051
 -3109 376995
 -3109 377051
 -3109 390107
 -3109 390260
 -2956 390260
 -2956 391747
 -2956 391796
 -2956 395675
 -2661 395675
 -2661 395767
 -2661 395767
 -2661 395767
 -2459 395675
 -2459 395675
 -2459 392165
 -2459 392117
 -2465 390885
 -2465 392117
 -2465 390778
 -2465 390751
 -2310 383839
 -2310 383839
 -2310 383823
 -2310 371066
 -2257 370987
 -2257 370987
 -2257 358319
 -2257 358160
 -2160 357082
 -2160 357082
 -2160 358160
 -2160 358160
 -1944 343847
 -1944 343847
 -1944 343847
 -1944 332008
 -1854 331981
 -1854 331981
 -1854 325826
 -1854 318402
 -1903 318373
 -1903 318373
 -1903 293072
 -1903 293009
 -1599 293009
 -1599 293009
 -1599 260610
 -1599 260545
 -1406 260545
 -1406 260545
 -1406 260496
 -1406 230215
 -1484 230146
 -1484 230146
 -1484 227892
 -1484 200057
 -1459 199988
 -1459 199988
 -1459 195149
 -1459 171085
 -1322 171011
 -1322 171011
 -1322 162733
 -1322 162390
 -1235 149590
 -1235 149590
 -1235 162733
 -1235 162733
 -1030 140538
 -1030 140538
 -1030 162810
 -1030 162810
 -853 153327
 -853 153327
 -853 162987
 -853 166941
 -995 166941
 -995 167038
 -995 195487
 -995 195487
 -1121 178416
 -1121 178416
 -1121 195487
 -1121 195487
 -907 187509
 -907 187509
 -907 195701
 -907 195701
 -615 195359
 -615 195359
 -615 195865
 -615 203013
 -635 203013
 -635 203105
 -635 228613
 -635 228613
 -629 210148
 -629 210148
 -629 228615
 -629 228615
 -633 216153
 -633 216153
 -633 228615
 -633 228615
 -468 221269
 -468 221269
 -468 228733
 -468 228733
 -515 226429
 -515 226429
 -515 228733
 -515 231063
 -617 231063
 -617 231127
 -617 261447
 -617 261447
 -569 236103
 -569 236103
 -569 261447
 -569 261447
 -543 241505
 -543 241505
 -543 261473
 -543 261473
 -536 246632
 -536 246632
 -536 261480
 -536 261480
 -581 251325
 -581 251325
 -581 261563
 -581 261563
 -480 255776
 -480 255776
 -480 261664
 -480 261664
 -482 261058
 -482 261058
 -482 261790
 -482 270948
 -412 270948
 -412 270971
 -412 294500
 -412 294500
 -61 291651
 -61 291651
 -61 294723
 -61 321870
 -178 321801
 -178 321870
 -178 327502
 -178 350414
 -306 350339
 -306 350414
 -306 360142
 -306 374201
 -455 374153
 -455 374201
 -455 392734
 -455 392734
 -354 389712
 -354 389712
 -354 392734
 -354 394336
 -160 394336
 -160 394341
 -160 394341
 -160 394341
 -120 394336
 -120 394336
 -120 393167
 -120 392968
 -49 391507
 -49 391507
 -49 393167
 -49 393167
 -164 383439
 -164 383439
 -164 383386
 -164 370908
 -48 370827
 -48 370827
 -48 360400
 -48 360388
 -188 357117
 -188 357117
 -188 360320
 -188 360320
 -256 344014
 -256 344014
 -256 344014
 -256 332172
 -77 332160
 -77 332160
 -77 327475
 -77 318781
 -39 318771
 -39 294873
 -39 294361
 -39 294319
 8 261752
 8 261640
 8 229428
 8 229428
 52 231171
 52 231220
 52 231171
 52 229428
 -19 229428
 -19 231171
 -19 229357
 -19 201197
 -204 201184
 -204 201184
 -204 196532
 -204 171748
 -131 171700
 -131 163837
 -131 149757
 -131 149711
 57 137663
 57 137657
 57 131269
 57 131269
 69 137657
 69 137657
 69 131275
 69 131275
 75 139182
 75 139205
 75 151755
 75 151778
 -237 165523
 -237 165591
 -237 196392
 -237 196392
 -216 177192
 -216 177192
 -216 196392
 -216 196392
 -153 186471
 -153 186471
 -153 196455
 -153 196455
 -175 194513
 -175 194513
 -175 196561
 -175 202267
 -357 202267
 -357 202269
 -357 228891
 -357 228891
 -110 209682
 -110 209682
 -110 229138
 -110 229138
 -138 215549
 -138 215549
 -138 229303
 -138 229303
 -73 220602
 -73 220599
 -73 220599
 -73 220602
 164 220602
 164 220602
 164 225572
 164 225610
 -12 230382
 -12 230388
 -12 262120
 -12 262120
 -24 235240
 -24 235240
 -24 261918
 -24 261918
 -98 240442
 -98 240442
 -98 261918
 -98 261918
 -20 245740
 -20 245740
 -20 262124
 -20 262124
 -10 250870
 -10 250870
 -10 261962
 -10 261962
 -54 255306
 -54 255238
 -54 255238
 -54 255306
 61 255306
 61 255238
 61 255238
 61 260244
 73 260285
 73 262345
 73 269769
 73 269795
 -82 289582
 -82 289582
 -82 289639
 -82 294702
 71 294702
 71 294983
 71 319303
 71 319311
 -196 348348
 -196 348412
 -196 360380
 -196 372840
 -24 372738
 -24 372840
 -24 393064
 -24 393064
 -20 388991
 -20 388991
 -20 393068
 -20 394194
 -174 394170
 -174 394170
 -174 394170
 -174 394170
 113 391665
 113 391665
 113 391665
 113 391647
 -172 391647
 -172 391665
 -172 393044
 -172 393044
 -168 384084
 -168 384024
 -168 371672
 -168 371594
 179 357848
 179 357848
 179 357848
 179 357811
 -64 357811
 -64 357848
 -64 360375
 -64 360375
 -73 344566
 -73 344566
 -73 344566
 -73 332749
 -113 332727
 -113 332727
 -113 327667
 -113 327439
 -141 319524
 -141 319524
 -141 319524
 -141 295923
 -186 295885
 -186 295885
 -186 294854
 -186 263366
 -354 263304
 -354 263304
 -354 261662
 -354 232822
 -71 232734
 -71 229177
 -71 202879
 -71 202809
 240 173424
 240 173379
 240 163952
 240 150864
 208 150864
 208 150785
 208 131152
 208 131152
 4 137732
 4 137743
 4 137743
 4 137743
 -181 138390
 -181 138443
 -181 163736
 -181 163736
 -104 150729
 -104 150729
 -104 163736
 -104 164690
 -46 164690
 -46 164707
 -46 196434
 -46 196434
 -52 176383
 -52 176383
 -52 196551
 -52 196551
 -57 185560
 -57 185560
 -57 196551
 -57 196551
 -154 193524
 -154 193524
 -154 196582
 -154 201430
 -42 201430
 -42 201439
 -42 229334
 -42 229334
 -29 208867
 -29 208867
 -29 229217
 -29 229217
 -31 214881
 -31 214806
 -31 214806
 -31 214881
 40 214881
 40 214881
 40 220072
 40 220101
 -117 225291
 -117 225291
 -117 225380
 -117 229131
 140 229131
 140 229388
 140 230412
 140 230446
 -39 235043
 -39 235043
 -39 235043
 -39 235097
 28 235097
 28 235043
 28 229414
 28 229414
 166 240156
 166 240169
 166 245515
 166 245542
 -50 250525
 -50 250574
 -50 261980
 -50 261980
 -164 255068
 -164 255068
 -164 261980
 -164 261980
 -4 259836
 -4 259836
 -4 262140
 -4 268990
 -194 268990
 -194 268990
 -194 268990
 -194 269029
 69 269029
 69 268990
 69 269029
 69 288064
 143 288069
 143 288069
 143 294927
 143 317455
 96 317479
 96 317479
 96 327904
 96 346522
 112 346592
 112 360560
 112 371245
 112 371312
 -155 388017
 -155 388069
 -155 393189
 -155 394062
 -178 394014
 -178 394014
 -178 394014
 -178 394014
 141 391706
 141 391693
 141 360594
 141 360594
 18 384146
 18 384146
 18 360594
 18 360594
 74 371980
 74 371980
 74 360522
 74 358489
 89 358489
 89 358489
 89 358489
 89 358436
 -44 358436
 -44 358436
 -44 345206
 -44 345172
 76 333132
 76 333101
 76 327756
 76 320384
 0 320386
 0 320386
 0 320386
 0 320384
 -108 320384
 -108 320386
 -108 320386
 -108 297837
 -64 297748
 -64 294720
 -64 265566
 -64 265536
 33 234853
 33 234785
 33 229409
 33 205100
 172 205134
 172 205134
 172 205100
 172 196652
 -110 196652
 -110 205100
 -110 196370
 -110 175425
 -70 175378
 -70 175378
 -70 163710
 -70 163642
 -2 151900
 -2 151866
 -2 138110
 -2 138074
 138 137897
 138 137866
 138 131210
 138 131210
 144 137866
 144 137866
 144 137897
 144 149776
 217 149858
 217 149858
 217 163916
 217 163929
 271 163929
 271 164111
 271 175883
 271 175887
 -2 185361
 -2 185470
 -2 196290
 -2 196290
 -318 193218
 -318 193218
 -318 196290
 -318 201000
 -88 200982
 -88 201000
 -88 229160
 -88 229160
 -146 208366
 -146 208338
 -146 208338
 -146 208366
 19 208366
 19 208338
 19 196808
 19 196808
 200 214163
 200 214163
 200 196808
 200 196808
 43 219818
 43 219818
 43 219818
 43 225038
 52 225067
 52 229537
 52 229556
 52 229556
 -65 234431
 -65 234480
 -65 262079
 -65 262079
 -164 239836
 -164 239768
 -164 239768
 -164 239836
 25 239836
 25 239836
 25 244761
 25 244772
 -140 249888
 -140 249972
 -140 261891
 -140 261891
 -125 254524
 -125 254467
 -125 254467
 -125 254524
 114 254524
 114 254467
 114 254524
 114 259334
 94 259442
 94 259442
 94 262224
 94 262238
 80 268335
 80 268335
 80 268335
 80 286800
 7 286816
 7 286816
 7 295047
 7 315777
 107 315783
 107 315783
 107 327787
 107 344930
 87 344939
 87 344939
 87 360464
 87 360535
 144 370007
 144 370007
 144 370042
 144 387344
 122 387345
 122 393338
 122 393338
 122 393338
 -160 393338
 -160 393579
 -160 393056
 -160 392796
 -292 391776
 -292 391776
 -292 392796
 -292 392796
 -105 384860
 -105 384860
 -105 384796
 -105 372924
 -80 372887
 -80 360368
 -80 359099
 -80 359088
 123 345851
 123 345825
 123 327931
 123 327931
 219 333656
 219 333656
 219 327771
 219 321277
 125 321277
 125 321270
 125 295165
 125 295165
 72 299720
 72 299773
 72 299720
 72 295112
 -169 295112
 -169 299720
 -169 294871
 -169 267991
 -236 267949
 -236 267949
 -236 262036
 -236 236799
 -208 236692
 -208 236692
 -208 229296
 -208 207024
 -52 207017
 -52 196428
 -52 176972
 -52 176909
 49 153038
 49 153038
 49 153038
 49 153009
 -126 153009
 -126 153009
 -126 138334
 -126 138242
 95 137183
 95 137183
 95 137183
 95 137183
 -81 148516
 -81 148527
 -81 163511
 -81 163511
 -329 162743
 -329 162707
 -329 162743
 -329 163511
 37 163511
 37 163877
 37 174885
 37 174885
 -78 184498
 -78 184520
 -78 196530
 -78 196530
 -157 192495
 -157 192495
 -157 196579
 -157 200345
 -103 200345
 -103 200345
 -103 200345
 -103 200429
 194 200429
 194 200429
 194 207938
 194 207980
 -23 214275
 -23 214377
 -23 229052
 -23 229052
 -324 219580
 -324 219580
 -324 229052
 -324 229052
 -33 224608
 -33 224607
 -33 224607
 -33 224608
 87 224608
 87 224608
 87 229335
 87 229344
 -38 234200
 -38 234202
 -38 262106
 -38 262106
 -157 239587
 -157 239587
 -157 261898
 -157 261898
 -118 245026
 -118 245002
 -118 245002
 -118 245026
 78 245026
 78 245026
 78 249806
 78 249812
 -8 254127
 -8 254200
 -8 261986
 -8 261986
 -30 258914
 -30 258900
 -30 258914
 -30 261986
 3 261986
 3 258914
 3 262212
 3 262275
 68 267395
 68 267395
 68 267455
 68 284996
 105 285036
 105 285036
 105 295145
 105 314026
 92 314089
 92 314089
 92 327900
 92 343259
 33 343260
 33 343260
 33 360481
 33 360489
 169 368417
 169 368417
 169 368444
 169 386345
 224 386372
 224 386372
 224 386372
 224 392316
 124 392316
 124 392316
 124 392316
 124 392252
 -82 392252
 -82 392316
 -82 393006
 -82 393006
 -65 385326
 -65 385326
 -65 373823
 -65 373769
 68 360033
 68 360004
 68 328073
 68 328073
 265 346761
 265 346864
 265 346864
 265 346761
 -75 346761
 -75 346761
 -75 334913
 -75 334901
 1 322573
 1 322561
 1 295070
 1 295070
 30 301726
 30 301726
 30 295070
 30 270281
 73 270281
 73 270281
 73 270210
 73 262345
 -83 262345
 -83 270210
 -83 261933
 -83 239149
 -102 239140
 -102 229146
 -102 209261
 -102 209178
 54 178870
 54 178870
 54 178822
 54 164022
 -163 164022
 -163 178822
 -163 163805
 -163 163704
 -136 154589
 -136 154589
 -136 163704
 -136 163704
 -44 139128
 -44 139118
 -44 136678
 -44 136678
 123 136678
 123 136660
 123 131228
 123 131228
 156 147722
 156 147722
 156 147722
 156 161948
 188 162022
 188 162022
 188 163842
 188 163900
 2 174396
 2 174396
 2 164039
 2 164039
 71 184066
 71 184078
 71 192199
 71 192233
 -115 199949
 -115 199949
 -115 199949
 -115 200022
 64 200022
 64 200022
 64 207490
 64 207552
 -33 213901
 -33 213983
 -33 229343
 -33 229343
 -11 219381
 -11 219301
 -11 219301
 -11 219381
 59 219381
 59 219301
 59 196795
 59 196795
 40 224187
 40 224187
 40 224229
 40 229276
 93 229288
 93 229288
 93 229469
 93 229558
 54 234054
 54 234054
 54 229558
 54 229558
 55 239286
 55 239314
 55 244279
 55 244332
 -165 249391
 -165 249391
 -165 249391
 -165 249435
 44 249435
 44 249435
 44 254124
 44 254140
 -65 258623
 -65 258623
 -65 258634
 -65 261951
 61 261951
 61 258634
 61 262186
 61 262205
 170 266557
 170 266557
 170 266600
 170 283434
 104 283456
 104 295016
 104 311834
 104 311912
 -54 341706
 -54 341706
 -54 341714
 -54 360394
 11 360394
 11 360459
 11 367371
 11 367478
 -171 386005
 -171 386008
 -171 393173
 -171 393624
 -104 393618
 -104 393618
 -104 393618
 -104 393618
 201 392649
 201 392621
 201 360649
 201 360649
 66 386498
 66 386498
 66 360643
 66 360643
 67 374979
 67 375006
 67 375006
 67 374979
 -17 374979
 -17 375006
 -17 375006
 -17 361327
 -160 361243
 -160 361243
 -160 360416
 -160 360281
 -39 347878
 -39 347872
 -39 335449
 -39 335444
 155 323138
 155 323138
 155 323138
 155 323099
 -59 323099
 -59 323138
 -59 323138
 -59 303173
 -8 303142
 -8 294904
 -8 272126
 -8 272120
 14 241083
 14 241083
 14 241038
 14 229518
 -119 229518
 -119 241038
 -119 229257
 -119 211098
 -129 211081
 -129 211081
 -129 196479
 -129 180863
 -85 180743
 -85 163627
 -85 155705
 -85 155691
 194 139842
 194 139824
 194 131489
 194 131489
 289 136582
 289 136609
 289 136609
 289 136609
 -118 146954
 -118 147032
 -118 163594
 -118 163594
 -73 161207
 -73 161207
 -73 163767
 -73 173507
 -61 173480
 -61 173507
 -61 196547
 -61 196547
 -11 183797
 -11 183760
 -11 183760
 -11 183797
 43 183797
 43 183760
 43 183760
 43 191877
 118 191915
 118 191915
 118 196726
 118 196737
 1 199788
 1 199798
 1 207233
 1 207244
 -19 213475
 -19 213475
 -19 213475
 -19 213485
 92 213485
 92 213475
 92 196828
 92 196828
 164 218844
 164 218875
 164 224140
 164 224164
 -190 228757
 -190 228802
 -190 229314
 -190 233791
 -193 233738
 -193 233791
 -193 261951
 -193 261951
 -160 239200
 -160 239184
 -160 239184
 -160 239200
 184 239200
 184 239184
 184 229560
 184 229560
 239 244664
 239 244710
 239 249660
 239 249711
 -118 254090
 -118 254115
 -118 261747
 -118 261747
 -269 258678
 -269 258678
 -269 261747
 -269 266301
 -195 266301
 -195 266301
 -195 266301
 -195 266310
 119 266310
 119 266301
 119 266310
 119 281867
 314 281975
 314 281975
 314 295226
 314 309562
 76 309569
 76 309569
 76 327756
 76 339532
 120 339572
 120 339572
 120 360543
 120 360696
 95 365529
 95 365560
 95 384584
 95 384607
 -48 393021
 -48 393021
 -48 393021
 -48 393021
 139 392587
 139 392583
 139 360587
 139 360587
 208 386606
 208 386606
 208 360528
 208 360528
 11 375552
 11 375563
 11 375563
 11 375552
 -25 375552
 -25 375552
 -25 362087
 -25 362022
 158 348414
 158 348318
 158 327838
 158 327838
 156 336261
 156 336284
 156 336261
 156 327836
 -187 327836
 -187 336261
 -187 327494
 -187 327493
 -186 324460
 -186 324460
 -186 324460
 -186 305222
 -75 305187
 -75 294709
 -75 274485
 -75 274465
 122 243194
 122 243145
 122 229626
 122 213152
 160 213229
 160 213229
 160 213152
 160 196768
 -126 196768
 -126 213152
 -126 196354
 -126 182787
 -53 182786
 -53 182786
 -53 163789
 -53 163659
 -51 157259
 -51 157222
 -51 140493
 -51 140466
 64 136163
 64 136128
 64 131305
 64 131305
 233 136128
 233 136128
 233 131305
 233 131305
 239 146087
 239 146087
 239 146087
 239 160329
 176 160367
 176 160367
 176 163888
 176 163933
 221 172848
 221 172879
 221 182877
 221 182880
 -98 191134
 -98 191210
 -98 196510
 -98 199266
 -30 199266
 -30 199266
 -30 199266
 -30 199266
 98 199266
 98 199266
 98 206895
 98 206946
 -286 213090
 -286 213090
 -286 213090
 -286 213099
 6 213099
 6 213090
 6 196857
 6 196857
 249 218628
 249 218628
 249 196964
 249 196964
 356 223735
 356 223735
 356 223735
 356 228654
 262 228708
 262 229766
 262 233606
 262 233625
 -79 238359
 -79 238385
 -79 261937
 -79 261937
 -99 243931
 -99 243869
 -99 243869
 -99 243931
 27 243931
 27 243931
 27 248987
 27 249019
 -27 253541
 -27 253541
 -27 253541
 -27 253544
 290 253544
 290 253541
 290 253544
 290 257954
 213 257997
 213 257997
 213 262305
 213 262357
 161 265429
 161 265429
 161 265445
 161 280737
 9 280793
 9 280793
 9 294921
 9 307721
 109 307823
 109 307823
 109 327917
 109 338061
 50 338157
 50 360626
 50 364466
 50 364466
 -16 384006
 -16 384006
 -16 384006
 -16 384112
 120 384112
 120 384006
 120 360696
 120 360696
 254 393015
 254 393086
 254 393086
 254 393015
 -110 393015
 -110 393086
 -110 393106
 -110 393106
 -98 387291
 -98 387291
 -98 393084
 -98 393084
 -4 376511
 -4 376511
 -4 376511
 -4 362876
 -96 362873
 -96 362873
 -96 360392
 -96 360352
 -56 349647
 -56 349600
 -56 337362
 -56 337352
 154 325367
 154 325274
 154 295323
 154 295323
 283 307087
 283 307087
 283 295323
 283 276576
 224 276576
 224 276576
 224 276499
 224 262240
 -16 262240
 -16 262000
 -16 244848
 -16 244815
 83 215253
 83 215253
 83 215251
 83 196819
 -37 196819
 -37 196571
 -37 184795
 -37 184745
 99 158435
 99 158428
 99 131299
 99 131299
 6 141190
 6 141190
 6 131206
 6 131206
 110 135938
 110 135938
 110 131182
 110 131182
 134 135938
 134 135938
 134 131078
 134 131078
 132 145158
 132 145165
 132 159236
 132 159279
 -33 172116
 -33 172116
 -33 172116
 -33 172127
 158 172127
 158 172127
 158 182174
 158 182208
 -29 190657
 -29 190657
 -29 190691
 -29 196579
 61 196579
 61 190691
 61 196669
 61 196835
 227 198717
 227 198717
 227 196835
 227 196835
 13 206503
 13 206503
 13 196749
 13 196749
 212 212877
 212 212877
 212 197018
 212 197018
 282 218196
 282 218196
 282 197018
 282 197018
 156 223386
 156 223386
 156 223482
 156 228252
 24 228303
 24 228303
 24 229471
 24 229528
 95 233112
 95 233112
 95 229570
 95 229570
 194 238398
 194 238398
 194 229621
 194 229621
 245 243613
 245 243613
 245 229810
 245 229810
 306 248716
 306 248716
 306 229810
 306 229810
 208 253362
 208 253362
 208 253384
 208 257708
 38 257744
 38 257744
 38 262227
 38 262310
 211 265119
 211 265119
 211 265119
 211 279635
 205 279645
 205 295117
 205 306381
 205 306426
 -9 336353
 -9 336353
 -9 336375
 -9 360439
 181 360439
 181 336375
 181 360461
 181 360629
 141 363151
 141 363151
 141 363151
 141 383501
 44 383505
 44 383505
 44 393365
 44 393388
 21 393388
 21 393388
 21 393388
 21 393365
 -47 393365
 -47 393169
 -47 388561
 -47 388514
 77 377933
 77 377891
 77 360634
 77 360634
 58 364214
 58 364214
 58 360634
 58 350637
 173 350673
 173 350637
 173 328182
 173 328182
 374 338132
 374 338132
 374 328182
 374 326389
 117 326389
 117 326289
 117 295190
 117 295190
 278 308502
 278 308552
 278 308502
 278 295190
 -99 295190
 -99 308502
 -99 294813
 -99 278695
 -1 278685
 -1 262143
 -1 247039
 -1 247039
 30 217246
 30 217246
 30 217223
 30 196766
 -138 196766
 -138 196470
 -138 186486
 -138 186406
 55 159927
 55 159927
 55 159927
 55 159911
 -92 159911
 -92 159911
 -92 142290
 -92 142244
 49 135993
 49 135993
 49 135993
 49 135993
 -32 144786
 -32 144786
 -32 144786
 -32 144864
 8 144864
 8 144864
 8 158728
 8 158827
 -21 171855
 -21 171883
 -21 196459
 -21 196459
 -4 182396
 -4 182380
 -4 182380
 -4 182396
 159 182396
 159 182380
 159 182380
 159 190623
 96 190636
 96 190636
 96 196778
 96 196832
 42 198551
 42 198551
 42 196778
 42 196778
 41 206231
 41 206250
 41 212777
 41 212837
 -163 218449
 -163 218461
 -163 229213
 -163 229213
 -88 223459
 -88 223400
 -88 223400
 -88 223459
 114 223459
 114 223400
 114 223459
 114 228119
 161 228210
 161 228210
 161 229409
 161 229595
 91 232733
 91 232733
 91 229799
 91 229799
 295 237787
 295 237799
 295 242855
 295 242942
 -39 248210
 -39 248210
 -39 248210
 -39 248281
 42 248281
 42 248210
 42 229560
 42 229560
 56 253098
 56 253098
 56 253121
 56 257464
 149 257520
 149 257520
 149 262165
 149 262217
 201 264469
 201 264494
 201 278345
 201 278391
 -17 304495
 -17 304495
 -17 304499
 -17 327535
 23 327535
 23 304499
 23 327831
 23 334999
 219 335063
 219 360667
 219 361691
 219 361717
 -43 382356
 -43 382421
 -43 393029
 -43 393029
 -59 392795
 -59 392773
 -59 392795
 -59 393029
 61 393029
 61 392795
 61 392795
 61 388573
 93 388573
 93 388498
 93 360669
 93 360669
 49 378370
 49 378417
 49 378417
 49 378370
 -49 378370
 -49 378417
 -49 378370
 -49 365021
 -177 365007
 -177 365007
 -177 360399
 -177 360232
 -216 351439
 -216 351439
 -216 351438
 -216 338806
 -106 338728
 -106 338728
 -106 327631
 -106 327446
 -177 326765
 -177 326765
 -177 326765
 -177 309992
 -72 309967
 -72 294840
 -72 280826
 -72 280760
 186 248634
 186 248578
 186 229434
 186 218689
 65 218718
 65 218718
 65 218689
 65 196673
 -78 196673
 -78 218689
 -78 196530
 -78 188347
 -134 188338
 -134 188338
 -134 163834
 -134 163823
 -145 161530
 -145 161439
 -145 143087
 -145 142988
 58 135866
 58 135855
 58 131270
 58 131270
 198 135855
 198 135855
 198 131270
 198 131270
 60 143814
 60 143848
 60 157853
 60 157884
 -6 171034
 -6 171130
 -6 196435
 -6 196435
 -45 181587
 -45 181571
 -45 181571
 -45 181587
 112 181587
 112 181571
 112 181571
 112 190215
 121 190320
 121 190320
 121 196724
 121 196857
 244 198339
 244 198339
 244 197046
 244 197046
 438 205832
 438 205832
 438 197046
 438 197046
 229 212361
 229 212361
 229 196837
 229 196837
 243 217757
 243 217757
 243 196852
 243 196852
 116 222981
 116 223091
 116 227812
 116 227828
 -138 232389
 -138 232389
 -138 232389
 -138 232438
 15 232438
 15 232389
 15 229519
 15 229519
 113 237711
 113 237711
 113 229489
 113 229489
 219 243250
 219 243250
 219 229681
 219 229681
 305 248328
 305 248328
 305 229776
 305 229776
 400 252977
 400 252977
 400 253011
 400 257424
 338 257434
 338 257434
 338 262231
 338 262482
 215 263947
 215 264018
 215 277079
 215 277118
 -54 302481
 -54 302481
 -54 302538
 -54 327626
 113 327626
 113 302538
 113 327921
 113 328091
 283 333010
 283 333010
 283 333010
 283 360091
 275 360100
 275 360100
 275 360535
 275 360723
 215 381459
 215 381459
 215 381541
 215 392535
 113 392537
 113 393329
 113 393329
 113 393329
 -12 393329
 -12 393986
 -12 393204
 -12 393089
 -255 389364
 -255 389364
 -255 393089
 -255 393089
 -75 379350
 -75 379265
 -75 365818
 -75 365749
 94 352478
 94 352399
 94 327902
 94 327902
 97 339722
 97 339722
 97 327840
 97 327840
 32 328096
 32 328096
 32 327840
 32 311767
 87 311767
 87 311761
 87 295127
 87 282882
 258 282965
 258 282882
 258 262402
 258 250470
 230 250470
 230 250423
 230 229478
 230 220611
 67 220657
 67 220657
 67 220611
 67 196803
 -46 196803
 -46 196434
 -46 190553
 -46 190546
 10 163175
 10 163082
 10 131136
 10 131136
 64 143936
 64 143936
 64 131257
 64 131257
 185 135846
 185 135846
 185 131257
 185 131257
 155 135846
 155 135846
 155 131289
 155 131289
 89 142733
 89 142733
 89 142733
 89 156610
 142 156633
 142 156633
 142 163847
 142 163854
 7 169998
 7 169998
 7 164011
 7 164011
 43 180743
 43 180743
 43 180851
 43 189355
 45 189434
 45 189434
 45 196774
 45 196781
 38 197033
 38 197033
 38 196774
 38 196774
 38 204946
 38 204966
 38 211735
 38 211750
 -17 217420
 -17 217420
 -17 217420
 -17 217455
 82 217455
 82 217455
 82 222674
 82 222715
 -96 227360
 -96 227360
 -96 227426
 -96 229152
 80 229152
 80 227426
 80 229402
 80 229456
 26 232228
 26 232228
 26 229521
 26 229521
 145 237338
 145 237338
 145 229763
 145 229763
 259 242321
 259 242321
 259 229763
 259 229763
 139 247683
 139 247683
 139 229528
 139 229528
 24 252683
 24 252698
 24 256920
 24 256959
 -45 263478
 -45 263478
 -45 263478
 -45 263507
 48 263507
 48 263478
 48 263478
 48 275881
 311 275888
 311 275888
 311 295351
 311 300471
 173 300476
 173 300476
 173 327725
 173 327835
 27 331053
 27 331053
 27 331094
 27 358806
 281 358811
 281 358811
 281 360524
 281 360729
 204 380441
 204 380505
 204 392268
 204 392274
 -8 394201
 -8 394201
 -8 394201
 -8 394201
 106 389994
 106 389890
 106 360637
 106 360637
 189 380093
 189 380093
 189 360644
 189 360644
 196 366788
 196 366788
 196 360644
 196 353203
 51 353274
 51 353274
 51 353274
 51 353203
 -54 353203
 -54 353274
 -54 360317
 -54 360317
 -3 340170
 -3 340170
 -3 340170
 -3 328573
 -95 328510
 -95 328510
 -95 327457
 -95 312901
 -138 312865
 -138 312865
 -138 294902
 -138 284662
 -3 284581
 -3 284581
 -3 262141
 -3 252157
 -100 252136
 -100 229148
 -100 222289
 -100 222236
 124 192124
 124 192124
 124 192124
 124 192027
 -88 192027
 -88 192124
 -88 192027
 -88 164264
 -70 164235
 -70 163770
 -70 145103
 -70 145082
 57 136377
 57 136325
 57 131304
 57 131304
 104 136325
 104 136325
 104 131312
 104 131312
 240 142568
 240 142581
 240 156118
 240 156144
 -73 169271
 -73 169271
 -73 169271
 -73 169303
 37 169303
 37 169271
 37 164013
 37 164013
 173 180005
 173 180070
 173 189063
 173 189101
 -118 196874
 -118 196874
 -118 196874
 -118 196908
 17 196908
 17 196908
 17 204561
 17 204561
 -73 211511
 -73 211578
 -73 229175
 -73 229175
 -116 217067
 -116 216972
 -116 216972
 -116 217067
 111 217067
 111 216972
 111 196943
 111 196943
 335 222447
 335 222447
 335 222456
 335 227340
 369 227407
 369 227407
 369 229541
 369 229745
 165 232031
 165 232049
 165 236965
 165 236993
 -58 242486
 -58 242502
 -58 261947
 -58 261947
 -69 247652
 -69 247652
 -69 261947
 -69 261947
 -76 252602
 -76 252596
 -76 252596
 -76 252602
 11 252602
 11 252596
 11 252602
 11 257035
 72 257054
 72 257054
 72 262198
 72 262344
 182 263112
 182 263112
 182 263115
 182 275254
 215 275314
 215 275314
 215 294999
 215 299076
 38 299095
 38 299095
 38 327846
 38 327928
 120 329638
 120 329638
 120 329661
 120 357559
 0 357624
 0 357624
 0 360476
 0 360576
 156 379776
 156 379776
 156 379882
 156 392476
 111 392493
 111 392493
 111 392493
 111 390282
 138 390376
 138 390282
 138 360586
 138 360586
 110 381240
 110 381240
 110 360841
 110 360841
 265 368009
 265 368106
 265 368009
 265 360841
 -74 360841
 -74 368009
 -74 360442
 -74 360246
 -134 354358
 -134 354358
 -134 360376
 -134 360376
 -72 341498
 -72 341498
 -72 341468
 -72 329656
 -59 329645
 -59 327493
 -59 314693
 -59 314692
 5 287131
 5 287131
 5 287109
 5 262277
 -143 262277
 -143 262129
 -143 254705
 -143 254652
 16 224693
 16 224656
 16 196752
 16 194092
 44 194107
 44 194107
 44 194107
 44 194092
 -215 194092
 -215 194107
 -215 194107
 -215 165803
 -66 165801
 -66 165801
 -66 163774
 -66 163646
 -194 145745
 -194 145745
 -194 163688
 -194 163688
 -24 141672
 -24 141650
 -24 141650
 -24 141672
 371 141672
 371 141650
 371 141650
 371 155320
 123 155379
 123 163963
 123 168991
 123 169083
 -164 180188
 -164 180188
 -164 180188
 -164 180213
 25 180213
 25 180213
 25 188953
 25 189033
 -29 196677
 -29 196707
 -29 229219
 -29 229219
 -135 204409
 -135 204394
 -135 204394
 -135 204409
 217 204409
 217 204394
 217 196825
 217 196825
 91 211368
 91 211368
 91 196798
 91 196798
 190 217142
 190 217142
 190 196854
 190 196854
 246 222351
 246 222351
 246 222351
 246 227304
 81 227318
 81 229585
 81 232078
 81 232145
 -23 236996
 -23 236996
 -23 236996
 -23 237033
 152 237033
 152 236996
 152 229484
 152 229484
 236 242200
 236 242200
 236 229550
 236 229550
 174 247376
 174 247376
 174 229859
 174 229859
 355 252053
 355 252053
 355 252053
 355 256657
 181 256739
 181 256739
 181 262284
 181 262325
 12 262570
 12 262581
 12 273804
 12 273913
 -71 297255
 -71 297255
 -71 297255
 -71 297273
 93 297273
 93 297255
 93 297255
 93 327424
 165 327517
 165 327517
 165 327717
 165 355365
 278 355401
 278 355401
 278 360581
 278 360854
 5 378774
 5 378774
 5 378778
 5 392069
 106 392108
 106 393450
 106 393450
 106 393450
 -58 393450
 -58 394886
 -58 393213
 -58 393158
 -131 391110
 -131 391042
 -131 381949
 -131 381919
 1 368700
 1 368700
 1 368641
 1 360449
 -35 360449
 -35 360413
 -35 355037
 -35 354957
 186 341946
 186 341946
 186 341946
 186 341902
 -80 341902
 -80 341946
 -80 341902
 -80 330288
 -207 330249
 -207 327601
 -207 315828
 -207 315825
 10 289460
 10 289460
 10 289418
 10 262282
 -192 262282
 -192 289418
 -192 262080
 -192 256738
 -88 256704
 -88 256704
 -88 229288
 -88 226232
 -57 226216
 -57 196551
 -57 196045
 -57 196039
 179 167347
 179 167325
 179 164019
 179 146755
 451 146811
 451 146755
 451 131395
 451 131395
 157 136477
 157 136548
 157 136548
 157 136548
 -54 140952
 -54 141002
 -54 163702
 -54 163702
 -10 154238
 -10 154238
 -10 163702
 -10 167952
 -112 167952
 -112 167952
 -112 167952
 -112 167972
 24 167972
 24 167972
 24 179335
 24 179352
 -132 188301
 -132 188301
 -132 188301
 -132 188412
 298 188412
 298 188301
 298 188301
 298 196265
 340 196266
 340 196266
 340 196628
 340 197076
 148 203988
 148 203988
 148 196768
 148 196768
 160 210964
 160 210964
 160 196768
 160 196768
 202 216724
 202 216724
 202 196697
 202 196697
 217 221982
 217 221982
 217 221982
 217 226883
 135 226905
 135 226905
 135 229383
 135 229633
 257 231687
 257 231687
 257 229633
 257 229633
 80 236545
 80 236545
 80 229483
 80 229483
 107 241967
 107 242000
 107 247134
 107 247147
 -98 251806
 -98 251816
 -98 262005
 -98 262005
 -11 256373
 -11 256333
 -11 256373
 -11 262005
 70 262005
 70 262157
 70 262214
 70 262214
 -26 272998
 -26 272998
 -26 273013
 -26 294758
 202 294758
 202 273013
 202 294986
 202 295236
 289 295242
 289 295242
 289 295329
 289 325537
 145 325621
 145 327825
 145 353681
 145 353778
 -13 377038
 -13 377038
 -13 377038
 -13 377075
 92 377075
 92 377038
 92 377038
 92 391109
 273 391132
 273 391132
 273 391109
 273 391377
 209 391377
 209 391305
 209 360657
 209 360657
 69 382405
 69 382405
 69 360645
 69 360645
 19 369555
 19 369555
 19 360595
 19 355691
 107 355691
 107 355683
 107 327787
 107 327787
 44 342828
 44 342855
 44 342855
 44 342828
 -165 342828
 -165 342828
 -165 331099
 -165 331076
 115 317043
 115 316953
 115 295027
 115 290946
 130 291017
 130 290946
 130 262274
 130 258512
 80 258512
 80 258440
 80 229584
 80 228034
 66 228062
 66 228034
 66 196802
 66 196802
 137 197761
 137 197761
 137 196745
 137 168872
 168 168872
 168 168865
 168 164008
 168 148217
 121 148217
 121 148217
 121 148217
 121 148154
 -83 148154
 -83 148217
 -83 163757
 -83 163757
 -74 140228
 -74 140214
 -74 140214
 -74 140228
 103 140228
 103 140214
 103 140228
 103 153447
 163 153462
 163 153462
 163 163875
 163 164002
 162 167452
 162 167452
 162 164088
 162 164088
 120 178574
 120 178574
 120 164088
 120 164088
 91 187543
 91 187640
 91 195617
 91 195675
 -74 203190
 -74 203216
 -74 229302
 -74 229302
 -70 210106
 -70 210095
 -70 210095
 -70 210106
 149 210106
 149 210095
 149 196651
 149 196651
 171 215829
 171 215829
 171 196713
 171 196713
 233 221444
 233 221444
 233 221444
 233 226409
 321 226417
 321 226417
 321 229825
 321 229829
 325 231090
 325 231090
 325 229829
 325 229829
 156 236229
 156 236281
 156 241691
 156 241692
 -127 246657
 -127 246753
 -127 262005
 -127 262005
 -11 251509
 -11 251466
 -11 251466
 -11 251509
 107 251509
 107 251466
 107 229611
 107 229611
 17 255705
 17 255705
 17 255705
 17 261137
 41 261158
 41 262185
 41 271626
 41 271657
 -2 293076
 -2 293076
 -2 293118
 -2 294910
 110 294910
 110 295022
 110 323368
 110 323438
 -4 351945
 -4 351945
 -4 351996
 -4 360444
 90 360444
 90 351996
 90 360472
 90 360538
 152 375642
 152 375642
 152 375678
 152 390424
 253 390509
 253 390509
 253 390509
 253 391444
 20 391514
 20 391514
 20 391514
 20 391444
 -184 391444
 -184 391514
 -184 392963
 -184 392963
 -253 383223
 -253 383176
 -253 370510
 -253 370435
 166 356687
 166 356646
 166 327718
 166 327718
 166 343823
 166 343846
 166 343846
 166 343823
 -41 343823
 -41 343823
 -41 331991
 -41 331960
 173 318289
 173 318253
 173 294957
 173 293244
 124 293244
 124 293244
 124 293227
 124 262268
 -116 262268
 -116 293227
 -116 262055
 -116 262028
 -89 260492
 -89 260492
 -89 260488
 -89 230114
 -250 230055
 -250 230055
 -250 229126
 -250 200047
 -28 199942
 -28 199942
 -28 196580
 -28 170980
 -28 170923
 -28 170923
 -28 163838
 -28 163812
 -2 148964
 -2 148883
 -2 136958
 -2 136958
 431 136958
 431 136952
 431 131492
 431 131492
 292 139536
 292 139536
 292 139536
 292 152484
 265 152558
 265 152558
 265 163938
 265 164233
 226 166025
 226 166025
 226 163938
 226 163938
 64 177762
 64 177762
 64 163933
 64 163933
 221 186944
 221 186944
 221 186991
 221 194850
 121 194909
 121 194909
 121 196722
 121 196857
 114 202929
 114 202929
 114 196781
 114 196781
 173 209945
 173 210034
 173 215725
 173 215727
 -257 221060
 -257 221183
 -257 229119
 -257 229119
 -34 226142
 -34 226118
 -34 226142
 -34 229214
 240 229214
 240 226142
 240 229514
 240 229616
 138 230892
 138 230892
 138 229593
 138 229593
 89 235914
 89 235914
 89 229593
 89 229593
 32 241086
 32 241086
 32 229539
 32 229539
 35 246165
 35 246165
 35 229539
 35 229539
 160 251284
 160 251299
 160 255648
 160 255724
 -4 261268
 -4 261268
 -4 261372
 -4 262140
 74 262140
 74 261372
 74 262214
 74 262218
 198 271178
 198 271178
 198 271179
 198 291891
 217 291910
 217 291910
 217 295001
 217 321625
 76 321633
 76 321633
 76 327756
 76 350284
 375 350327
 375 350327
 375 360930
 375 360951
 354 374253
 354 374253
 354 374253
 354 389844
 22 389858
 22 393366
 22 393366
 22 393366
 -139 393366
 -139 394134
 -139 393205
 -139 393041
 -47 391413
 -47 391356
 -47 383569
 -47 383552
 59 371059
 59 371003
 59 360507
 59 357326
 206 357349
 206 357326
 206 327886
 206 327886
 158 344350
 158 344350
 158 327838
 158 327838
 30 332419
 30 332419
 30 327838
 30 319212
 108 319212
 108 319212
 108 319146
 108 295148
 -309 295148
 -309 319146
 -309 294885
 -309 294859
 -117 294795
 -117 294795
 -117 262606
 -117 262539
 135 231987
 135 231943
 135 229383
 135 201472
 0 201573
 0 201472
 0 196608
 0 172027
 123 172027
 123 172027
 123 171961
 123 164091
 -50 164091
 -50 171961
 -50 163708
 -50 163662
 -4 149838
 -4 149785
 -4 137340
 -4 137340
 75 137340
 75 137340
 75 138920
 75 138955
 -4 151561
 -4 151561
 -4 151676
 -4 163708
 204 163708
 204 151676
 204 163916
 204 164064
 96 165423
 96 165452
 96 177120
 96 177148
 -42 186576
 -42 186576
 -42 186576
 -42 186582
 74 186582
 74 186582
 74 194612
 74 194634
 -92 202404
 -92 202404
 -92 202404
 -92 202433
 12 202433
 12 202433
 12 209420
 12 209489
 -53 215371
 -53 215418
 -53 229024
 -53 229024
 -352 220847
 -352 220832
 -352 220832
 -352 220847
 38 220847
 38 220832
 38 220847
 38 225830
 364 225874
 364 225874
 364 229427
 364 229868
 51 230620
 51 230620
 51 229444
 51 229444
 68 235559
 68 235559
 68 229444
 68 229444
 65 240708
 65 240708
 65 229597
 65 229597
 93 245825
 93 245841
 93 250756
 93 250845
 -248 255496
 -248 255496
 -248 255496
 -248 255502
 46 255502
 46 255496
 46 255502
 46 260270
 248 260317
 248 260317
 248 262184
 248 262264
 40 269844
 40 269944
 40 289832
 40 289879
 -65 319807
 -65 319807
 -65 319818
 -65 327487
 3 327487
 3 319818
 3 327811
 3 348803
 66 348917
 66 348917
 66 360583
 66 360642
 135 373442
 135 373442
 135 373456
 135 389511
 240 389576
 240 389576
 240 389576
 240 392377
 185 392377
 185 392377
 185 392377
 185 392374
 -115 392374
 -115 392377
 -115 393074
 -115 393074
 -142 384757
 -142 384757
 -142 384757
 -142 372338
 -132 372285
 -132 372285
 -132 360316
 -132 360247
 -201 358524
 -201 358448
 -201 345214
 -201 345143
 70 333126
 70 333081
 70 327750
 70 320150
 150 320157
 150 320150
 150 295062
 150 295062
 41 296745
 41 296745
 41 294953
 41 264285
 93 264285
 93 264236
 93 262237
 93 233360
 144 233400
 144 233360
 144 229520
 144 203397
 5 203476
 5 203397
 5 196741
 5 173987
 163 173987
 163 173987
 163 173975
 163 164003
 -280 164003
 -280 173975
 -280 163686
 -280 163560
 -26 151272
 -26 151182
 -26 137574
 -26 137574
 159 137574
 159 137557
 159 131291
 159 131291
 219 138143
 219 138143
 219 138192
 219 150656
 19 150747
 19 163987
 19 164499
 19 164512
 -179 176461
 -179 176475
 -179 196378
 -179 196378
 -102 185953
 -102 185953
 -102 196378
 -102 196378
 -40 194136
 -40 194136
 -40 196440
 -40 201801
 -183 201801
 -183 201801
 -183 201801
 -183 201835
 148 201835
 148 201801
 148 196981
 148 196981
 373 208916
 373 208916
 373 196981
 373 196981
 327 215044
 327 215044
 327 196935
 327 196935
 84 220214
 84 220231
 84 225198
 84 225236
 -333 229909
 -333 229939
 -333 261683
 -333 261683
 -73 235122
 -73 235063
 -73 235063
 -73 235122
 121 235122
 121 235063
 121 229625
 121 229625
 112 240553
 112 240553
 112 229616
 112 229616
 134 245656
 134 245656
 134 229510
 134 229510
 124 250502
 124 250502
 124 229530
 124 229530
 26 254835
 26 254844
 26 259994
 26 260050
 -146 269400
 -146 269400
 -146 269400
 -146 269422
 96 269422
 96 269400
 96 269400
 96 288287
 293 288352
 293 288352
 293 295205
 293 317733
 9 317744
 9 317744
 9 327689
 9 346889
 144 346944
 144 346944
 144 360464
 144 360563
 243 371728
 243 371809
 243 388678
 243 388723
 -133 394681
 -133 394681
 -133 394681
 -133 394681
 117 392949
 117 392904
 117 360693
 117 360693
 62 385319
 62 385319
 62 360510
 62 360510
 146 373006
 146 373006
 146 360466
 146 359098
 186 359118
 186 359098
 186 327871
 186 327871
 191 346015
 191 346015
 191 327998
 191 327998
 318 334142
 318 334142
 318 327998
 318 321501
 221 321513
 221 321501
 221 295133
 221 295133
 62 299021
 62 299070
 62 299021
 62 294974
 -50 294974
 -50 299021
 -50 294862
 -50 266958
 -50 294862
 -50 266958
 -50 266925
 -204 8388532
 -204 262068
 -204 235700
 -204 235762
