 -182 8355786
 -182 32714
 -182 28618
 -182 28671
 -142 8355698
 -142 32626
 -142 28530
 -142 28471
 -255 8355585
 -255 32513
 -255 27905
 -255 27978
 -15 8355697
 -15 32625
 -15 27761
 -15 27677
 -72 8355768
 -72 32696
 -72 27576
 -72 27622
 -54 8355658
 -54 32586
 -54 27466
 -54 27477
 -375 8355337
 -375 32265
 -375 27145
 -375 27228
 -63 8355649
 -63 32577
 -63 26945
 -63 26895
 -64 8355648
 -64 32576
 -64 26432
 -64 26410
 -17 8355823
 -17 32751
 -17 26351
 -17 26326
 23 23
 23 23
 23 26391
 23 26426
 -133 8355835
 -133 32763
 -133 26875
 -133 26769
 -37 8355803
 -37 32731
 -37 27099
 -37 27134
 266 266
 266 266
 266 27402
 266 27455
 183 183
 183 183
 183 27575
 183 27552
 2 2
 2 2
 2 27650
 2 27733
 78 206
 78 206
 78 28110
 78 28078
 -4 8355708
 -4 32636
 -4 28540
 -4 28469
 111 239
 111 239
 111 28655
 111 28609
 71 71
 71 71
 71 28999
 71 29036
 132 4
 132 4
 132 29700
 132 29697
 -1 8355711
 -1 32639
 -1 29823
 -1 29764
 3 3
 3 3
 3 29699
 3 29740
 102 102
 102 102
 102 29798
 102 29710
 -196 8355772
 -196 32700
 -196 29628
 -196 29651
 157 29
 157 29
 157 29981
 157 30002
 101 101
 101 101
 101 30565
 101 30547
 138 138
 138 138
 138 30858
 138 30933
 -35 8355805
 -35 32733
 -35 31197
 -35 31190
 135 7
 135 7
 135 31239
 135 31286
 169 41
 169 41
 169 31273
 169 31277
 -324 8355388
 -324 32316
 -324 31036
 -324 31046
 -115 8355597
 -115 32525
 -115 30733
 -115 30819
 25 153
 25 153
 25 30361
 25 30448
 29 157
 29 157
 29 30109
 29 30202
 -204 8355764
 -204 32692
 -204 29876
 -204 29919
 -23 8355817
 -23 32745
 -23 29673
 -23 29574
 111 111
 111 111
 111 29551
 111 29484
 262 390
 262 390
 262 29062
 262 29156
 105 233
 105 233
 105 28905
 105 28848
 -105 8355607
 -105 32535
 -105 28695
 -105 28769
 -57 8355655
 -57 32583
 -57 28743
 -57 28794
 -87 8355753
 -87 32681
 -87 28329
 -87 28405
 -118 8355722
 -118 32650
 -118 28042
 -118 28032
 -29 8355683
 -29 32611
 -29 27747
 -29 27714
 12 12
 12 12
 12 27148
 12 27217
 -111 8355729
 -111 32657
 -111 26513
 -111 26517
 227 227
 227 227
 227 26339
 227 26308
 126 126
 126 126
 126 26494
 126 26432
 191 63
 191 63
 191 26943
 191 26904
 -96 8355616
 -96 32544
 -96 27168
 -96 27215
 -105 8355735
 -105 32663
 -105 27287
 -105 27334
 187 187
 187 187
 187 27835
 187 27789
 195 67
 195 67
 195 28227
 195 28210
 94 222
 94 222
 94 28382
 94 28372
 -23 8355689
 -23 32617
 -23 28265
 -23 28183
 5 133
 5 133
 5 28549
 5 28640
 -123 8355717
 -123 32645
 -123 29061
 -123 29122
 25 25
 25 25
 25 29465
 25 29519
 -155 8355685
 -155 32613
 -155 29541
 -155 29493
 -129 8355839
 -129 32767
 -129 29695
 -129 29578
 -89 8355751
 -89 32679
 -89 29863
 -89 29926
 48 48
 48 48
 48 30000
 48 29967
 -84 8355756
 -84 32684
 -84 29868
 -84 29905
 -104 8355736
 -104 32664
 -104 30104
 -104 30192
 -84 8355628
 -84 32556
 -84 31020
 -84 31031
 54 54
 54 54
 54 31542
 54 31557
 26 26
 26 26
 26 31514
 26 31602
 9 9
 9 9
 9 31497
 9 31516
 45 173
 45 173
 45 31149
 45 31221
 138 138
 138 138
 138 30602
 138 30719
 5 5
 5 5
 5 30469
 5 30499
 17 145
 17 145
 17 30097
 17 30137
 134 6
 134 6
 134 29702
 134 29776
 -60 8355652
 -60 32580
 -60 29764
 -60 29696
 -208 8355632
 -208 32560
 -208 29488
 -208 29491
 16 144
 16 144
 16 29072
 16 29181
 79 207
 79 207
 79 28879
 79 28857
 267 395
 267 395
 267 28555
 267 28629
 -203 8355765
 -203 32693
 -203 28597
 -203 28625
 -204 8355764
 -204 32692
 -204 28596
 -204 28654
 -272 8355440
 -272 32368
 -272 28528
 -272 28530
 -17 8355695
 -17 32623
 -17 28271
 -17 28199
 -43 8355797
 -43 32725
 -43 27861
 -43 27838
 -88 8355624
 -88 32552
 -88 27432
 -88 27517
 -127 8355713
 -127 32641
 -127 27009
 -127 27086
 -122 8355590
 -122 32518
 -122 26886
 -122 26922
 79 79
 79 79
 79 26959
 79 26898
 -92 8355620
 -92 32548
 -92 26916
 -92 26975
 -82 8355630
 -82 32558
 -82 27182
 -82 27208
 -138 8355830
 -138 32758
 -138 27638
 -138 27578
 12 140
 12 140
 12 27788
 12 27822
 193 65
 193 65
 193 27969
 193 27959
 -99 8355741
 -99 32669
 -99 28061
 -99 28140
 -165 8355675
 -165 32603
 -165 28251
 -165 28222
 -137 8355831
 -137 32759
 -137 28663
 -137 28578
 36 164
 36 164
 36 28836
 36 28908
 -2 8355838
 -2 32766
 -2 29438
 -2 29378
 -139 8355829
 -139 32757
 -139 29685
 -139 29688
 -297 8355543
 -297 32471
 -297 29655
 -297 29648
 -62 8355778
 -62 32706
 -62 29634
 -62 29680
 14 142
 14 142
 14 30094
 14 30178
 85 85
 85 85
 85 30293
 85 30317
 -126 8355586
 -126 32514
 -126 30722
 -126 30796
 -23 8355689
 -23 32617
 -23 31337
 -23 31269
 83 83
 83 83
 83 31571
 83 31567
 132 4
 132 4
 132 31236
 132 31238
 101 101
 101 101
 101 31077
 101 31054
 -46 8355666
 -46 32594
 -46 31058
 -46 31041
 44 44
 44 44
 44 31020
 44 31009
 -211 8355629
 -211 32557
 -211 31021
 -211 30999
 -163 8355805
 -163 32733
 -163 30685
 -163 30686
 -8 8355704
 -8 32632
 -8 30328
 -8 30261
 162 162
 162 162
 162 29858
 162 29902
 -166 8355802
 -166 32730
 -166 29658
 -166 29573
 -22 8355818
 -22 32746
 -22 29418
 -22 29360
 -144 8355824
 -144 32752
 -144 29168
 -144 29057
 -242 8355598
 -242 32526
 -242 28942
 -242 28966
 -305 8355535
 -305 32463
 -305 28623
 -305 28596
 -190 8355778
 -190 32706
 -190 28354
 -190 28289
 23 23
 23 23
 23 27927
 23 27937
 -59 8355781
 -59 32709
 -59 27845
 -59 27840
 64 192
 64 192
 64 27840
 64 27805
 -303 8355409
 -303 32337
 -303 27473
 -303 27398
 -199 8355769
 -199 32697
 -199 26809
 -199 26767
 -2 8355838
 -2 32766
 -2 26622
 -2 26611
 -21 8355819
 -21 32747
 -21 26603
 -21 26590
 -151 8355689
 -151 32617
 -151 26729
 -151 26639
 -33 8355807
 -33 32735
 -33 27103
 -33 27105
 42 42
 42 42
 42 27434
 42 27494
 196 196
 196 196
 196 27588
 196 27552
 -34 8355678
 -34 32606
 -34 27742
 -34 27656
 -281 8355559
 -281 32487
 -281 27879
 -281 27895
 -211 8355757
 -211 32685
 -211 28333
 -211 28315
 -185 8355655
 -185 32583
 -185 28487
 -185 28534
 -94 8355746
 -94 32674
 -94 28834
 -94 28891
 0 128
 0 128
 0 28800
 0 28921
 246 118
 246 118
 246 29046
 246 28983
 -83 8355629
 -83 32557
 -83 29485
 -83 29533
 -156 8355684
 -156 32612
 -156 29796
 -156 29706
 2 2
 2 2
 2 29698
 2 29708
 18 18
 18 18
 18 29714
 18 29759
 64 64
 64 64
 64 29760
 64 29724
 -164 8355804
 -164 32732
 -164 29916
 -164 29914
 -102 8355610
 -102 32538
 -102 30490
 -102 30506
 -22 8355690
 -22 32618
 -22 31082
 -22 31003
 0 128
 0 128
 0 30848
 0 30917
 -173 8355667
 -173 32595
 -173 30547
 -173 30497
 104 104
 104 104
 104 30312
 104 30284
 99 227
 99 227
 99 30179
 99 30194
 87 215
 87 215
 87 29911
 87 29835
 -23 8355817
 -23 32745
 -23 29417
 -23 29385
 31 159
 31 159
 31 29087
 31 29142
 103 103
 103 103
 103 28775
 103 28772
 -231 8355609
 -231 32537
 -231 28441
 -231 28485
 12 12
 12 12
 12 27916
 12 28013
 -19 8355821
 -19 32749
 -19 27885
 -19 27903
 -13 8355699
 -13 32627
 -13 28019
 -13 27929
 -68 8355772
 -68 32700
 -68 27580
 -68 27605
 -287 8355425
 -287 32353
 -287 27233
 -287 27181
 -56 8355656
 -56 32584
 -56 26952
 -56 26934
 177 49
 177 49
 177 26673
 177 26636
 -21 8355819
 -21 32747
 -21 26347
 -21 26266
 -85 8355627
 -85 32555
 -85 25899
 -85 25946
 113 241
 113 241
 113 25585
 113 25552
 27 155
 27 155
 27 25499
 27 25594
 -225 8355615
 -225 32543
 -225 25631
 -225 25601
 -124 8355716
 -124 32644
 -124 25732
 -124 25779
 79 79
 79 79
 79 26191
 79 26175
 66 66
 66 66
 66 26434
 66 26417
 258 258
 258 258
 258 26626
 258 26645
 -81 8355759
 -81 32687
 -81 26799
 -81 26757
 -152 8355816
 -152 32744
 -152 27112
 -152 27087
 53 53
 53 53
 53 27445
 53 27512
 -157 8355811
 -157 32739
 -157 27619
 -157 27531
 -51 8355661
 -51 32589
 -51 27725
 -51 27745
 -39 8355801
 -39 32729
 -39 28121
 -39 28137
 -182 8355658
 -182 32586
 -182 28234
 -182 28179
 -105 8355735
 -105 32663
 -105 28311
 -105 28402
 -55 8355785
 -55 32713
 -55 28617
 -55 28562
 -94 8355618
 -94 32546
 -94 28450
 -94 28503
 -63 8355777
 -63 32705
 -63 28865
 -63 28884
 78 78
 78 78
 78 29518
 78 29483
 -42 8355798
 -42 32726
 -42 29910
 -42 29876
 43 171
 43 171
 43 29867
 43 29949
 217 89
 217 89
 217 30297
 217 30299
 -103 8355609
 -103 32537
 -103 29977
 -103 30054
 -131 8355837
 -131 32765
 -131 29693
 -131 29607
 50 178
 50 178
 50 29618
 50 29589
 -42 8355798
 -42 32726
 -42 29398
 -42 29343
 -52 8355788
 -52 32716
 -52 28876
 -52 28845
 -227 8355613
 -227 32541
 -227 28445
 -227 28419
 -241 8355599
 -241 32527
 -241 27919
 -241 27916
 -329 8355383
 -329 32311
 -329 27447
 -329 27435
 -121 8355719
 -121 32647
 -121 27015
 -121 27130
 -152 8355816
 -152 32744
 -152 26856
 -152 26796
 -208 8355760
 -208 32688
 -208 26800
 -208 26795
 -68 8355772
 -68 32700
 -68 26812
 -68 26817
 -79 8355761
 -79 32689
 -79 26801
 -79 26824
 -3 8355837
 -3 32765
 -3 27133
 -3 27086
 106 106
 106 106
 106 26474
 106 26490
 163 163
 163 163
 163 26019
 163 26024
 79 79
 79 79
 79 25679
 79 25707
 109 237
 109 237
 109 25581
 109 25489
 31 159
 31 159
 31 25247
 31 25253
 62 62
 62 62
 62 25406
 62 25345
 -47 8355793
 -47 32721
 -47 25809
 -47 25740
 -164 8355676
 -164 32604
 -164 25948
 -164 25918
 7 7
 7 7
 7 26119
 7 26153
 95 95
 95 95
 95 26463
 95 26395
 132 132
 132 132
 132 26500
 132 26525
 -41 8355799
 -41 32727
 -41 26839
 -41 26793
 191 63
 191 63
 191 27199
 191 27255
 -1 8355711
 -1 32639
 -1 27519
 -1 27464
 95 95
 95 95
 95 27743
 95 27669
 109 109
 109 109
 109 28013
 109 27909
 -18 8355694
 -18 32622
 -18 28014
 -18 28011
 -53 8355659
 -53 32587
 -53 28235
 -53 28192
 -86 8355754
 -86 32682
 -86 28330
 -86 28389
 2 2
 2 2
 2 28418
 2 28540
 -268 8355572
 -268 32500
 -268 28916
 -268 28840
 -100 8355740
 -100 32668
 -100 29084
 -100 29134
 -31 8355809
 -31 32737
 -31 29665
 -31 29603
 -60 8355780
 -60 32708
 -60 29636
 -60 29688
 91 91
 91 91
 91 30043
 91 30056
 141 13
 141 13
 141 29709
 141 29710
 -58 8355654
 -58 32582
 -58 29510
 -58 29504
 -57 8355655
 -57 32583
 -57 29511
 -57 29464
 148 148
 148 148
 148 29076
 148 29086
 89 89
 89 89
 89 28761
 89 28691
 -69 8355771
 -69 32699
 -69 28091
 -69 28144
 -134 8355706
 -134 32634
 -134 28026
 -134 27910
 11 139
 11 139
 11 27787
 11 27820
 20 20
 20 20
 20 27668
 20 27728
 -52 8355788
 -52 32716
 -52 27596
 -52 27536
 -176 8355664
 -176 32592
 -176 27472
 -176 27504
 -68 8355772
 -68 32700
 -68 27580
 -68 27542
 64 192
 64 192
 64 27584
 64 27574
 67 195
 67 195
 67 27331
 67 27384
 -209 8355759
 -209 32687
 -209 27055
 -209 27120
 -48 8355664
 -48 32592
 -48 26960
 -48 26968
 -22 8355818
 -22 32746
 -22 26602
 -22 26544
 -58 8355782
 -58 32710
 -58 26054
 -58 26090
 216 88
 216 88
 216 25944
 216 25891
 -101 8355739
 -101 32667
 -101 26011
 -101 25996
 -73 8355767
 -73 32695
 -73 26295
 -73 26350
 95 223
 95 223
 95 26591
 95 26565
 48 176
 48 176
 48 26800
 48 26761
 86 214
 86 214
 86 27350
 86 27332
 219 91
 219 91
 219 27739
 219 27716
 -19 8355821
 -19 32749
 -19 28141
 -19 28052
 -230 8355738
 -230 32666
 -230 28314
 -230 28341
 -3 8355837
 -3 32765
 -3 28669
 -3 28558
 144 144
 144 144
 144 28560
 144 28600
 153 153
 153 153
 153 28569
 153 28666
 -99 8355613
 -99 32541
 -99 28957
 -99 28948
 -143 8355825
 -143 32753
 -143 29169
 -143 29075
 -94 8355746
 -94 32674
 -94 29090
 -94 29065
 -10 8355830
 -10 32758
 -10 29174
 -10 29075
 -32 8355808
 -32 32736
 -32 29408
 -32 29327
 -117 8355723
 -117 32651
 -117 29579
 -117 29645
 -86 8355754
 -86 32682
 -86 29866
 -86 29939
 57 57
 57 57
 57 30265
 57 30329
 21 21
 21 21
 21 30741
 21 30746
 1 129
 1 129
 1 30849
 1 30914
 -117 8355595
 -117 32523
 -117 30731
 -117 30721
 -175 8355665
 -175 32593
 -175 30289
 -175 30327
 -18 8355822
 -18 32750
 -18 29934
 -18 29876
 -61 8355651
 -61 32579
 -61 29763
 -61 29813
 -34 8355806
 -34 32734
 -34 29662
 -34 29659
 -181 8355659
 -181 32587
 -181 29259
 -181 29266
 -20 8355692
 -20 32620
 -20 29036
 -20 29055
 129 129
 129 129
 129 28801
 129 28855
 264 264
 264 264
 264 28680
 264 28774
 12 140
 12 140
 12 28812
 12 28860
 -74 8355766
 -74 32694
 -74 28342
 -74 28334
 192 64
 192 64
 192 27968
 192 28025
 84 212
 84 212
 84 27860
 84 27780
 152 24
 152 24
 152 27672
 152 27694
 -39 8355801
 -39 32729
 -39 27609
 -39 27564
 -23 8355689
 -23 32617
 -23 26985
 -23 26890
 -55 8355657
 -55 32585
 -55 26441
 -55 26388
 28 156
 28 156
 28 26268
 28 26265
 28 28
 28 28
 28 26396
 28 26473
 12 12
 12 12
 12 26892
 12 26974
 -80 8355760
 -80 32688
 -80 27312
 -80 27306
 -43 8355669
 -43 32597
 -43 27733
 -43 27658
 107 107
 107 107
 107 28267
 107 28211
 -79 8355633
 -79 32561
 -79 28209
 -79 28233
 55 55
 55 55
 55 28215
 55 28252
 -199 8355769
 -199 32697
 -199 28345
 -199 28369
 -55 8355657
 -55 32585
 -55 28745
 -55 28756
 87 215
 87 215
 87 28887
 87 28882
 118 118
 118 118
 118 29302
 118 29193
 -72 8355768
 -72 32696
 -72 29368
 -72 29404
 -155 8355685
 -155 32613
 -155 29541
 -155 29518
 -2 8355838
 -2 32766
 -2 29694
 -2 29632
 175 175
 175 175
 175 29871
 175 29847
 258 386
 258 386
 258 30082
 258 30093
 -241 8355727
 -241 32655
 -241 30607
 -241 30642
 -78 8355634
 -78 32562
 -78 31282
 -78 31309
 14 14
 14 14
 14 31758
 14 31785
 267 395
 267 395
 267 31627
 267 31660
 -36 8355804
 -36 32732
 -36 31708
 -36 31721
 104 104
 104 104
 104 31592
 104 31606
 76 204
 76 204
 76 31436
 76 31400
 -2 8355710
 -2 32638
 -2 31358
 -2 31337
 -41 8355799
 -41 32727
 -41 31191
 -41 31121
 -130 8355838
 -130 32766
 -130 30718
 -130 30704
 -83 8355629
 -83 32557
 -83 30253
 -83 30233
 101 101
 101 101
 101 29541
 101 29518
 -18 8355694
 -18 32622
 -18 29294
 -18 29299
 -29 8355683
 -29 32611
 -29 29283
 -29 29298
 167 39
 167 39
 167 28967
 167 29021
 -5 8355707
 -5 32635
 -5 28795
 -5 28687
 -65 8355775
 -65 32703
 -65 28607
 -65 28620
 -89 8355623
 -89 32551
 -89 28455
 -89 28463
 183 55
 183 55
 183 28215
 183 28214
 190 190
 190 190
 190 27838
 190 27780
 -132 8355708
 -132 32636
 -132 27260
 -132 27218
 106 234
 106 234
 106 27114
 106 27017
 120 248
 120 248
 120 26872
 120 26836
 335 463
 335 463
 335 26831
 335 26767
 59 59
 59 59
 59 27195
 59 27172
 250 250
 250 250
 250 27642
 250 27561
 173 173
 173 173
 173 28077
 173 28098
 198 70
 198 70
 198 28230
 198 28275
 28 156
 28 156
 28 28316
 28 28307
 -185 8355655
 -185 32583
 -185 28743
 -185 28754
 -132 8355708
 -132 32636
 -132 29052
 -132 29035
 -368 8355344
 -368 32272
 -368 29200
 -368 29257
 -125 8355715
 -125 32643
 -125 29315
 -125 29426
 -114 8355598
 -114 32526
 -114 29710
 -114 29732
 15 143
 15 143
 15 29839
 15 29834
 -268 8355444
 -268 32372
 -268 30324
 -268 30333
 -103 8355609
 -103 32537
 -103 30745
 -103 30764
 -56 8355656
 -56 32584
 -56 31048
 -56 31088
 -83 8355757
 -83 32685
 -83 30893
 -83 30923
 30 158
 30 158
 30 30878
 30 30934
 -47 8355665
 -47 32593
 -47 31313
 -47 31293
 120 248
 120 248
 120 31736
 120 31624
 14 142
 14 142
 14 31886
 14 31929
 -115 8355725
 -115 32653
 -115 31885
 -115 31877
 -66 8355646
 -66 32574
 -66 31550
 -66 31593
 3 131
 3 131
 3 31363
 3 31377
 23 151
 23 151
 23 31383
 23 31381
 149 21
 149 21
 149 30997
 149 31082
 167 39
 167 39
 167 30759
 167 30796
 -144 8355696
 -144 32624
 -144 30576
 -144 30568
 -121 8355719
 -121 32647
 -121 30087
 -121 30183
 -132 8355708
 -132 32636
 -132 30076
 -132 29964
 -128 8355584
 -128 32512
 -128 29696
 -128 29744
 -278 8355562
 -278 32490
 -278 29930
 -278 29871
 -62 8355778
 -62 32706
 -62 29634
 -62 29639
 -128 8355712
 -128 32640
 -128 29312
 -128 29396
 82 82
 82 82
 82 29266
 82 29265
 161 33
 161 33
 161 29217
 161 29289
 1 129
 1 129
 1 28801
 1 28812
 -111 8355729
 -111 32657
 -111 28049
 -111 28103
 26 154
 26 154
 26 27802
 26 27834
 1 1
 1 1
 1 27393
 1 27440
 30 30
 30 30
 30 27422
 30 27408
 262 262
 262 262
 262 27910
 262 27925
 -101 8355611
 -101 32539
 -101 28187
 -101 28257
 -280 8355560
 -280 32488
 -280 28648
 -280 28548
 -52 8355660
 -52 32588
 -52 29004
 -52 28960
 105 233
 105 233
 105 29417
 105 29361
 85 213
 85 213
 85 29653
 85 29660
 -31 8355681
 -31 32609
 -31 29793
 -31 29762
 -43 8355797
 -43 32725
 -43 30165
 -43 30101
 -101 8355611
 -101 32539
 -101 30235
 -101 30279
 62 62
 62 62
 62 30270
 62 30324
 -94 8355746
 -94 32674
 -94 30626
 -94 30641
 -84 8355628
 -84 32556
 -84 30764
 -84 30773
 11 11
 11 11
 11 30987
 11 31025
 81 209
 81 209
 81 30929
 81 30939
 7 135
 7 135
 7 31367
 7 31483
 -41 8355671
 -41 32599
 -41 32343
 -41 32275
 -180 8388428
 -180 65356
 -180 33100
 -180 33060
 57 32825
 57 32825
 57 33593
 57 33567
 2 32770
 2 32770
 2 33538
 2 33622
 160 32928
 160 32928
 160 32928
 160 32997
 158 30
 158 30
 158 32542
 158 32600
 -195 8355773
 -195 32701
 -195 31933
 -195 31959
 -150 8355818
 -150 32746
 -150 31722
 -150 31715
 -104 8355736
 -104 32664
 -104 31384
 -104 31408
 226 226
 226 226
 226 31202
 226 31212
 55 183
 55 183
 55 30903
 55 30933
 -70 8355770
 -70 32698
 -70 30650
 -70 30666
 20 148
 20 148
 20 30356
 20 30344
 -162 8355806
 -162 32734
 -162 30174
 -162 30092
 -92 8355748
 -92 32676
 -92 29604
 -92 29662
 38 38
 38 38
 38 29734
 38 29729
 -96 8355744
 -96 32672
 -96 29600
 -96 29633
 -113 8355599
 -113 32527
 -113 29455
 -113 29525
 113 113
 113 113
 113 29553
 113 29450
 -40 8355672
 -40 32600
 -40 29016
 -40 28929
 37 165
 37 165
 37 28325
 37 28369
 -52 8355660
 -52 32588
 -52 27980
 -52 27937
 -2 8355710
 -2 32638
 -2 28030
 -2 27949
 -163 8355805
 -163 32733
 -163 28125
 -163 28075
 -8 8355832
 -8 32760
 -8 28408
 -8 28367
 -178 8355662
 -178 32590
 -178 28750
 -178 28709
 -61 8355651
 -61 32579
 -61 28995
 -61 29007
 273 401
 273 401
 273 29329
 273 29374
 95 223
 95 223
 95 29663
 95 29671
 171 43
 171 43
 171 29995
 171 30006
 70 70
 70 70
 70 30278
 70 30212
 88 88
 88 88
 88 30296
 88 30233
 -19 8355693
 -19 32621
 -19 30573
 -19 30520
 -12 8355828
 -12 32756
 -12 30964
 -12 30863
 -155 8355813
 -155 32741
 -155 30949
 -155 30971
 -225 8355743
 -225 32671
 -225 31135
 -225 31224
 -151 8355689
 -151 32617
 -151 31337
 -151 31335
 97 225
 97 225
 97 31201
 97 31203
 192 64
 192 64
 192 31552
 192 31587
 -96 8355616
 -96 32544
 -96 32288
 -96 32287
 -58 8355654
 -58 32582
 -58 32582
 -58 32520
 21 149
 21 149
 21 32661
 21 32651
 223 32863
 223 32863
 223 33119
 223 33143
 349 33117
 349 33117
 349 33117
 349 33108
 182 182
 182 182
 182 32438
 182 32479
 48 48
 48 48
 48 32048
 48 32071
 79 79
 79 79
 79 31823
 79 31853
 159 159
 159 159
 159 31647
 159 31646
 -5 8355835
 -5 32763
 -5 31483
 -5 31373
 -37 8355803
 -37 32731
 -37 31451
 -37 31427
 -178 8355790
 -178 32718
 -178 30926
 -178 30896
 96 96
 96 96
 96 30816
 96 30725
 155 27
 155 27
 155 30491
 155 30546
 348 476
 348 476
 348 30428
 348 30389
 97 97
 97 97
 97 30305
 97 30244
 105 233
 105 233
 105 30185
 105 30121
 137 9
 137 9
 137 29961
 137 30027
 -119 8355593
 -119 32521
 -119 29705
 -119 29805
 1 129
 1 129
 1 29057
 1 29134
 -25 8355687
 -25 32615
 -25 28775
 -25 28684
 10 10
 10 10
 10 28426
 10 28495
 152 152
 152 152
 152 28056
 152 28109
 109 109
 109 109
 109 28013
 109 27964
 -96 8355616
 -96 32544
 -96 28448
 -96 28535
 -3 8355709
 -3 32637
 -3 29053
 -3 29055
 -194 8355774
 -194 32702
 -194 29374
 -194 29341
 -196 8355644
 -196 32572
 -196 29500
 -196 29464
 -7 8355705
 -7 32633
 -7 29817
 -7 29770
 121 249
 121 249
 121 30201
 121 30146
 -15 8355697
 -15 32625
 -15 30321
 -15 30241
 -215 8355753
 -215 32681
 -215 30377
 -215 30433
 -137 8355831
 -137 32759
 -137 30711
 -137 30688
 106 106
 106 106
 106 30826
 106 30722
 319 447
 319 447
 319 30911
 319 30885
 -130 8355838
 -130 32766
 -130 31230
 -130 31223
 -59 8355653
 -59 32581
 -59 31301
 -59 31345
 -99 8355613
 -99 32541
 -99 31517
 -99 31498
 158 158
 158 158
 158 31646
 158 31671
 -10 8355702
 -10 32630
 -10 32118
 -10 32084
 -65 8355647
 -65 32575
 -65 32575
 -65 32577
 56 184
 56 184
 56 32696
 56 32663
 -128 8388352
 -128 65280
 -128 32768
 -128 32792
 -52 8355788
 -52 32716
 -52 32716
 -52 32732
 5 133
 5 133
 5 32645
 5 32666
 106 234
 106 234
 106 32746
 106 32655
 -139 8355701
 -139 32629
 -139 32629
 -139 32591
 12 12
 12 12
 12 32268
 12 32327
 26 26
 26 26
 26 31770
 26 31815
 -46 8355794
 -46 32722
 -46 31186
 -46 31184
 -329 8355511
 -329 32439
 -329 30647
 -329 30640
 -66 8355646
 -66 32574
 -66 30782
 -66 30736
 16 144
 16 144
 16 30608
 16 30596
 13 141
 13 141
 13 30349
 13 30381
 -106 8355734
 -106 32662
 -106 29846
 -106 29839
 -206 8355634
 -206 32562
 -206 29490
 -206 29502
 -131 8355709
 -131 32637
 -131 29565
 -131 29512
 -8 8355704
 -8 32632
 -8 29560
 -8 29471
 378 378
 378 378
 378 29306
 378 29280
 -50 8355662
 -50 32590
 -50 28750
 -50 28748
 -268 8355444
 -268 32372
 -268 28276
 -268 28267
 23 151
 23 151
 23 28055
 23 28112
 15 15
 15 15
 15 28175
 15 28180
 152 24
 152 24
 152 28184
 152 28239
 43 43
 43 43
 43 28459
 43 28429
 127 127
 127 127
 127 28799
 127 28681
 -134 8355706
 -134 32634
 -134 28794
 -134 28677
 -18 8355822
 -18 32750
 -18 28910
 -18 28856
 41 169
 41 169
 41 29353
 41 29323
 -98 8355742
 -98 32670
 -98 29598
 -98 29681
 -203 8355765
 -203 32693
 -203 29621
 -203 29643
 -123 8355589
 -123 32517
 -123 29957
 -123 30005
 103 231
 103 231
 103 30183
 103 30190
 99 227
 99 227
 99 30435
 99 30362
 -18 8355694
 -18 32622
 -18 30574
 -18 30548
 -233 8355607
 -233 32535
 -233 30487
 -233 30584
 -185 8355655
 -185 32583
 -185 30535
 -185 30562
 28 156
 28 156
 28 30620
 28 30703
 235 235
 235 235
 235 31211
 235 31129
 -20 8355692
 -20 32620
 -20 31852
 -20 31818
 -150 8355690
 -150 32618
 -150 32106
 -150 32124
 -127 8355713
 -127 32641
 -127 32129
 -127 32160
 88 216
 88 216
 88 31960
 88 31953
 -130 8355710
 -130 32638
 -130 31870
 -130 31799
 -384 8355328
 -384 32256
 -384 31488
 -384 31596
 -76 8355764
 -76 32692
 -76 31412
 -76 31465
 -182 8355658
 -182 32586
 -182 31306
 -182 31233
 -153 8355687
 -153 32615
 -153 30823
 -153 30802
 -19 8355693
 -19 32621
 -19 30573
 -19 30469
 89 89
 89 89
 89 30297
 89 30298
 -181 8355787
 -181 32715
 -181 29899
 -181 29865
 -57 8355783
 -57 32711
 -57 29895
 -57 29920
 -198 8355642
 -198 32570
 -198 29754
 -198 29757
 -222 8355618
 -222 32546
 -222 29730
 -222 29761
 -100 8355740
 -100 32668
 -100 29596
 -100 29571
 -76 8355764
 -76 32692
 -76 29108
 -76 29154
 -195 8355645
 -195 32573
 -195 28989
 -195 28976
 60 60
 60 60
 60 28476
 60 28520
 46 46
 46 46
 46 28206
 46 28262
 -322 8355390
 -322 32318
 -322 27966
 -322 27940
 6 134
 6 134
 6 27782
 6 27893
 169 41
 169 41
 169 27945
 169 27993
 96 96
 96 96
 96 28512
 96 28446
 -6 8355706
 -6 32634
 -6 28794
 -6 28796
 -105 8355607
 -105 32535
 -105 28951
 -105 28968
 -237 8355731
 -237 32659
 -237 29075
 -237 29084
 -125 8355587
 -125 32515
 -125 29187
 -125 29298
 -34 8355806
 -34 32734
 -34 29406
 -34 29325
 -201 8355639
 -201 32567
 -201 29495
 -201 29538
 -88 8355752
 -88 32680
 -88 29864
 -88 29941
 -24 8355688
 -24 32616
 -24 30312
 -24 30315
 102 230
 102 230
 102 30694
 102 30665
 240 240
 240 240
 240 30704
 240 30700
 278 278
 278 278
 278 30742
 278 30779
 -301 8355411
 -301 32339
 -301 30803
 -301 30773
 -242 8355598
 -242 32526
 -242 30734
 -242 30745
 147 19
 147 19
 147 30995
 147 31048
 207 207
 207 207
 207 31439
 207 31477
 73 201
 73 201
 73 31945
 73 31931
 -104 8355608
 -104 32536
 -104 32024
 -104 32038
 20 20
 20 20
 20 32276
 20 32277
 110 238
 110 238
 110 32494
 110 32446
 88 88
 88 88
 88 32088
 88 32025
 -278 8355562
 -278 32490
 -278 31722
 -278 31624
 -191 8355777
 -191 32705
 -191 31425
 -191 31413
 -11 8355829
 -11 32757
 -11 31221
 -11 31191
 111 239
 111 239
 111 30959
 111 30943
 -31 8355809
 -31 32737
 -31 30689
 -31 30665
 0 0
 0 0
 0 30464
 0 30560
 -113 8355599
 -113 32527
 -113 30223
 -113 30251
 -101 8355739
 -101 32667
 -101 29851
 -101 29924
 -49 8355791
 -49 32719
 -49 29903
 -49 29903
 -29 8355811
 -29 32739
 -29 29667
 -29 29629
 0 0
 0 0
 0 29184
 0 29311
 -205 8355763
 -205 32691
 -205 29107
 -205 29133
 3 131
 3 131
 3 29059
 3 29150
 -101 8355739
 -101 32667
 -101 28827
 -101 28869
 -36 8355804
 -36 32732
 -36 28380
 -36 28378
 -198 8355642
 -198 32570
 -198 27706
 -198 27720
 -41 8355799
 -41 32727
 -41 27607
 -41 27623
 -4 8355836
 -4 32764
 -4 27644
 -4 27586
 124 252
 124 252
 124 27644
 124 27616
 158 30
 158 30
 158 27934
 158 27921
 -163 8355805
 -163 32733
 -163 28125
 -163 28099
 -33 8355679
 -33 32607
 -33 28511
 -33 28506
 -45 8355795
 -45 32723
 -45 28883
 -45 28835
 -29 8355683
 -29 32611
 -29 29027
 -29 29019
 -224 8355744
 -224 32672
 -224 29344
 -224 29359
 -183 8355785
 -183 32713
 -183 29641
 -183 29628
 2 2
 2 2
 2 30210
 2 30328
 -41 8355671
 -41 32599
 -41 30807
 -41 30789
 -57 8355655
 -57 32583
 -57 31303
 -57 31236
 33 33
 33 33
 33 31521
 33 31530
 -15 8355825
 -15 32753
 -15 31729
 -15 31699
 -86 8355626
 -86 32554
 -86 31786
 -86 31827
 -97 8355615
 -97 32543
 -97 32031
 -97 32046
 16 16
 16 16
 16 32272
 16 32310
 -124 8355588
 -124 32516
 -124 32516
 -124 32608
 -131 8388477
 -131 65405
 -131 32893
 -131 32773
 -193 8355775
 -193 32703
 -193 32703
 -193 32750
 -28 8355812
 -28 32740
 -28 32484
 -28 32494
 156 28
 156 28
 156 32028
 156 32052
 91 219
 91 219
 91 31451
 91 31462
 -59 8355653
 -59 32581
 -59 31045
 -59 31042
 -22 8355690
 -22 32618
 -22 31082
 -22 31067
 -2 8355838
 -2 32766
 -2 30974
 -2 30922
 0 0
 0 0
 0 30464
 0 30475
 -2 8355838
 -2 32766
 -2 30206
 -2 30142
 -115 8355597
 -115 32525
 -115 29965
 -115 30038
 -29 8355683
 -29 32611
 -29 29795
 -29 29815
 159 159
 159 159
 159 29599
 159 29694
 -15 8355825
 -15 32753
 -15 29425
 -15 29374
 -129 8355839
 -129 32767
 -129 28927
 -129 28907
 -100 8355740
 -100 32668
 -100 29084
 -100 29066
 -18 8355694
 -18 32622
 -18 29038
 -18 29018
 -97 8355615
 -97 32543
 -97 28447
 -97 28501
 -114 8355598
 -114 32526
 -114 27918
 -114 28026
 106 234
 106 234
 106 27626
 106 27630
 -21 8355691
 -21 32619
 -21 27243
 -21 27193
 -58 8355654
 -58 32582
 -58 27206
 -58 27199
 -154 8355686
 -154 32614
 -154 27750
 -154 27670
 -137 8355831
 -137 32759
 -137 28151
 -137 28061
 -247 8355721
 -247 32649
 -247 28297
 -247 28345
 -161 8355679
 -161 32607
 -161 28511
 -161 28532
 2 130
 2 130
 2 28546
 2 28592
 87 87
 87 87
 87 28759
 87 28711
 -55 8355785
 -55 32713
 -55 29385
 -55 29349
 -86 8355754
 -86 32682
 -86 29610
 -86 29654
 42 170
 42 170
 42 30122
 42 30157
 117 245
 117 245
 117 30709
 117 30704
 327 327
 327 327
 327 30791
 327 30790
 224 96
 224 96
 224 30816
 224 30784
 -75 8355765
 -75 32693
 -75 31157
 -75 31151
 21 149
 21 149
 21 31381
 21 31445
 87 87
 87 87
 87 31575
 87 31592
 -21 8355691
 -21 32619
 -21 32107
 -21 32110
 -226 8355742
 -226 32670
 -226 32158
 -226 32180
 -196 8355644
 -196 32572
 -196 32316
 -196 32366
 -42 8355798
 -42 32726
 -42 32726
 -42 32647
 144 16
 144 16
 144 32528
 144 32600
 51 179
 51 179
 51 32691
 51 32761
 -7 8355705
 -7 32633
 -7 32377
 -7 32363
 -184 8355656
 -184 32584
 -184 32072
 -184 32114
 6 6
 6 6
 6 31750
 6 31780
 -65 8355647
 -65 32575
 -65 31807
 -65 31748
 -11 8355829
 -11 32757
 -11 31733
 -11 31620
 -56 8355784
 -56 32712
 -56 31432
 -56 31423
 -43 8355797
 -43 32725
 -43 30933
 -43 30902
 -109 8355731
 -109 32659
 -109 30611
 -109 30637
 -106 8355734
 -106 32662
 -106 30358
 -106 30429
 147 147
 147 147
 147 30355
 147 30384
 -190 8355778
 -190 32706
 -190 30402
 -190 30440
 -3 8355837
 -3 32765
 -3 30717
 -3 30594
 17 17
 17 17
 17 30481
 17 30505
 171 171
 171 171
 171 30379
 171 30361
 97 225
 97 225
 97 30177
 97 30119
 -82 8355758
 -82 32686
 -82 29870
 -82 29873
 -204 8355764
 -204 32692
 -204 29620
 -204 29694
 -85 8355627
 -85 32555
 -85 29739
 -85 29783
 6 134
 6 134
 6 30086
 6 30187
 -20 8355692
 -20 32620
 -20 30572
 -20 30590
 -30 8355682
 -30 32610
 -30 31074
 -30 31101
 -160 8355680
 -160 32608
 -160 31584
 -160 31568
 61 189
 61 189
 61 31677
 61 31691
 -17 8355695
 -17 32623
 -17 31855
 -17 31750
 103 103
 103 103
 103 32103
 103 32073
 154 154
 154 154
 154 32154
 154 32171
 115 115
 115 115
 115 32115
 115 32066
 105 105
 105 105
 105 32361
 105 32264
 82 210
 82 210
 82 32466
 82 32423
 10 138
 10 138
 10 32650
 10 32762
 -62 8388546
 -62 65474
 -62 32962
 -62 32999
 0 32896
 0 32896
 0 33152
 0 33186
 24 32920
 24 32920
 24 33176
 24 33268
 25 32921
 25 32921
 25 33433
 25 33458
 -30 8388578
 -30 65506
 -30 34018
 -30 33933
 -92 8388516
 -92 65444
 -92 34212
 -92 34232
 -34 8388446
 -34 65374
 -34 34654
 -34 34660
 74 32842
 74 32842
 74 34634
 74 34566
 172 32812
 172 32812
 172 34348
 172 34424
 7 32903
 7 32903
 7 34439
 7 34449
 -45 8388435
 -45 65363
 -45 34387
 -45 34333
 -204 8388404
 -204 65332
 -204 33844
 -204 33856
 40 32936
 40 32936
 40 33704
 40 33751
 -88 8388520
 -88 65448
 -88 33704
 -88 33696
 -64 8388416
 -64 65344
 -64 33088
 -64 33126
 -143 8355697
 -143 32625
 -143 32625
 -143 32612
 -80 8355760
 -80 32688
 -80 32432
 -80 32486
 59 59
 59 59
 59 32315
 59 32364
 111 111
 111 111
 111 32111
 111 32069
 -152 8355816
 -152 32744
 -152 31976
 -152 31932
 -426 8355542
 -426 32470
 -426 31702
 -426 31628
 -128 8355584
 -128 32512
 -128 31744
 -128 31782
 67 67
 67 67
 67 32067
 67 32037
 318 446
 318 446
 318 31422
 318 31396
 297 425
 297 425
 297 30889
 297 30883
 0 0
 0 0
 0 30720
 0 30837
 -160 8355808
 -160 32736
 -160 30944
 -160 30946
 -49 8355791
 -49 32719
 -49 31183
 -49 31207
 -221 8355747
 -221 32675
 -221 31395
 -221 31435
 -193 8355775
 -193 32703
 -193 31935
 -193 31890
 -118 8355722
 -118 32650
 -118 32138
 -118 32161
 -116 8355724
 -116 32652
 -116 32140
 -116 32232
 130 2
 130 2
 130 32514
 130 32544
 100 32868
 100 32868
 100 33124
 100 33039
 -30 8388578
 -30 65506
 -30 32994
 -30 32951
 -168 8388568
 -168 65496
 -168 32984
 -168 32991
 103 32871
 103 32871
 103 33127
 103 33139
 36 32804
 36 32804
 36 33316
 36 33350
 144 32784
 144 32784
 144 33552
 144 33639
 97 32865
 97 32865
 97 33633
 97 33640
 -29 8388579
 -29 65507
 -29 34019
 -29 33922
 -57 8388551
 -57 65479
 -57 33991
 -57 33991
 124 32892
 124 32892
 124 34428
 124 34320
 145 32913
 145 32913
 145 35217
 145 35205
 42 32938
 42 32938
 42 35498
 42 35459
 28 32796
 28 32796
 28 35612
 28 35666
 -13 8388467
 -13 65395
 -13 35699
 -13 35587
 -105 8388503
 -105 65431
 -105 35223
 -105 35256
 -133 8388475
 -133 65403
 -133 35195
 -133 35095
 -114 8388366
 -114 65294
 -114 35086
 -114 35099
 -170 8388566
 -170 65494
 -170 35030
 -170 35056
 -34 8388574
 -34 65502
 -34 34526
 -34 34558
 -70 8388410
 -70 65338
 -70 33850
 -70 33918
 -101 8388379
 -101 65307
 -101 33307
 -101 33362
 -118 8388362
 -118 65290
 -118 33290
 -118 33304
 152 32920
 152 32920
 152 33176
 152 33174
 232 33000
 232 33000
 232 33256
 232 33248
 -84 8388524
 -84 65452
 -84 32940
 -84 32969
 -55 8388425
 -55 65353
 -55 32841
 -55 32873
 -147 8355821
 -147 32749
 -147 32493
 -147 32480
 -30 8355682
 -30 32610
 -30 32610
 -30 32576
 -16 8355696
 -16 32624
 -16 32624
 -16 32556
 231 103
 231 103
 231 32103
 231 32016
 48 48
 48 48
 48 31280
 48 31321
 -5 8355835
 -5 32763
 -5 30971
 -5 30865
 -128 8355712
 -128 32640
 -128 30592
 -128 30598
 -68 8355772
 -68 32700
 -68 30908
 -68 30972
 4 132
 4 132
 4 31364
 4 31470
 222 222
 222 222
 222 31966
 222 31999
 285 413
 285 413
 285 32157
 285 32216
 85 213
 85 213
 85 32469
 85 32510
 -47 8355665
 -47 32593
 -47 32593
 -47 32555
 -61 8388547
 -61 65475
 -61 32963
 -61 32951
 93 32989
 93 32989
 93 32989
 93 32908
 135 32775
 135 32775
 135 33287
 135 33397
 48 32816
 48 32816
 48 33584
 48 33601
 148 32788
 148 32788
 148 33556
 148 33589
 172 32940
 172 32940
 172 33708
 172 33683
 298 33194
 298 33194
 298 33706
 298 33665
 408 33048
 408 33048
 408 33816
 408 33885
 284 33180
 284 33180
 284 33948
 284 33971
 179 32947
 179 32947
 179 34227
 179 34215
 144 32912
 144 32912
 144 34704
 144 34710
 281 33177
 281 33177
 281 34969
 281 34964
 259 33155
 259 33155
 259 35203
 259 35295
 313 33081
 313 33081
 313 35385
 313 35408
 380 33148
 380 33148
 380 35452
 380 35412
 275 33171
 275 33171
 275 35219
 275 35223
 148 32788
 148 32788
 148 34836
 148 34898
 247 33015
 247 33015
 247 34551
 247 34539
 375 33271
 375 33271
 375 34295
 375 34284
 370 33138
 370 33138
 370 34162
 370 34067
 437 33205
 437 33205
 437 33973
 437 33933
 346 33114
 346 33114
 346 33626
 346 33627
 480 33120
 480 33120
 480 33376
 480 33363
 872 33640
 872 33640
 872 33128
 872 33125
 664 33304
 664 33304
 664 32792
 664 32858
 663 663
 663 663
 663 32663
 663 32723
 622 750
 622 750
 622 32494
 622 32385
 705 705
 705 705
 705 32449
 705 32391
 776 904
 776 904
 776 32136
 776 32180
 692 692
 692 692
 692 31668
 692 31676
 821 821
 821 821
 821 31285
 821 31305
 840 840
 840 840
 840 31048
 840 31072
 732 604
 732 604
 732 31068
 732 31010
 892 892
 892 892
 892 31356
 892 31248
 1001 1001
 1001 1001
 1001 31721
 1001 31663
 1031 1159
 1031 1159
 1031 31879
 1031 31894
 1124 1124
 1124 1124
 1124 32100
 1124 32100
 1282 1410
 1282 1410
 1282 32386
 1282 32421
 1513 1385
 1513 1385
 1513 32361
 1513 32295
 1740 1612
 1740 1612
 1740 32332
 1740 32367
 1551 1679
 1551 1679
 1551 32399
 1551 32509
 1566 34334
 1566 34334
 1566 32798
 1566 32811
 1910 34678
 1910 34678
 1910 33142
 1910 33093
 2248 34888
 2248 34888
 2248 33608
 2248 33634
 2374 35142
 2374 35142
 2374 34118
 2374 34082
 2449 35089
 2449 35089
 2449 34065
 2449 34128
 2649 35545
 2649 35545
 2649 34009
 2649 33994
 2968 35736
 2968 35736
 2968 33944
 2968 33951
 3093 35861
 3093 35861
 3093 34069
 3093 34073
 3268 35908
 3268 35908
 3268 34372
 3268 34381
 3704 36472
 3704 36472
 3704 34680
 3704 34641
 3874 36642
 3874 36642
 3874 34850
 3874 34819
 4098 36866
 4098 36866
 4098 34562
 4098 34678
 4410 37178
 4410 37178
 4410 34362
 4410 34341
 4617 37385
 4617 37385
 4617 34057
 4617 34119
 5064 37704
 5064 37704
 5064 33608
 5064 33643
 5206 38102
 5206 38102
 5206 33494
 5206 33461
 5610 38250
 5610 38250
 5610 33386
 5610 33383
 6049 38689
 6049 38689
 6049 33057
 6049 33127
 6613 6613
 6613 6613
 6613 32469
 6613 32479
 7200 7200
 7200 7200
 7200 32032
 7200 32121
 7335 7335
 7335 7335
 7335 32167
 7335 32190
 7865 7737
 7865 7737
 7865 31801
 7865 31767
 8520 8520
 8520 8520
 8520 31304
 8520 31327
 9068 9068
 9068 9068
 9068 31084
 9068 31032
 9483 9483
 9483 9483
 9483 30731
 9483 30813
 10164 10036
 10164 10036
 10164 30772
 10164 30729
 10961 10961
 10961 10961
 10961 30417
 10961 30339
 11618 11618
 11618 11618
 11618 29794
 11618 29730
 12385 12513
 12385 12513
 12385 29409
 12385 29343
 13213 13085
 13213 13085
 13213 28957
 13213 28952
 13888 14016
 13888 14016
 13888 28864
 13888 28913
 14680 14680
 14680 14680
 14680 29272
 14680 29241
 15618 15618
 15618 15618
 15618 29186
 15618 29295
 16564 16564
 16564 16564
 16564 29108
 16564 29099
 17949 18077
 17949 18077
 17949 29085
 17949 29131
 18899 18771
 18899 18771
 18899 29267
 18899 29257
 19938 19938
 19938 19938
 19938 29410
 19938 29405
 21487 21359
 21487 21359
 21487 29551
 21487 29484
 22854 22982
 22854 22982
 22854 29382
 22854 29393
 24220 24220
 24220 24220
 24220 29340
 24220 29431
 25554 25426
 25554 25426
 25554 29778
 25554 29700
 27288 27160
 27288 27160
 27288 29720
 27288 29745
 28730 28858
 28730 28858
 28730 29626
 28730 29654
 30325 30453
 30325 30453
 30325 29685
 30325 29611
 32013 32013
 32013 32013
 32013 29453
 32013 29496
 33925 1029
 33925 1029
 33925 29445
 33925 29537
 35909 3269
 35909 3269
 35909 29637
 35909 29619
 38087 5319
 38087 5319
 38087 29895
 38087 29931
 40314 7546
 40314 7546
 40314 30330
 40314 30313
 42745 9849
 42745 9849
 42745 30329
 42745 30260
 44909 12269
 44909 12269
 44909 30189
 44909 30088
 47298 14530
 47298 14530
 47298 29634
 47298 29589
 49912 17016
 49912 17016
 49912 28792
 49912 28710
 52660 19892
 52660 19892
 52660 27828
 52660 27799
 55507 22611
 55507 22611
 55507 26963
 55507 26971
 58586 25690
 58586 25690
 58586 25946
 58586 25880
 61774 29134
 61774 29134
 61774 25294
 61774 25243
 65070 32302
 65070 32302
 65070 24622
 65070 24637
 68413 68413
 68413 2877
 68413 23869
 68413 23935
 72042 72170
 72042 6634
 72042 23274
 72042 23216
 75817 75945
 75817 10409
 75817 22697
 75817 22721
 79731 79859
 79731 14323
 79731 22259
 79731 22210
 83509 83509
 83509 17973
 83509 21301
 83509 21322
 87937 87937
 87937 22401
 87937 20353
 87937 20388
 92623 92623
 92623 27087
 92623 19663
 92623 19690
 97118 97246
 97118 31710
 97118 19166
 97118 19099
 101691 68923
 101691 3387
 101691 18235
 101691 18205
 106673 73777
 106673 8241
 106673 16689
 106673 16750
 111975 79207
 111975 13671
 111975 15463
 111975 15438
 117191 84423
 117191 18887
 117191 14535
 117191 14577
 122689 90049
 122689 24513
 122689 14017
 122689 14069
 128654 95758
 128654 30222
 128654 13582
 128654 13686
 134549 134421
 134549 3349
 134549 13333
 134549 13389
 140905 141033
 140905 9961
 140905 13033
 140905 12972
 147514 147514
 147514 16442
 147514 12090
 147514 12131
 154364 154236
 154364 23164
 154364 11132
 154364 11098
 161161 161161
 161161 30089
 161161 10121
 161161 10229
 168133 135237
 168133 4165
 168133 9541
 168133 9535
 175726 143086
 175726 12014
 175726 8942
 175726 8868
 183424 150528
 183424 19456
 183424 8192
 183424 8310
 191490 158850
 191490 27778
 191490 7298
 191490 7397
 199888 199888
 199888 3280
 199888 6096
 199888 6099
 208200 208328
 208200 11720
 208200 5064
 208200 5071
 217012 217012
 217012 20404
 217012 3764
 217012 3793
 226170 226298
 226170 29690
 226170 2810
 226170 2766
 235296 202656
 235296 6048
 235296 1696
 235296 1733
 244894 212126
 244894 15518
 244894 670
 244894 659
 254779 -8133701
 254779 -7237
 254779 -325
 254779 -295
 264942 -8090898
 264942 -29970
 264942 -1298
 264942 -1300
 275570 -8080270
 275570 -19342
 275570 -2702
 275570 -2811
 286292 -8069420
 286292 -8492
 286292 -4652
 286292 -4680
 297329 -8091151
 297329 -30223
 297329 -6415
 297329 -6437
 308752 -8079856
 308752 -18928
 308752 -8688
 308752 -8592
 320358 -8068250
 320358 -7322
 320358 -10650
 320358 -10647
 332505 -8023335
 332505 -27943
 332505 -12583
 332505 -12589
 344905 -8010935
 344905 -15543
 344905 -14519
 344905 -14584
 357463 -7998377
 357463 -2985
 357463 -16809
 357463 -16780
 370347 -8018389
 370347 -22997
 370347 -18901
 370347 -18942
 383626 -8004982
 383626 -9590
 383626 -21366
 383626 -21313
 397428 -7958412
 397428 -28556
 397428 -23692
 397428 -23713
 411220 -7944620
 411220 -14764
 411220 -25772
 411220 -25811
 425328 -7930512
 425328 -656
 425328 -28048
 425328 -28056
 439571 -7949037
 439571 -19181
 439571 -30445
 439571 -30411
 454479 -7934129
 454479 -4273
 454479 -32689
 454479 -32725
 469565 -7919043
 469565 -54723
 469565 -35267
 469565 -35222
 484971 -7903509
 484971 -39189
 484971 -37653
 484971 -37684
 500592 -7920656
 500592 -56336
 500592 -40464
 500592 -40500
 516578 -7904798
 516578 -40478
 516578 -43294
 516578 -43334
 532695 -7856041
 532695 -57257
 532695 -45993
 532695 -45996
 549230 -7839378
 549230 -40594
 549230 -48274
 549230 -48303
 565741 -7855763
 565741 -56979
 565741 -50323
 565741 -50383
 582887 -7838489
 582887 -39705
 582887 -52761
 582887 -52852
 600135 -7788345
 600135 -55097
 600135 -55353
 600135 -55415
 617647 -7770961
 617647 -37713
 617647 -58193
 617647 -58169
 635562 -7785814
 635562 -52566
 635562 -60758
 635562 -60673
 653434 -7767942
 653434 -34694
 653434 -62854
 653434 -62954
 671493 -7684219
 671493 -82043
 671493 -65659
 671493 -65628
 689904 -7698704
 689904 -96528
 689904 -68112
 689904 -68190
 708354 -7680254
 708354 -78078
 708354 -70910
 708354 -70839
 727100 -7628740
 727100 -92100
 727100 -73668
 727100 -73690
 746043 -7609669
 746043 -73029
 746043 -76613
 746043 -76633
 765023 -7623457
 765023 -86817
 765023 -79649
 765023 -79714
 784061 -7604547
 784061 -67907
 784061 -82499
 784061 -82511
 803544 -7552424
 803544 -81320
 803544 -85672
 803544 -85666
 822911 -7565697
 822911 -94593
 822911 -88449
 822911 -88496
 842583 -7545897
 842583 -74793
 842583 -91177
 842583 -91143
 862158 -7493682
 862158 -88114
 862158 -94002
 862158 -94027
 881443 -7474397
 881443 -68829
 881443 -96989
 881443 -96987
 901026 -7520478
 901026 -114910
 901026 -100062
 901026 -100068
 920753 -7467855
 920753 -127823
 920753 -103503
 920753 -103513
 940401 -7448207
 940401 -108175
 940401 -107151
 940401 -107229
 960156 -7461220
 960156 -121188
 960156 -110692
 960156 -110593
 979628 -7441876
 979628 -101844
 979628 -114132
 979628 -114112
 999046 -7389690
 999046 -115194
 999046 -118010
 999046 -117998
 1018437 -7402811
 1018437 -128315
 1018437 -121659
 1018437 -121648
 1037742 -7383634
 1037742 -109138
 1037742 -125266
 1037742 -125200
 1056802 -7331678
 1056802 -122718
 1056802 -128606
 1056802 -128531
 1075633 -7280207
 1075633 -136783
 1075633 -131919
 1075633 -131932
 1094190 -7294418
 1094190 -150994
 1094190 -135378
 1094190 -135399
 1112689 -7275919
 1112689 -132495
 1112689 -138895
 1112689 -139007
 1131164 -7224676
 1131164 -146788
 1131164 -142948
 1131164 -142880
 1148911 -7239825
 1148911 -161937
 1148911 -146577
 1148911 -146619
 1166418 -7222190
 1166418 -144302
 1166418 -150190
 1166418 -150230
 1183660 -7172180
 1183660 -159828
 1183660 -153428
 1183660 -153468
 1200740 -7155100
 1200740 -142748
 1200740 -157084
 1200740 -157167
 1217554 -7171054
 1217554 -158702
 1217554 -161262
 1217554 -161164
 1233523 -7187853
 1233523 -175501
 1233523 -164749
 1233523 -164752
 1249282 -7139198
 1249282 -192382
 1249282 -168062
 1249282 -168056
 1264516 -7124220
 1264516 -177404
 1264516 -171004
 1264516 -170892
 1279199 -7142305
 1279199 -195489
 1279199 -173473
 1279199 -173475
 1293410 -7127838
 1293410 -181022
 1293410 -175902
 1293410 -175955
 1307151 -7114097
 1307151 -167281
 1307151 -178545
 1307151 -178453
 1320146 -7068462
 1320146 -187182
 1320146 -180782
 1320146 -180801
 1332357 -7056379
 1332357 -175099
 1332357 -183291
 1332357 -183232
 1344224 -7077280
 1344224 -196000
 1344224 -185760
 1344224 -185797
 1355554 -7065822
 1355554 -184542
 1355554 -188126
 1355554 -188074
 1365718 -7055786
 1365718 -174506
 1365718 -190378
 1365718 -190449
 1375506 -7045742
 1375506 -164462
 1375506 -192622
 1375506 -192564
 1384493 -7004115
 1384493 -188371
 1384493 -194771
 1384493 -194771
 1392557 -6963411
 1392557 -213203
 1392557 -197075
 1392557 -197031
 1399705 -6956135
 1399705 -205927
 1399705 -198759
 1399705 -198739
 1406413 -6949555
 1406413 -199347
 1406413 -200627
 1406413 -200685
 1412010 -6976726
 1412010 -226518
 1412010 -202710
 1412010 -202645
 1416597 -6972139
 1416597 -221931
 1416597 -204267
 1416597 -204228
 1420657 -6967823
 1420657 -217615
 1420657 -205327
 1420657 -205435
 1423440 -6965040
 1423440 -214832
 1423440 -206384
 1423440 -206446
 1425327 -6963409
 1425327 -213201
 1425327 -207825
 1425327 -207758
 1426461 -6962147
 1426461 -211939
 1426461 -208611
 1426461 -208578
 1426395 -6962213
 1426395 -212005
 1426395 -209957
 1426395 -209951
 1425296 -6963440
 1425296 -213232
 1425296 -211440
 1425296 -211379
 1423164 -6965316
 1423164 -215108
 1423164 -212804
 1423164 -212762
 1420104 -6968504
 1420104 -218296
 1420104 -213688
 1420104 -213710
 1416067 -6972669
 1416067 -222461
 1416067 -214781
 1416067 -214664
 1410774 -6977834
 1410774 -227626
 1410774 -215338
 1410774 -215306
 1404399 -6951569
 1404399 -201361
 1404399 -215697
 1404399 -215744
 1397018 -6958694
 1397018 -208486
 1397018 -215910
 1397018 -215844
 1388322 -6967390
 1388322 -217182
 1388322 -215902
 1388322 -215858
 1378610 -6977102
 1378610 -226894
 1378610 -215886
 1378610 -215851
 1367898 -7020582
 1367898 -204838
 1367898 -215846
 1367898 -215898
 1355944 -7032664
 1355944 -216920
 1355944 -215640
 1355944 -215638
 1342696 -7013144
 1342696 -197400
 1342696 -214808
 1342696 -214894
 1328313 -7027527
 1328313 -211783
 1328313 -213831
 1328313 -213791
 1313066 -7042646
 1313066 -226902
 1313066 -213078
 1313066 -213103
 1296376 -7092360
 1296376 -211080
 1296376 -212360
 1296376 -212373
 1278627 -7110109
 1278627 -228829
 1278627 -211165
 1278627 -211125
 1259980 -7095988
 1259980 -214708
 1259980 -209844
 1259980 -209891
 1240153 -7148327
 1240153 -201511
 1240153 -208167
 1240153 -208134
 1219027 -7169709
 1219027 -222893
 1219027 -205997
 1219027 -206050
 1196745 -7159223
 1196745 -212407
 1196745 -203703
 1196745 -203713
 1173600 -7215008
 1173600 -202656
 1173600 -200864
 1173600 -200960
 1149341 -7239267
 1149341 -226915
 1149341 -198243
 1149341 -198199
 1124125 -7264483
 1124125 -186595
 1124125 -195299
 1124125 -195276
 1097796 -7323580
 1097796 -180156
 1097796 -192188
 1097796 -192216
 1069941 -7318667
 1069941 -175243
 1069941 -188811
 1069941 -188835
 1041474 -7379902
 1041474 -170942
 1041474 -185278
 1041474 -185296
 1012220 -7376388
 1012220 -167428
 1012220 -181764
 1012220 -181806
 981647 -7439857
 981647 -165361
 981647 -178161
 981647 -178092
 950409 -7471095
 950409 -196599
 950409 -174327
 950409 -174224
 918109 -7470499
 918109 -196003
 918109 -170147
 918109 -170220
 884987 -7536517
 884987 -196485
 884987 -165765
 884987 -165847
 850743 -7537737
 850743 -132169
 850743 -161353
 850743 -161341
 815781 -7540059
 815781 -134491
 815781 -156763
 815781 -156787
 780192 -7608544
 780192 -137440
 780192 -152032
 780192 -151976
 743650 -7612190
 743650 -141086
 743650 -146718
 743650 -146756
 706291 -7682317
 706291 -145677
 706291 -141581
 706291 -141570
 668147 -7687693
 668147 -151053
 668147 -135949
 668147 -135981
 629381 -7792123
 629381 -124411
 629381 -130299
 629381 -130260
 590169 -7798311
 590169 -130599
 590169 -124967
 590169 -125008
 550352 -7838384
 550352 -105136
 550352 -119984
 550352 -120064
 509819 -7911557
 509819 -112773
 509819 -115077
 509819 -115156
 468826 -7919654
 468826 -120870
 468826 -109862
 468826 -109898
 427280 -7994096
 427280 -129776
 427280 -104432
 427280 -104371
 385309 -8036067
 385309 -106211
 385309 -98531
 385309 -98492
 342984 -8012856
 342984 -83000
 342984 -92472
 342984 -92492
 300230 -8088506
 300230 -93114
 300230 -86714
 300230 -86670
 257293 -8131315
 257293 -70387
 257293 -80627
 257293 -80546
 213963 -8142005
 213963 -81077
 213963 -74165
 213963 -74236
 170339 -8218269
 170339 -91805
 170339 -68253
 170339 -68255
 126313 -8294935
 126313 -37399
 126313 -61719
 126313 -61752
 82373 -8306363
 82373 -48827
 82373 -55227
 82373 -55176
 38550 -8382826
 38550 -59754
 38550 -48746
 38550 -48713
 -5829 -38469
 -5829 -38469
 -5829 -42309
 -5829 -42252
 -49811 -49811
 -49811 -49811
 -49811 -35731
 -49811 -35740
 -93788 -93788
 -93788 -28252
 -93788 -29532
 -93788 -29489
 -137801 -137929
 -137801 -6857
 -137801 -23241
 -137801 -23191
 -181590 -148950
 -181590 -17878
 -181590 -16342
 -181590 -16345
 -224877 -225005
 -224877 -28397
 -224877 -9453
 -224877 -9357
 -268189 -268061
 -268189 -5917
 -268189 -2077
 -268189 -2111
 -310755 8077853
 -310755 16925
 -310755 5149
 -310755 5135
 -352865 8002847
 -352865 7455
 -352865 12575
 -352865 12566
 -394921 7960919
 -394921 31063
 -394921 19799
 -394921 19718
 -436630 7952106
 -436630 22250
 -436630 27114
 -436630 27026
 -477917 7910819
 -477917 46499
 -477917 33955
 -477917 34038
 -518362 7903142
 -518362 38822
 -518362 41126
 -518362 41180
 -558274 7863230
 -558274 64446
 -558274 48574
 -558274 48548
 -597773 7790835
 -597773 57587
 -597773 55539
 -597773 55507
 -636525 7784851
 -636525 51603
 -636525 62355
 -636525 62402
 -674705 7681135
 -674705 78959
 -674705 69231
 -674705 69124
 -712320 7676160
 -712320 73984
 -712320 76032
 -712320 76045
 -749031 7606937
 -749031 70297
 -749031 82585
 -749031 82685
 -784952 7603528
 -784952 66888
 -784952 89160
 -784952 89133
 -820391 7568217
 -820391 97113
 -820391 95833
 -820391 95810
 -854695 7534041
 -854695 128473
 -854695 102873
 -854695 102784
 -888113 7533135
 -888113 127567
 -888113 109391
 -888113 109345
 -920938 7467542
 -920938 127510
 -920938 115734
 -920938 115768
 -952886 7468490
 -952886 128458
 -952886 122314
 -952886 122245
 -983841 7404639
 -983841 130143
 -983841 128095
 -983841 128101
 -1013580 7342260
 -1013580 133300
 -1013580 133812
 -1013580 133771
 -1042569 7346039
 -1042569 137079
 -1042569 139383
 -1042569 139312
 -1070541 7285299
 -1070541 141875
 -1070541 144947
 -1070541 145017
 -1097523 7291085
 -1097523 147661
 -1097523 150221
 -1097523 150168
 -1123728 7232112
 -1123728 154224
 -1123728 155248
 -1123728 155217
 -1148395 7240213
 -1148395 162325
 -1148395 160277
 -1148395 160353
 -1172228 7249020
 -1172228 171132
 -1172228 165244
 -1172228 165228
 -1194964 7193772
 -1194964 181420
 -1194964 170156
 -1194964 170127
 -1216465 7204911
 -1216465 192559
 -1216465 174639
 -1216465 174704
 -1237042 7184334
 -1237042 171982
 -1237042 179150
 -1237042 179154
 -1256426 7132182
 -1256426 185366
 -1256426 183574
 -1256426 183647
 -1274901 7113707
 -1274901 166891
 -1274901 187883
 -1274901 187810
 -1292121 7129255
 -1292121 182439
 -1292121 191911
 -1292121 191875
 -1308246 7113130
 -1308246 166314
 -1308246 195754
 -1308246 195814
 -1323160 7032680
 -1323160 216936
 -1323160 199528
 -1323160 199478
 -1337145 7018567
 -1337145 202823
 -1337145 202567
 -1337145 202603
 -1349966 7038514
 -1349966 222770
 -1349966 205874
 -1349966 205831
 -1361646 7027090
 -1361646 211346
 -1361646 209042
 -1361646 209110
 -1371964 7016516
 -1371964 200772
 -1371964 212292
 -1371964 212345
 -1381479 6974361
 -1381479 224153
 -1381479 215705
 -1381479 215797
 -1389812 6966028
 -1389812 215820
 -1389812 219148
 -1389812 219233
 -1396934 6958906
 -1396934 208698
 -1396934 222266
 -1396934 222280
 -1402967 6952745
 -1402967 202537
 -1402967 225321
 -1402967 225298
 -1408086 6947626
 -1408086 197418
 -1408086 227882
 -1408086 227961
 -1412019 7009357
 -1412019 259149
 -1412019 230477
 -1412019 230447
 -1415061 7006315
 -1415061 256107
 -1415061 232811
 -1415061 232786
 -1416871 7004505
 -1416871 254297
 -1416871 234841
 -1416871 234793
 -1417588 7003788
 -1417588 253580
 -1417588 236684
 -1417588 236792
 -1417589 7003787
 -1417589 253579
 -1417589 238475
 -1417589 238491
 -1416553 7004823
 -1416553 254615
 -1416553 240279
 -1416553 240321
 -1414529 7006975
 -1414529 256767
 -1414529 241919
 -1414529 241812
 -1411661 7009715
 -1411661 259507
 -1411661 243123
 -1411661 243149
 -1407719 6981017
 -1407719 230809
 -1407719 244121
 -1407719 244214
 -1402992 6985488
 -1402992 235280
 -1402992 245008
 -1402992 245060
 -1397315 6991293
 -1397315 241085
 -1397315 246205
 -1397315 246190
 -1390838 6997898
 -1390838 247690
 -1390838 246922
 -1390838 247010
 -1383367 7005241
 -1383367 255033
 -1383367 247609
 -1383367 247641
 -1375206 7046298
 -1375206 230554
 -1375206 247962
 -1375206 247942
 -1366442 7054934
 -1366442 239190
 -1366442 248406
 -1366442 248349
 -1356710 7064794
 -1356710 249050
 -1356710 248026
 -1356710 247986
 -1346259 7075245
 -1346259 259501
 -1346259 247469
 -1346259 247542
 -1335040 7053568
 -1335040 237824
 -1335040 246784
 -1335040 246810
 -1323357 7065251
 -1323357 249507
 -1323357 246179
 -1323357 246271
 -1311041 7077439
 -1311041 261695
 -1311041 245311
 -1311041 245345
 -1298092 7123412
 -1298092 242132
 -1298092 244180
 -1298092 244147
 -1284379 7136869
 -1284379 255589
 -1284379 243301
 -1284379 243280
 -1270269 7118339
 -1270269 237059
 -1270269 241923
 -1270269 242015
 -1255552 7133056
 -1255552 251776
 -1255552 240768
 -1255552 240855
 -1240543 7180833
 -1240543 234017
 -1240543 239393
 -1240543 239478
 -1225177 7196327
 -1225177 249511
 -1225177 237991
 -1225177 237968
 -1209177 7179431
 -1209177 232615
 -1209177 236455
 -1209177 236532
 -1192725 7195883
 -1192725 249067
 -1192725 234987
 -1192725 234923
 -1175849 7245527
 -1175849 233175
 -1175849 233431
 -1175849 233434
 -1158864 7262640
 -1158864 250288
 -1158864 231600
 -1158864 231627
 -1141307 7214533
 -1141307 202181
 -1141307 229317
 -1141307 229369
 -1123382 7232458
 -1123382 220106
 -1123382 227018
 -1123382 226992
 -1105488 7283120
 -1105488 205232
 -1105488 224688
 -1105488 224722
 -1087211 7301397
 -1087211 223509
 -1087211 222741
 -1087211 222827
 -1068784 7287056
 -1068784 209168
 -1068784 220688
 -1068784 220782
 -1050079 7305889
 -1050079 228001
 -1050079 218785
 -1050079 218878
 -1031431 7357177
 -1031431 213753
 -1031431 217081
 -1031431 217077
 -1012373 7343467
 -1012373 200043
 -1012373 215403
 -1012373 215329
 -992932 7362908
 -992932 219484
 -992932 213596
 -992932 213586
 -973837 7414771
 -973837 205811
 -973837 211187
 -973837 211117
 -954661 7433947
 -954661 224987
 -954661 208859
 -954661 208803
 -935394 7420446
 -935394 211486
 -935394 206622
 -935394 206620
 -916030 7472578
 -916030 198082
 -916030 204482
 -916030 204482
 -896748 7491988
 -896748 217492
 -896748 202132
 -896748 202232
 -877373 7478339
 -877373 203843
 -877373 199747
 -877373 199802
 -858173 7497667
 -858173 223171
 -858173 197571
 -858173 197536
 -838803 7582701
 -838803 177133
 -838803 194797
 -838803 194725
 -819458 7601918
 -819458 196350
 -819458 192510
 -819458 192451
 -800354 7588126
 -800354 182558
 -800354 190238
 -800354 190263
 -781160 7640088
 -781160 168984
 -781160 187928
 -781160 187966
 -762340 7659164
 -762340 188060
 -762340 185500
 -762340 185487
 -743633 7645103
 -743633 173999
 -743633 182703
 -743633 182673
 -724743 7663865
 -724743 192761
 -724743 180217
 -724743 180204
 -706406 7714842
 -706406 178202
 -706406 177434
 -706406 177502
 -688175 7733201
 -688175 196561
 -688175 174801
 -688175 174727
 -670043 7718437
 -670043 181797
 -670043 171813
 -670043 171860
 -652154 7769222
 -652154 167046
 -652154 168838
 -652154 168933
 -634136 7787240
 -634136 185064
 -634136 165864
 -634136 165783
 -616740 7738972
 -616740 136796
 -616740 163164
 -616740 163189
 -599525 7756443
 -599525 154267
 -599525 160155
 -599525 160235
 -582614 7805994
 -582614 138282
 -582614 157226
 -582614 157260
 -565765 7822843
 -565765 155131
 -565765 154363
 -565765 154344
 -549286 7806554
 -549286 138842
 -549286 151386
 -549286 151352
 -533001 7822711
 -533001 154999
 -533001 148599
 -533001 148555
 -516843 7871893
 -516843 138645
 -516843 145813
 -516843 145816
 -501113 7887367
 -501113 154119
 -501113 143111
 -501113 143160
 -485955 7869757
 -485955 136509
 -485955 140349
 -485955 140323
 -470701 7885139
 -470701 151891
 -470701 137811
 -470701 137806
 -455704 7932776
 -455704 133992
 -455704 135272
 -455704 135237
 -441034 7947702
 -441034 148918
 -441034 132278
 -441034 132286
 -426664 7994840
 -426664 130520
 -426664 129496
 -426664 129458
 -412653 7976083
 -412653 111763
 -412653 126867
 -412653 126930
 -399009 7989727
 -399009 125407
 -399009 124639
 -399009 124613
 -385604 8035772
 -385604 105916
 -385604 122300
 -385604 122277
 -372252 8048996
 -372252 119140
 -372252 120420
 -372252 120328
 -359458 8029022
 -359458 99166
 -359458 118366
 -359458 118310
 -346807 8041929
 -346807 112073
 -346807 116425
 -346807 116389
 -334805 8053931
 -334805 124075
 -334805 114347
 -334805 114391
 -322909 8098339
 -322909 102947
 -322909 112163
 -322909 112148
 -311285 8110219
 -311285 114827
 -311285 110475
 -311285 110545
 -299787 8121589
 -299787 126197
 -299787 109045
 -299787 109016
 -288968 8099768
 -288968 104376
 -288968 106936
 -288968 106988
 -278214 8110394
 -278214 115002
 -278214 105274
 -278214 105323
 -267751 8120857
 -267751 125465
 -267751 103449
 -267751 103424
 -257518 8163858
 -257518 102930
 -257518 101650
 -257518 101712
 -247635 8173613
 -247635 112685
 -247635 99885
 -247635 99886
 -238144 8150336
 -238144 89408
 -238144 98112
 -238144 98117
 -228865 8126847
 -228865 65919
 -228865 96639
 -228865 96579
 -219877 8135963
 -219877 75035
 -219877 95003
 -219877 95099
 -211258 8144582
 -211258 83654
 -211258 93894
 -211258 93908
 -202762 8152950
 -202762 92022
 -202762 92534
 -202762 92538
 -194518 8194090
 -194518 67626
 -194518 91178
 -194518 91189
 -186599 8202137
 -186599 75673
 -186599 89241
 -186599 89301
 -178783 8209697
 -178783 83233
 -178783 87585
 -178783 87647
 -171394 8217214
 -171394 90750
 -171394 85886
 -171394 85824
 -163826 8192142
 -163826 65678
 -163826 84110
 -163826 84167
 -157088 8198880
 -157088 72416
 -157088 82400
 -157088 82329
 -150504 8205336
 -150504 78872
 -150504 80664
 -150504 80765
 -144298 8211670
 -144298 85206
 -144298 79062
 -144298 79071
 -137850 8217990
 -137850 91526
 -137850 77446
 -137850 77480
 -131718 8224250
 -131718 97786
 -131718 76026
 -131718 75991
 -125987 8262621
 -125987 70621
 -125987 74461
 -125987 74376
 -120384 8268096
 -120384 76096
 -120384 73280
 -120384 73240
 -115137 8273599
 -115137 81599
 -115137 71871
 -115137 71866
 -110055 8278681
 -110055 86681
 -110055 70553
 -110055 70625
 -104945 8283663
 -104945 91663
 -104945 69391
 -104945 69472
 -100159 8288321
 -100159 96321
 -100159 68161
 -100159 68162
 -95337 8260503
 -95337 68503
 -95337 66455
 -95337 66529
 -91016 8297592
 -91016 40056
 -91016 64888
 -91016 64830
 -86786 8301694
 -86786 44158
 -86786 63358
 -86786 63316
 -82732 8305876
 -82732 48340
 -82732 62164
 -82732 62134
 -78789 8309819
 -78789 52283
 -78789 61243
 -78789 61281
 -75019 8313589
 -75019 56053
 -75019 60661
 -75019 60633
 -71463 8317145
 -71463 59609
 -71463 60121
 -71463 60068
 -67906 8320574
 -67906 63038
 -67906 59454
 -67906 59518
 -64526 8356850
 -64526 33778
 -64526 58866
 -64526 58819
 -61561 8359815
 -61561 36743
 -61561 58247
 -61561 58325
 -58398 8362978
 -58398 39906
 -58398 57826
 -58398 57778
 -55620 8365628
 -55620 42556
 -55620 57404
 -55620 57377
 -52780 8368596
 -52780 45524
 -52780 57044
 -52780 57007
 -50118 8371386
 -50118 48314
 -50118 56506
 -50118 56496
 -47495 8374009
 -47495 50937
 -47495 56057
 -47495 56011
 -45117 8376259
 -45117 53187
 -45117 55491
 -45117 55518
 -42714 8378662
 -42714 55590
 -42714 54822
 -42714 54866
 -40605 8380771
 -40605 57699
 -40605 54371
 -40605 54376
 -38651 8382725
 -38651 59653
 -38651 53765
 -38651 53779
 -36688 8384560
 -36688 61488
 -36688 53040
 -36688 53105
 -34585 8386663
 -34585 63591
 -34585 52583
 -34585 52589
 -32554 8355926
 -32554 32854
 -32554 52566
 -32554 52567
 -30910 8357698
 -30910 34626
 -30910 52546
 -30910 52543
 -29286 8359322
 -29286 36250
 -29286 52378
 -29286 52442
 -27763 8360845
 -27763 37773
 -27763 51853
 -27763 51882
 -26303 8362433
 -26303 39361
 -26303 51393
 -26303 51420
 -24696 8363784
 -24696 40712
 -24696 50952
 -24696 50981
 -23319 8365289
 -23319 42217
 -23319 50153
 -23319 50090
 -22101 8366379
 -22101 43307
 -22101 49195
 -22101 49214
 -20921 8367815
 -20921 44743
 -20921 48071
 -20921 48069
 -19751 8368857
 -19751 45785
 -19751 47577
 -19751 47550
 -18622 8370114
 -18622 47042
 -18622 47042
 -18622 47009
 -17579 8371157
 -17579 48085
 -17579 46549
 -17579 46530
 -16634 8372102
 -16634 49030
 -16634 45702
 -16634 45697
 -15740 8372740
 -15740 49668
 -15740 45060
 -15740 45078
 -14896 8373712
 -14896 50640
 -14896 44496
 -14896 44499
 -14120 8374488
 -14120 51416
 -14120 44248
 -14120 44211
 -13353 8375127
 -13353 52055
 -13353 43863
 -13353 43815
 -12499 8376109
 -12499 53037
 -12499 43309
 -12499 43301
 -11580 8377028
 -11580 53956
 -11580 42948
 -11580 42901
 -10922 8377814
 -10922 54742
 -10922 42198
 -10922 42186
 -10338 8378270
 -10338 55198
 -10338 41374
 -10338 41461
 -9675 8379061
 -9675 55989
 -9675 40885
 -9675 40904
 -9101 8379507
 -9101 56435
 -9101 40563
 -9101 40449
 -8397 8380211
 -8397 57139
 -8397 40243
 -8397 40299
 -8008 8380472
 -8008 57400
 -8008 40504
 -8008 40507
 -7666 8381070
 -7666 57998
 -7666 40590
 -7666 40607
 -7267 8381341
 -7267 58269
 -7267 40605
 -7267 40608
 -6763 8381845
 -6763 58773
 -6763 40853
 -6763 40947
 -6147 8382333
 -6147 59261
 -6147 40829
 -6147 40779
 -5901 8382707
 -5901 59635
 -5901 40691
 -5901 40661
 -5827 8382909
 -5827 59837
 -5827 40893
 -5827 40907
 -5449 8383159
 -5449 60087
 -5449 41143
 -5449 41210
 -5111 8383497
 -5111 60425
 -5111 40713
 -5111 40785
 -4889 8383719
 -4889 60647
 -4889 40423
 -4889 40371
 -4643 8383837
 -4643 60765
 -4643 40541
 -4643 40524
 -4439 8384041
 -4439 60969
 -4439 40489
 -4439 40522
 -4177 8384303
 -4177 61231
 -4177 40495
 -4177 40545
 -3952 8384656
 -3952 61584
 -3952 40848
 -3952 40876
 -3669 8384811
 -3669 61739
 -3669 41003
 -3669 41000
 -3303 8385305
 -3303 62233
 -3303 41241
 -3303 41306
 -2999 8385737
 -2999 62665
 -2999 41417
 -2999 41348
 -2779 8385829
 -2779 62757
 -2779 41509
 -2779 41474
 -2629 8385979
 -2629 62907
 -2629 41147
 -2629 41153
 -2328 8386152
 -2328 63080
 -2328 41064
 -2328 40971
 -2328 8386152
 -2328 63080
 -2328 40808
 -2328 40730
 -2113 8386495
 -2113 63423
 -2113 40383
 -2113 40397
 -2150 8386330
 -2150 63258
 -2150 39706
 -2150 39739
 -2243 8386365
 -2243 63293
 -2243 39229
 -2243 39241
 -2035 8386701
 -2035 63629
 -2035 39053
 -2035 39076
 -1652 8386828
 -1652 63756
 -1652 38668
 -1652 38732
 -1460 8387276
 -1460 64204
 -1460 38348
 -1460 38342
 -1479 8387129
 -1479 64057
 -1479 37945
 -1479 37968
 -1208 8387528
 -1208 64456
 -1208 37576
 -1208 37588
 -1313 8387295
 -1313 64223
 -1313 37599
 -1313 37567
 -1159 8387577
 -1159 64505
 -1159 37369
 -1159 37303
 -1266 8387470
 -1266 64398
 -1266 36750
 -1266 36808
 -1234 8387502
 -1234 64430
 -1234 36782
 -1234 36769
 -954 8387782
 -954 64710
 -954 36550
 -954 36564
 -825 8387783
 -825 64711
 -825 35783
 -825 35722
 -905 8387831
 -905 64759
 -905 35319
 -905 35212
 -885 8387595
 -885 64523
 -885 34827
 -885 34924
 -888 8387720
 -888 64648
 -888 34696
 -888 34764
 -802 8387806
 -802 64734
 -802 35038
 -802 35005
 -767 8387841
 -767 64769
 -767 35073
 -767 35197
 -912 8387696
 -912 64624
 -912 35440
 -912 35426
 -814 8387794
 -814 64722
 -814 35538
 -814 35577
 -769 8387711
 -769 64639
 -769 35967
 -769 35891
 -794 8387814
 -794 64742
 -794 36070
 -794 35990
 -611 8387997
 -611 64925
 -611 35997
 -611 36061
 -809 8387671
 -809 64599
 -809 36439
 -809 36473
 -837 8387643
 -837 64571
 -837 36667
 -837 36662
 -602 8388006
 -602 64934
 -602 36774
 -602 36764
 -446 8388290
 -446 65218
 -446 36802
 -446 36773
 -521 8388087
 -521 65015
 -521 36855
 -521 36807
 -634 8387974
 -634 64902
 -634 36742
 -634 36818
 -720 8387888
 -720 64816
 -720 36912
 -720 36976
 -686 8388050
 -686 64978
 -686 37074
 -686 37051
 -538 8388070
 -538 64998
 -538 37606
 -538 37504
 -411 8388325
 -411 65253
 -411 37605
 -411 37614
 -556 8387924
 -556 64852
 -556 37972
 -556 37975
 -433 8388175
 -433 65103
 -433 38479
 -433 38401
 -234 8388374
 -234 65302
 -234 38166
 -234 38256
 -206 8388530
 -206 65458
 -206 37810
 -206 37791
 -206 8388530
 -206 65458
 -206 37298
 -206 37326
 -302 8388178
 -302 65106
 -302 36946
 -302 36886
 -363 8388117
 -363 65045
 -363 36629
 -363 36714
 -179 8388429
 -179 65357
 -179 36429
 -179 36441
 -157 8388451
 -157 65379
 -157 36195
 -157 36204
 -350 8388130
 -350 65058
 -350 35618
 -350 35659
 -324 8388156
 -324 65084
 -324 35388
 -324 35328
 -290 8388190
 -290 65118
 -290 35166
 -290 35181
 -54 8388426
 -54 65354
 -54 34890
 -54 34922
 -76 8388404
 -76 65332
 -76 34868
 -76 34842
 -63 8388545
 -63 65473
 -63 34753
 -63 34777
 -240 8388496
 -240 65424
 -240 34448
 -240 34525
 -284 8388324
 -284 65252
 -284 34276
 -284 34252
 -409 8388199
 -409 65127
 -409 33895
 -409 33873
 -487 8388249
 -487 65177
 -487 33433
 -487 33453
 -550 8387930
 -550 64858
 -550 33114
 -550 33144
 -405 8355563
 -405 32491
 -405 32747
 -405 32757
 -74 8355638
 -74 32566
 -74 32310
 -74 32359
 -209 8355759
 -209 32687
 -209 32431
 -209 32496
 -65 8388415
 -65 65343
 -65 32831
 -65 32794
 -180 8388428
 -180 65356
 -180 33100
 -180 33080
 -77 8388531
 -77 65459
 -77 33459
 -77 33422
 -318 8388162
 -318 65090
 -318 33858
 -318 33793
 -48 8388432
 -48 65360
 -48 34128
 -48 34101
 -218 8388518
 -218 65446
 -218 33958
 -218 34024
 -259 8388221
 -259 65149
 -259 33917
 -259 33911
 -139 8388469
 -139 65397
 -139 34165
 -139 34088
 15 32783
 15 32783
 15 34575
 15 34679
 19 32915
 19 32915
 19 34707
 19 34696
 -386 8388222
 -386 65150
 -386 34686
 -386 34653
 -433 8388303
 -433 65231
 -433 34767
 -433 34768
 -121 8388359
 -121 65287
 -121 35079
 -121 35190
 80 32976
 80 32976
 80 35536
 80 35513
 -184 8388552
 -184 65480
 -184 36040
 -184 35996
 -451 8388157
 -451 65085
 -451 36669
 -451 36690
 -397 8388211
 -397 65139
 -397 36723
 -397 36625
 -110 8388370
 -110 65298
 -110 36370
 -110 36466
 -123 8388485
 -123 65413
 -123 36229
 -123 36261
 -233 8388375
 -233 65303
 -233 35863
 -233 35934
 -325 8388155
 -325 65083
 -325 35643
 -325 35683
 -64 8388544
 -64 65472
 -64 35520
 -64 35521
 47 32815
 47 32815
 47 35119
 47 35190
 -209 8388527
 -209 65455
 -209 34735
 -209 34775
 -297 8388311
 -297 65239
 -297 34519
 -297 34465
 -267 8388213
 -267 65141
 -267 33909
 -267 33895
 -201 8388535
 -201 65463
 -201 33719
 -201 33732
 -199 8388409
 -199 65337
 -199 33593
 -199 33631
 -123 8388357
 -123 65285
 -123 33541
 -123 33543
 -385 8388223
 -385 65151
 -385 33407
 -385 33315
 -469 8388139
 -469 65067
 -469 33323
 -469 33367
 -211 8388397
 -211 65325
 -211 33069
 -211 33113
 -106 8388374
 -106 65302
 -106 32790
 -106 32828
 -64 8355776
 -64 32704
 -64 32448
 -64 32446
 -107 8355605
 -107 32533
 -107 32021
 -107 32058
 -26 8355814
 -26 32742
 -26 31718
 -26 31683
 -82 8355758
 -82 32686
 -82 31150
 -82 31231
 -127 8355585
 -127 32513
 -127 30977
 -127 31050
 -466 8355374
 -466 32302
 -466 31278
 -466 31281
 -161 8355807
 -161 32735
 -161 31199
 -161 31207
 -19 8355693
 -19 32621
 -19 31853
 -19 31794
 -87 8355625
 -87 32553
 -87 32041
 -87 32071
 -100 8355740
 -100 32668
 -100 32156
 -100 32130
 -304 8355536
 -304 32464
 -304 32208
 -304 32207
 -359 8355353
 -359 32281
 -359 32537
 -359 32585
 -340 8388140
 -340 65068
 -340 32812
 -340 32825
 -86 8388522
 -86 65450
 -86 32938
 -86 33021
 -193 8388543
 -193 65471
 -193 33215
 -193 33275
 -202 8388406
 -202 65334
 -202 33590
 -202 33554
 -248 8388360
 -248 65288
 -248 33544
 -248 33612
 -296 8388184
 -296 65112
 -296 33880
 -296 33817
 -227 8388509
 -227 65437
 -227 34205
 -227 34182
 -89 8388519
 -89 65447
 -89 34215
 -89 34246
 -411 8388197
 -411 65125
 -411 34149
 -411 34118
 -484 8388252
 -484 65180
 -484 34460
 -484 34459
 -252 8388356
 -252 65284
 -252 34820
 -252 34900
 -75 8388533
 -75 65461
 -75 34997
 -75 35068
 -89 8388391
 -89 65319
 -89 35111
 -89 35169
 -191 8388545
 -191 65473
 -191 35009
 -191 34956
 -231 8388377
 -231 65305
 -231 34841
 -231 34857
 -168 8388440
 -168 65368
 -168 34648
 -168 34579
 -13 8388467
 -13 65395
 -13 34419
 -13 34431
 -292 8388188
 -292 65116
 -292 34396
 -292 34379
 -30 8388578
 -30 65506
 -30 34018
 -30 34010
 -194 8388414
 -194 65342
 -194 33598
 -194 33650
 -119 8388489
 -119 65417
 -119 33161
 -119 33216
 -102 8388506
 -102 65434
 -102 32922
 -102 32898
 -136 8355832
 -136 32760
 -136 32504
 -136 32510
 -200 8355640
 -200 32568
 -200 32312
 -200 32329
 -311 8355529
 -311 32457
 -311 31945
 -311 31954
 -168 8355672
 -168 32600
 -168 32088
 -168 32125
 -213 8355627
 -213 32555
 -213 32043
 -213 32025
 -62 8355778
 -62 32706
 -62 31682
 -62 31695
 -125 8355587
 -125 32515
 -125 31235
 -125 31310
 -118 8355594
 -118 32522
 -118 30730
 -118 30778
 -329 8355383
 -329 32311
 -329 30519
 -329 30511
 -395 8355573
 -395 32501
 -395 30453
 -395 30372
 -383 8355329
 -383 32257
 -383 30465
 -383 30497
 -258 8355582
 -258 32510
 -258 30718
 -258 30646
 -246 8355722
 -246 32650
 -246 30858
 -246 30905
 -78 8355634
 -78 32562
 -78 31282
 -78 31299
 -19 8355693
 -19 32621
 -19 31341
 -19 31268
 -46 8355794
 -46 32722
 -46 31442
 -46 31420
 -68 8355772
 -68 32700
 -68 31676
 -68 31659
 17 17
 17 17
 17 32017
 17 32046
 -1 8355711
 -1 32639
 -1 32383
 -1 32269
 -504 8355336
 -504 32264
 -504 32264
 -504 32343
 -354 8355358
 -354 32286
 -354 32542
 -354 32547
 -271 8355441
 -271 32369
 -271 32625
 -271 32625
 -132 8355836
 -132 32764
 -132 32764
 -132 32708
 -231 8388377
 -231 65305
 -231 32793
 -231 32790
 -326 8388154
 -326 65082
 -326 33082
 -326 33133
 -301 8388179
 -301 65107
 -301 33363
 -301 33344
 -82 8388526
 -82 65454
 -82 33710
 -82 33675
 -59 8388421
 -59 65349
 -59 34117
 -59 34136
 -409 8388327
 -409 65255
 -409 34279
 -409 34231
 -294 8388314
 -294 65242
 -294 34266
 -294 34303
 -194 8388414
 -194 65342
 -194 34366
 -194 34364
 -23 8388585
 -23 65513
 -23 34025
 -23 34017
 -19 8388461
 -19 65389
 -19 33645
 -19 33644
 -15 8388593
 -15 65521
 -15 33521
 -15 33425
 -265 8388343
 -265 65271
 -265 33271
 -265 33200
 -265 8388215
 -265 65143
 -265 32887
 -265 32894
 -41 8355799
 -41 32727
 -41 32727
 -41 32644
 -88 8355752
 -88 32680
 -88 32424
 -88 32391
 -170 8355670
 -170 32598
 -170 32086
 -170 32007
 -225 8355615
 -225 32543
 -225 31775
 -225 31809
 -125 8355715
 -125 32643
 -125 31619
 -125 31642
 -138 8355830
 -138 32758
 -138 31478
 -138 31453
 -148 8355820
 -148 32748
 -148 31212
 -148 31107
 -289 8355551
 -289 32479
 -289 30943
 -289 30884
 -135 8355705
 -135 32633
 -135 30841
 -135 30780
 -11 8355701
 -11 32629
 -11 30581
 -11 30528
 88 88
 88 88
 88 30040
 88 29978
 46 174
 46 174
 46 29614
 46 29597
 22 150
 22 150
 22 29334
 22 29413
 2 2
 2 2
 2 29186
 2 29298
 -29 8355811
 -29 32739
 -29 29667
 -29 29679
 -32 8355680
 -32 32608
 -32 30304
 -32 30221
 109 237
 109 237
 109 30445
 109 30378
 133 133
 133 133
 133 30597
 133 30626
 -288 8355424
 -288 32352
 -288 30816
 -288 30833
 -93 8355747
 -93 32675
 -93 31139
 -93 31200
 -255 8355585
 -255 32513
 -255 31489
 -255 31530
 -201 8355639
 -201 32567
 -201 31799
 -201 31813
 -229 8355611
 -229 32539
 -229 32027
 -229 32073
 -183 8355785
 -183 32713
 -183 32201
 -183 32215
 11 11
 11 11
 11 32267
 11 32268
 -164 8355676
 -164 32604
 -164 32092
 -164 32080
 -417 8355423
 -417 32351
 -417 32095
 -417 32112
 -345 8355367
 -345 32295
 -345 32295
 -345 32324
 -29 8355811
 -29 32739
 -29 32739
 -29 32713
 -115 8388365
 -115 65293
 -115 33037
 -115 33077
 79 32975
 79 32975
 79 33743
 79 33669
 -210 8388526
 -210 65454
 -210 33966
 -210 33920
 -296 8388184
 -296 65112
 -296 33880
 -296 33842
 -112 8388368
 -112 65296
 -112 33552
 -112 33624
 85 32853
 85 32853
 85 33365
 85 33330
 117 32885
 117 32885
 117 33141
 117 33044
 -97 8388383
 -97 65311
 -97 32799
 -97 32798
 -459 8355509
 -459 32437
 -459 32693
 -459 32689
 -227 8355741
 -227 32669
 -227 32413
 -227 32391
 -76 8355764
 -76 32692
 -76 32180
 -76 32241
 -73 8355639
 -73 32567
 -73 32055
 -73 32066
 -295 8355417
 -295 32345
 -295 31833
 -295 31773
 -99 8355613
 -99 32541
 -99 31261
 -99 31257
 12 140
 12 140
 12 30860
 12 30875
 -242 8355726
 -242 32654
 -242 30606
 -242 30698
 -74 8355766
 -74 32694
 -74 30646
 -74 30661
 -151 8355689
 -151 32617
 -151 30825
 -151 30763
 -97 8355743
 -97 32671
 -97 30623
 -97 30654
 -186 8355782
 -186 32710
 -186 30406
 -186 30361
 -40 8355672
 -40 32600
 -40 29528
 -40 29553
 107 235
 107 235
 107 28907
 107 28801
 -329 8355511
 -329 32439
 -329 28343
 -329 28320
 -409 8355559
 -409 32487
 -409 28647
 -409 28649
 60 188
 60 188
 60 29116
 60 29150
 182 54
 182 54
 182 29494
 182 29451
 -63 8355649
 -63 32577
 -63 29761
 -63 29717
 -15 8355825
 -15 32753
 -15 30193
 -15 30178
 -105 8355735
 -105 32663
 -105 30359
 -105 30447
 93 221
 93 221
 93 30429
 93 30450
 -25 8355687
 -25 32615
 -25 30823
 -25 30774
 19 19
 19 19
 19 30995
 19 31103
 104 232
 104 232
 104 31208
 104 31158
 29 29
 29 29
 29 31261
 29 31240
 -107 8355733
 -107 32661
 -107 31381
 -107 31366
 -69 8355771
 -69 32699
 -69 31419
 -69 31468
 119 119
 119 119
 119 31863
 119 31798
 -128 8355584
 -128 32512
 -128 31744
 -128 31836
 -178 8355662
 -178 32590
 -178 32078
 -178 32114
 110 110
 110 110
 110 32622
 110 32608
 59 187
 59 187
 59 32699
 59 32734
 -204 8388404
 -204 65332
 -204 33076
 -204 33085
 -316 8388164
 -316 65092
 -316 33092
 -316 33031
 -109 8388499
 -109 65427
 -109 32915
 -109 32924
 -113 8355727
 -113 32655
 -113 32655
 -113 32740
 -347 8355493
 -347 32421
 -347 32421
 -347 32410
 -172 8355796
 -172 32724
 -172 32212
 -172 32136
 -109 8355731
 -109 32659
 -109 31891
 -109 31955
 -384 8355456
 -384 32384
 -384 31616
 -384 31656
 -125 8355587
 -125 32515
 -125 31491
 -125 31491
 -148 8355820
 -148 32748
 -148 31212
 -148 31222
 -230 8355610
 -230 32538
 -230 31002
 -230 31011
 -201 8355767
 -201 32695
 -201 30647
 -201 30614
 41 169
 41 169
 41 30377
 41 30436
 156 28
 156 28
 156 30236
 156 30263
 34 34
 34 34
 34 29986
 34 30029
 -222 8355746
 -222 32674
 -222 29858
 -222 29915
 -204 8355764
 -204 32692
 -204 29876
 -204 29885
 60 188
 60 188
 60 29628
 60 29618
 49 49
 49 49
 49 28977
 49 28966
 156 28
 156 28
 156 28444
 156 28423
 -242 8355598
 -242 32526
 -242 28174
 -242 28163
 -309 8355531
 -309 32459
 -309 28363
 -309 28370
 -55 8355785
 -55 32713
 -55 28617
 -55 28637
 -110 8355602
 -110 32530
 -110 28946
 -110 28954
 -68 8355644
 -68 32572
 -68 29244
 -68 29309
 -302 8355410
 -302 32338
 -302 29522
 -302 29478
 -400 8355440
 -400 32368
 -400 29552
 -400 29546
 8 8
 8 8
 8 29704
 8 29761
 54 182
 54 182
 54 30134
 54 30118
 -270 8355570
 -270 32498
 -270 30706
 -270 30597
 -123 8355589
 -123 32517
 -123 30725
 -123 30731
 -8 8355704
 -8 32632
 -8 31096
 -8 30996
 178 50
 178 50
 178 31026
 178 31081
 -42 8355670
 -42 32598
 -42 31062
 -42 31030
 -125 8355587
 -125 32515
 -125 31235
 -125 31322
 -73 8355639
 -73 32567
 -73 31287
 -73 31282
 -160 8355680
 -160 32608
 -160 31328
 -160 31278
 -300 8355412
 -300 32340
 -300 31572
 -300 31602
 -282 8355430
 -282 32358
 -282 32102
 -282 32038
 -262 8355578
 -262 32506
 -262 32506
 -262 32502
 -233 8355735
 -233 32663
 -233 32663
 -233 32712
 -91 8355621
 -91 32549
 -91 32549
 -91 32545
 -39 8355801
 -39 32729
 -39 32217
 -39 32171
 192 192
 192 192
 192 32192
 192 32187
 -62 8355778
 -62 32706
 -62 31938
 -62 31889
 -150 8355818
 -150 32746
 -150 31466
 -150 31422
 -106 8355734
 -106 32662
 -106 31126
 -106 31129
 -43 8355797
 -43 32725
 -43 30933
 -43 30859
 -285 8355555
 -285 32483
 -285 30691
 -285 30690
 -331 8355381
 -331 32309
 -331 30517
 -331 30581
 138 138
 138 138
 138 30346
 138 30384
 89 89
 89 89
 89 30297
 89 30254
 -34 8355678
 -34 32606
 -34 30046
 -34 30022
 -88 8355624
 -88 32552
 -88 29736
 -88 29783
 -37 8355803
 -37 32731
 -37 29915
 -37 29825
 -1 8355839
 -1 32767
 -1 29695
 -1 29633
 198 198
 198 198
 198 29382
 198 29358
 66 194
 66 194
 66 28866
 66 28815
 -61 8355779
 -61 32707
 -61 28355
 -61 28352
 -56 8355784
 -56 32712
 -56 27848
 -56 27858
 -104 8355608
 -104 32536
 -104 27928
 -104 27983
 82 210
 82 210
 82 28114
 82 28141
 11 139
 11 139
 11 28555
 11 28578
 78 206
 78 206
 78 28878
 78 28824
 -114 8355598
 -114 32526
 -114 29198
 -114 29221
 -58 8355654
 -58 32582
 -58 29510
 -58 29553
 46 174
 46 174
 46 29614
 46 29684
 -75 8355765
 -75 32693
 -75 29877
 -75 29890
 -198 8355642
 -198 32570
 -198 30010
 -198 30078
 -130 8355710
 -130 32638
 -130 30078
 -130 30014
 -45 8355667
 -45 32595
 -45 30291
 -45 30325
 41 41
 41 41
 41 30505
 41 30466
 -122 8355718
 -122 32646
 -122 30598
 -122 30598
 -200 8355640
 -200 32568
 -200 30776
 -200 30725
 -63 8355777
 -63 32705
 -63 30913
 -63 30966
 51 179
 51 179
 51 31155
 51 31195
 45 173
 45 173
 45 31661
 45 31686
 29 157
 29 157
 29 31901
 29 31999
 -89 8355623
 -89 32551
 -89 32295
 -89 32353
 -22 8355818
 -22 32746
 -22 32490
 -22 32454
 64 64
 64 64
 64 32320
 64 32346
 44 172
 44 172
 44 31916
 44 31955
 -171 8355797
 -171 32725
 -171 31701
 -171 31635
 -215 8355753
 -215 32681
 -215 31657
 -215 31714
 -144 8355696
 -144 32624
 -144 31600
 -144 31578
 -11 8355701
 -11 32629
 -11 31349
 -11 31316
 51 51
 51 51
 51 31027
 51 31051
 13 141
 13 141
 13 30349
 13 30418
 -232 8355736
 -232 32664
 -232 30104
 -232 30114
 -15 8355825
 -15 32753
 -15 29681
 -15 29685
 30 30
 30 30
 30 29214
 30 29262
 -52 8355660
 -52 32588
 -52 29260
 -52 29238
 -248 8355592
 -248 32520
 -248 29192
 -248 29250
 -219 8355749
 -219 32677
 -219 29093
 -219 29066
 120 248
 120 248
 120 29176
 120 29096
 40 168
 40 168
 40 28840
 40 28803
 -14 8355826
 -14 32754
 -14 28146
 -14 28122
 -228 8355740
 -228 32668
 -228 27548
 -228 27628
 -220 8355748
 -220 32676
 -220 27556
 -220 27525
 -42 8355798
 -42 32726
 -42 27606
 -42 27580
 -27 8355813
 -27 32741
 -27 27877
 -27 27876
 1 1
 1 1
 1 28161
 1 28244
 244 116
 244 116
 244 28788
 244 28713
 28 156
 28 156
 28 28828
 28 28848
 -75 8355637
 -75 32565
 -75 28725
 -75 28782
 -14 8355698
 -14 32626
 -14 29042
 -14 28974
 -49 8355663
 -49 32591
 -49 29519
 -49 29558
 -12 8355828
 -12 32756
 -12 29940
 -12 29869
 -108 8355732
 -108 32660
 -108 30100
 -108 30166
 -275 8355565
 -275 32493
 -275 30189
 -275 30187
 -251 8355717
 -251 32645
 -251 30341
 -251 30424
 -13 8355827
 -13 32755
 -13 30451
 -13 30405
 -119 8355721
 -119 32649
 -119 30089
 -119 30163
 -226 8355614
 -226 32542
 -226 30238
 -226 30315
 -27 8355813
 -27 32741
 -27 30437
 -27 30450
 58 58
 58 58
 58 31034
 58 31005
 136 136
 136 136
 136 31368
 136 31487
 -166 8355802
 -166 32730
 -166 31706
 -166 31701
 -148 8355820
 -148 32748
 -148 31980
 -148 31893
 -141 8355699
 -141 32627
 -141 31859
 -141 31769
 -50 8355662
 -50 32590
 -50 31566
 -50 31515
 -393 8355447
 -393 32375
 -393 31351
 -393 31329
 -150 8355818
 -150 32746
 -150 31210
 -150 31176
 -88 8355752
 -88 32680
 -88 30888
 -88 30934
 154 154
 154 154
 154 30618
 154 30629
 -70 8355642
 -70 32570
 -70 30266
 -70 30218
 -350 8355362
 -350 32290
 -350 29730
 -350 29818
 -293 8355547
 -293 32475
 -293 29659
 -293 29603
 -52 8355660
 -52 32588
 -52 29516
 -52 29516
 179 51
 179 51
 179 29491
 179 29451
 82 210
 82 210
 82 29138
 82 29145
 -29 8355683
 -29 32611
 -29 29283
 -29 29200
 -239 8355729
 -239 32657
 -239 28817
 -239 28895
 -80 8355632
 -80 32560
 -80 28720
 -80 28679
 -53 8355659
 -53 32587
 -53 28491
 -53 28445
 -4 8355836
 -4 32764
 -4 27900
 -4 27895
 -93 8355619
 -93 32547
 -93 27427
 -93 27505
 -358 8355354
 -358 32282
 -358 27418
 -358 27438
 3 3
 3 3
 3 27139
 3 27262
 -49 8355663
 -49 32591
 -49 27727
 -49 27703
 -202 8355766
 -202 32694
 -202 27830
 -202 27859
 -196 8355644
 -196 32572
 -196 28220
 -196 28259
 -203 8355637
 -203 32565
 -203 28469
 -203 28475
 61 189
 61 189
 61 28605
 61 28664
 70 198
 70 198
 70 28870
 70 28803
 -219 8355621
 -219 32549
 -219 28965
 -219 28989
 -136 8355832
 -136 32760
 -136 29432
 -136 29424
 -143 8355697
 -143 32625
 -143 29809
 -143 29711
 -104 8355736
 -104 32664
 -104 29848
 -104 29827
 -36 8355676
 -36 32604
 -36 29788
 -36 29765
 -43 8355669
 -43 32597
 -43 30037
 -43 29964
 -104 8355608
 -104 32536
 -104 29976
 -104 30075
 -259 8355453
 -259 32381
 -259 30333
 -259 30223
 39 39
 39 39
 39 30503
 39 30565
 -39 8355801
 -39 32729
 -39 30937
 -39 30874
 4 132
 4 132
 4 31108
 4 31161
 -167 8355673
 -167 32601
 -167 31577
 -167 31560
 46 174
 46 174
 46 31662
 46 31689
 262 390
 262 390
 262 31366
 262 31463
 276 404
 276 404
 276 31124
 276 31130
 93 93
 93 93
 93 30813
 93 30797
 -181 8355787
 -181 32715
 -181 30667
 -181 30714
 -11 8355701
 -11 32629
 -11 30581
 -11 30546
 -11 8355701
 -11 32629
 -11 30325
 -11 30320
 6 134
 6 134
 6 29830
 6 29936
 -133 8355707
 -133 32635
 -133 29819
 -133 29750
 -178 8355790
 -178 32718
 -178 29646
 -178 29616
 -74 8355638
 -74 32566
 -74 29238
 -74 29298
 -146 8355822
 -146 32750
 -146 28910
 -146 28858
 -183 8355657
 -183 32585
 -183 28745
 -183 28789
 -18 8355694
 -18 32622
 -18 28782
 -18 28785
 -48 8355792
 -48 32720
 -48 28624
 -48 28595
 -110 8355730
 -110 32658
 -110 28562
 -110 28580
 -184 8355784
 -184 32712
 -184 28104
 -184 28091
 52 180
 52 180
 52 27572
 52 27570
 -30 8355810
 -30 32738
 -30 27362
 -30 27277
 -163 8355677
 -163 32605
 -163 26973
 -163 26951
 -80 8355760
 -80 32688
 -80 27056
 -80 27009
 16 16
 16 16
 16 27408
 16 27410
 -110 8355602
 -110 32530
 -110 27666
 -110 27740
 -329 8355383
 -329 32311
 -329 27959
 -329 28016
 -278 8355562
 -278 32490
 -278 28138
 -278 28103
 -129 8355839
 -129 32767
 -129 28159
 -129 28106
 58 58
 58 58
 58 28218
 58 28249
 33 161
 33 161
 33 28577
 33 28615
 -74 8355766
 -74 32694
 -74 29110
 -74 29070
 60 188
 60 188
 60 29372
 60 29352
 -10 8355702
 -10 32630
 -10 29558
 -10 29489
 10 138
 10 138
 10 29578
 10 29631
 -196 8355772
 -196 32700
 -196 29628
 -196 29627
 -318 8355522
 -318 32450
 -318 29890
 -318 29857
 -358 8355354
 -358 32282
 -358 29978
 -358 30002
 -40 8355800
 -40 32728
 -40 30168
 -40 30155
 2 2
 2 2
 2 30210
 2 30328
 -10 8355702
 -10 32630
 -10 30838
 -10 30781
 13 13
 13 13
 13 31245
 13 31268
 -35 8355805
 -35 32733
 -35 31453
 -35 31460
 -92 8355748
 -92 32676
 -92 31140
 -92 31139
 -3 8355837
 -3 32765
 -3 30973
 -3 30925
 -160 8355808
 -160 32736
 -160 30688
 -160 30661
 -195 8355773
 -195 32701
 -195 30397
 -195 30407
 -67 8355773
 -67 32701
 -67 30141
 -67 30203
 -11 8355829
 -11 32757
 -11 30197
 -11 30155
 96 224
 96 224
 96 29664
 96 29614
 -144 8355824
 -144 32752
 -144 29168
 -144 29113
 -90 8355622
 -90 32550
 -90 28966
 -90 29046
 -46 8355794
 -46 32722
 -46 28882
 -46 28927
 74 74
 74 74
 74 28746
 74 28774
 32 160
 32 160
 32 28576
 32 28591
 -283 8355557
 -283 32485
 -283 28389
 -283 28379
 -231 8355609
 -231 32537
 -231 28185
 -231 28283
 -139 8355829
 -139 32757
 -139 28149
 -139 28038
 -174 8355794
 -174 32722
 -174 27858
 -174 27871
 -186 8355654
 -186 32582
 -186 27462
 -186 27517
 -186 8355782
 -186 32710
 -186 27078
 -186 27115
 -244 8355596
 -244 32524
 -244 26636
 -244 26641
 -181 8355787
 -181 32715
 -181 26571
 -181 26542
 73 73
 73 73
 73 26953
 73 26884
 -220 8355620
 -220 32548
 -220 27172
 -220 27195
 -98 8355742
 -98 32670
 -98 27550
 -98 27522
 2 2
 2 2
 2 27650
 2 27768
 20 148
 20 148
 20 27796
 20 27777
 -294 8355418
 -294 32346
 -294 28250
 -294 28266
 -109 8355603
 -109 32531
 -109 28435
 -109 28535
 -255 8355585
 -255 32513
 -255 28673
 -255 28796
 66 66
 66 66
 66 28994
 66 28999
 175 47
 175 47
 175 28719
 175 28772
 9 9
 9 9
 9 29193
 9 29197
 -116 8355724
 -116 32652
 -116 29580
 -116 29628
 -136 8355832
 -136 32760
 -136 29688
 -136 29597
 -223 8355745
 -223 32673
 -223 29601
 -223 29580
 19 147
 19 147
 19 29843
 19 29832
 -61 8355651
 -61 32579
 -61 30019
 -61 30076
 -233 8355607
 -233 32535
 -233 30487
 -233 30513
 -238 8355730
 -238 32658
 -238 30866
 -238 30902
 -277 8355563
 -277 32491
 -277 31211
 -277 31157
 -161 8355679
 -161 32607
 -161 31071
 -161 31036
 -166 8355802
 -166 32730
 -166 30938
 -166 30970
 -337 8355503
 -337 32431
 -337 30383
 -337 30440
 -204 8355636
 -204 32564
 -204 30004
 -204 30044
 -127 8355585
 -127 32513
 -127 29953
 -127 29983
 -99 8355741
 -99 32669
 -99 29597
 -99 29614
 -184 8355784
 -184 32712
 -184 29384
 -184 29383
 -205 8355763
 -205 32691
 -205 29107
 -205 29149
 -159 8355681
 -159 32609
 -159 28769
 -159 28755
 -132 8355836
 -132 32764
 -132 28668
 -132 28587
 -211 8355757
 -211 32685
 -211 28589
 -211 28581
 36 36
 36 36
 36 28452
 36 28441
 -72 8355640
 -72 32568
 -72 28216
 -72 28210
 -291 8355421
 -291 32349
 -291 27997
 -291 27965
 46 46
 46 46
 46 27950
 46 27957
 11 139
 11 139
 11 27787
 11 27881
 -23 8355817
 -23 32745
 -23 27369
 -23 27342
 -117 8355723
 -117 32651
 -117 26763
 -117 26796
 -111 8355601
 -111 32529
 -111 26385
 -111 26494
 109 237
 109 237
 109 26349
 109 26267
 86 86
 86 86
 86 26454
 86 26408
 -333 8355379
 -333 32307
 -333 26675
 -333 26694
 -147 8355821
 -147 32749
 -147 27373
 -147 27265
 -108 8355604
 -108 32532
 -108 27668
 -108 27650
 160 32
 160 32
 160 27680
 160 27670
 51 179
 51 179
 51 28083
 51 28105
 -325 8355515
 -325 32443
 -325 28603
 -325 28581
 -99 8355741
 -99 32669
 -99 28829
 -99 28853
 -99 8355741
 -99 32669
 -99 29085
 -99 29115
 28 156
 28 156
 28 29596
 28 29656
 127 127
 127 127
 127 29823
 127 29788
 65 193
 65 193
 65 29633
 65 29678
 0 0
 0 0
 0 29440
 0 29481
 -106 8355734
 -106 32662
 -106 29334
 -106 29361
 -91 8355749
 -91 32677
 -91 29093
 -91 29169
 65 65
 65 65
 65 29505
 65 29513
 -67 8355645
 -67 32573
 -67 30013
 -67 30039
 -171 8355797
 -171 32725
 -171 30421
 -171 30433
 -76 8355764
 -76 32692
 -76 30644
 -76 30600
 -98 8355742
 -98 32670
 -98 30622
 -98 30647
 83 83
 83 83
 83 30547
 83 30538
 8 8
 8 8
 8 30216
 8 30288
 -30 8355682
 -30 32610
 -30 30050
 -30 29993
 -33 8355679
 -33 32607
 -33 29791
 -33 29762
 140 140
 140 140
 140 29580
 140 29643
 -104 8355608
 -104 32536
 -104 29208
 -104 29213
 -260 8355580
 -260 32508
 -260 28924
 -260 28923
 -28 8355684
 -28 32612
 -28 28772
 -28 28683
 276 404
 276 404
 276 28308
 276 28319
 -25 8355687
 -25 32615
 -25 28263
 -25 28194
 -122 8355590
 -122 32518
 -122 27910
 -122 28011
 -86 8355626
 -86 32554
 -86 27946
 -86 27934
 -26 8355686
 -26 32614
 -26 27750
 -26 27729
 22 22
 22 22
 22 27414
 22 27489
 -17 8355823
 -17 32751
 -17 27375
 -17 27323
 77 77
 77 77
 77 26957
 77 26908
 -97 8355615
 -97 32543
 -97 26399
 -97 26402
 110 110
 110 110
 110 26222
 110 26157
 64 64
 64 64
 64 25920
 64 25977
 -29 8355811
 -29 32739
 -29 26083
 -29 26108
 -3 8355709
 -3 32637
 -3 26493
 -3 26394
 29 157
 29 157
 29 26781
 29 26829
 -13 8355827
 -13 32755
 -13 27123
 -13 27050
 22 22
 22 22
 22 27414
 22 27463
 -25 8355687
 -25 32615
 -25 27751
 -25 27708
 -281 8355559
 -281 32487
 -281 28135
 -281 28048
 9 137
 9 137
 9 28553
 9 28642
 -82 8355630
 -82 32558
 -82 28718
 -82 28686
 240 240
 240 240
 240 28912
 240 28805
 26 154
 26 154
 26 28826
 26 28824
 -140 8355828
 -140 32756
 -140 28660
 -140 28643
 -47 8355665
 -47 32593
 -47 28753
 -47 28682
 12 140
 12 140
 12 28812
 12 28926
 185 57
 185 57
 185 29241
 185 29220
 -55 8355657
 -55 32585
 -55 29513
 -55 29502
 -102 8355738
 -102 32666
 -102 30106
 -102 30083
 -86 8355754
 -86 32682
 -86 30378
 -86 30349
 254 126
 254 126
 254 30590
 254 30573
 207 207
 207 207
 207 30671
 207 30612
 -18 8355822
 -18 32750
 -18 30446
 -18 30371
 -343 8355497
 -343 32425
 -343 30121
 -343 30101
 -154 8355814
 -154 32742
 -154 29670
 -154 29655
 -99 8355613
 -99 32541
 -99 29469
 -99 29547
 -89 8355623
 -89 32551
 -89 29223
 -89 29286
 -109 8355731
 -109 32659
 -109 29075
 -109 29089
 -221 8355747
 -221 32675
 -221 28835
 -221 28861
 -130 8355710
 -130 32638
 -130 28542
 -130 28535
 -62 8355650
 -62 32578
 -62 28226
 -62 28228
 -59 8355781
 -59 32709
 -59 27845
 -59 27862
 -61 8355651
 -61 32579
 -61 27459
 -61 27492
 -47 8355793
 -47 32721
 -47 27345
 -47 27266
 -130 8355710
 -130 32638
 -130 27262
 -130 27154
 46 174
 46 174
 46 27054
 46 27097
 160 160
 160 160
 160 27040
 160 27059
 60 60
 60 60
 60 26684
 60 26672
 46 46
 46 46
 46 26158
 46 26121
 85 85
 85 85
 85 25941
 85 25885
 150 150
 150 150
 150 25750
 150 25819
 -64 8355648
 -64 32576
 -64 26176
 -64 26120
 9 9
 9 9
 9 26377
 9 26430
 -434 8355406
 -434 32334
 -434 26958
 -434 26995
 -70 8355770
 -70 32698
 -70 27066
 -70 27066
 20 20
 20 20
 20 27156
 20 27185
 50 178
 50 178
 50 27314
 50 27328
 26 154
 26 154
 26 27546
 26 27601
 -203 8355765
 -203 32693
 -203 27573
 -203 27572
 -166 8355802
 -166 32730
 -166 27866
 -166 27787
 -78 8355762
 -78 32690
 -78 28082
 -78 28152
 170 170
 170 170
 170 28330
 170 28361
 -120 8355720
 -120 32648
 -120 28552
 -120 28575
 -165 8355675
 -165 32603
 -165 28763
 -165 28772
 -121 8355591
 -121 32519
 -121 28935
 -121 28940
 -93 8355619
 -93 32547
 -93 28963
 -93 28968
 -31 8355809
 -31 32737
 -31 29153
 -31 29177
 66 194
 66 194
 66 29378
 66 29328
 -75 8355637
 -75 32565
 -75 29749
 -75 29800
 19 19
 19 19
 19 29971
 19 29973
 78 206
 78 206
 78 29902
 78 29916
 -219 8355749
 -219 32677
 -219 29605
 -219 29695
 -303 8355409
 -303 32337
 -303 29521
 -303 29547
 -402 8355566
 -402 32494
 -402 29422
 -402 29387
 137 9
 137 9
 137 29193
 137 29242
 -5 8355835
 -5 32763
 -5 29179
 -5 29073
 -313 8355527
 -313 32455
 -313 28871
 -313 28874
 -461 8355507
 -461 32435
 -461 28595
 -461 28584
 -263 8355449
 -263 32377
 -263 28281
 -263 28165
 276 276
 276 276
 276 27924
 276 27904
 237 237
 237 237
 237 27629
 237 27645
 -131 8355709
 -131 32637
 -131 27517
 -131 27495
 -234 8355606
 -234 32534
 -234 27158
 -234 27241
 -231 8355737
 -231 32665
 -231 27033
 -231 27011
 -30 8355810
 -30 32738
 -30 26850
 -30 26860
 162 162
 162 162
 162 26530
 162 26502
 -171 8355797
 -171 32725
 -171 26325
 -171 26309
 -72 8355640
 -72 32568
 -72 25912
 -72 25908
 -14 8355826
 -14 32754
 -14 25586
 -14 25511
 -102 8355738
 -102 32666
 -102 25242
 -102 25330
 -117 8355723
 -117 32651
 -117 25483
 -117 25482
 -101 8355611
 -101 32539
 -101 25883
 -101 25945
 -30 8355682
 -30 32610
 -30 26210
 -30 26174
 47 47
 47 47
 47 26415
 47 26425
 -125 8355587
 -125 32515
 -125 26627
 -125 26746
 -77 8355635
 -77 32563
 -77 26931
 -77 26969
 40 40
 40 40
 40 27176
 40 27142
 -12 8355700
 -12 32628
 -12 27252
 -12 27143
 -126 8355714
 -126 32642
 -126 27522
 -126 27612
 -18 8355822
 -18 32750
 -18 27886
 -18 27829
 14 142
 14 142
 14 27790
 14 27837
 -146 8355822
 -146 32750
 -146 28142
 -146 28032
 -29 8355811
 -29 32739
 -29 28387
 -29 28375
 22 150
 22 150
 22 28566
 22 28662
 2 2
 2 2
 2 28418
 2 28425
 24 152
 24 152
 24 28568
 24 28639
 -80 8355632
 -80 32560
 -80 28976
 -80 29007
 -336 8355504
 -336 32432
 -336 29360
 -336 29428
 -167 8355673
 -167 32601
 -167 29785
 -167 29696
 -47 8355665
 -47 32593
 -47 29777
 -47 29726
 -199 8355769
 -199 32697
 -199 29625
 -199 29621
 -80 8355632
 -80 32560
 -80 29488
 -80 29450
 0 128
 0 128
 0 29312
 0 29341
 -20 8355692
 -20 32620
 -20 29036
 -20 29031
 -184 8355656
 -184 32584
 -184 29000
 -184 28967
 -204 8355764
 -204 32692
 -204 28596
 -204 28587
 -262 8355578
 -262 32506
 -262 28154
 -262 28150
 -229 8355611
 -229 32539
 -229 27931
 -229 27926
 -137 8355831
 -137 32759
 -137 27639
 -137 27522
 -184 8355656
 -184 32584
 -184 27208
 -184 27255
 -184 8355784
 -184 32712
 -184 26824
 -184 26870
 -125 8355587
 -125 32515
 -125 26627
 -125 26691
 -99 8355741
 -99 32669
 -99 26525
 -99 26563
 31 31
 31 31
 31 26655
 31 26633
 -49 8355791
 -49 32719
 -49 26575
 -49 26557
 -217 8355751
 -217 32679
 -217 26023
 -217 25998
 -172 8355668
 -172 32596
 -172 25428
 -172 25418
 -49 8355663
 -49 32591
 -49 25167
 -49 25184
 -20 8355820
 -20 32748
 -20 25068
 -20 24970
 -184 8355784
 -184 32712
 -184 25032
 -184 25082
 -284 8355556
 -284 32484
 -284 25316
 -284 25303
 -63 8355649
 -63 32577
 -63 25665
 -63 25665
 -135 8355833
 -135 32761
 -135 26105
 -135 26109
 83 211
 83 211
 83 26323
 83 26298
 -183 8355657
 -183 32585
 -183 26441
 -183 26477
 -136 8355832
 -136 32760
 -136 26872
 -136 26874
 -91 8355749
 -91 32677
 -91 27045
 -91 27059
 -72 8355768
 -72 32696
 -72 27320
 -72 27370
 144 16
 144 16
 144 27408
 144 27449
 11 139
 11 139
 11 27787
 11 27804
 1 129
 1 129
 1 28033
 1 28068
 -30 8355682
 -30 32610
 -30 28258
 -30 28176
 -11 8355701
 -11 32629
 -11 28021
 -11 27938
 -159 8355681
 -159 32609
 -159 28257
 -159 28273
 -168 8355800
 -168 32728
 -168 28376
 -168 28392
 -128 8355584
 -128 32512
 -128 28416
 -128 28505
 -81 8355631
 -81 32559
 -81 28975
 -81 28987
 -36 8355804
 -36 32732
 -36 29404
 -36 29312
 -1 8355839
 -1 32767
 -1 29695
 -1 29568
 15 15
 15 15
 15 29199
 15 29276
 -185 8355655
 -185 32583
 -185 28999
 -185 28955
 -185 8355783
 -185 32711
 -185 28871
 -185 28820
 -87 8355753
 -87 32681
 -87 28585
 -87 28640
 4 4
 4 4
 4 28420
 4 28499
 -139 8355829
 -139 32757
 -139 28149
 -139 28057
 -85 8355627
 -85 32555
 -85 27947
 -85 27979
 -79 8355633
 -79 32561
 -79 27441
 -79 27505
 -85 8355627
 -85 32555
 -85 26667
 -85 26744
 65 65
 65 65
 65 26433
 65 26378
 -42 8355798
 -42 32726
 -42 26326
 -42 26250
 131 3
 131 3
 131 26115
 131 26176
 10 10
 10 10
 10 25866
 10 25973
 38 166
 38 166
 38 26022
 38 26015
 -86 8355754
 -86 32682
 -86 25770
 -86 25828
 -35 8355677
 -35 32605
 -35 25437
 -35 25349
 -15 8355697
 -15 32625
 -15 24945
 -15 24906
 210 82
 210 82
 210 24402
 210 24399
 184 56
 184 56
 184 24120
 184 24127
 -51 8355661
 -51 32589
 -51 24397
 -51 24355
 -272 8355440
 -272 32368
 -272 24688
 -272 24624
 -264 8355576
 -264 32504
 -264 24824
 -264 24732
 51 179
 51 179
 51 25011
 51 25020
 13 141
 13 141
 13 25229
 13 25311
 -91 8355621
 -91 32549
 -91 25637
 -91 25654
 -141 8355699
 -141 32627
 -141 25971
 -141 25933
 39 39
 39 39
 39 26151
 39 26213
 98 226
 98 226
 98 26338
 98 26281
 66 194
 66 194
 66 26562
 66 26506
 -56 8355656
 -56 32584
 -56 26696
 -56 26689
 -50 8355662
 -50 32590
 -50 26958
 -50 26987
 -236 8355604
 -236 32532
 -236 27156
 -236 27250
 -149 8355691
 -149 32619
 -149 27243
 -149 27194
 52 180
 52 180
 52 27316
 52 27276
 -44 8355796
 -44 32724
 -44 27348
 -44 27366
 3 3
 3 3
 3 27907
 3 27966
 -83 8355757
 -83 32685
 -83 28333
 -83 28359
 35 163
 35 163
 35 28579
 35 28616
 -155 8355685
 -155 32613
 -155 28773
 -155 28766
 -90 8355750
 -90 32678
 -90 28582
 -90 28597
 -299 8355541
 -299 32469
 -299 28117
 -299 28120
 -35 8355677
 -35 32605
 -35 27741
 -35 27683
 -13 8355699
 -13 32627
 -13 27763
 -13 27716
 -31 8355681
 -31 32609
 -31 27489
 -31 27516
 -22 8355818
 -22 32746
 -22 27114
 -22 27064
 -166 8355674
 -166 32602
 -166 26714
 -166 26672
 -4 8355836
 -4 32764
 -4 26620
 -4 26515
 87 215
 87 215
 87 26327
 87 26256
 339 339
 339 339
 339 26195
 339 26154
 -129 8355711
 -129 32639
 -129 25983
 -129 25944
 -179 8355789
 -179 32717
 -179 25805
 -179 25801
 181 181
 181 181
 181 25781
 181 25754
 160 160
 160 160
 160 25504
 160 25493
 -26 8355686
 -26 32614
 -26 25446
 -26 25351
 -90 8355750
 -90 32678
 -90 24998
 -90 25087
 -66 8355646
 -66 32574
 -66 24382
 -66 24355
 -17 8355823
 -17 32751
 -17 24047
 -17 23947
 -58 8355654
 -58 32582
 -58 23878
 -58 23822
 -47 8355665
 -47 32593
 -47 23889
 -47 23931
 214 86
 214 86
 214 24406
 214 24330
 -112 8355728
 -112 32656
 -112 24720
 -112 24785
 -10 8355702
 -10 32630
 -10 24950
 -10 24889
 31 31
 31 31
 31 25119
 31 25100
 171 171
 171 171
 171 25259
 171 25342
 -124 8355716
 -124 32644
 -124 25476
 -124 25474
 -279 8355433
 -279 32361
 -279 25961
 -279 25902
 -68 8355772
 -68 32700
 -68 26044
 -68 26006
 187 187
 187 187
 187 26299
 187 26253
 86 86
 86 86
 86 26454
 86 26462
 -191 8355649
 -191 32577
 -191 26689
 -191 26718
 -110 8355602
 -110 32530
 -110 26642
 -110 26631
 -28 8355684
 -28 32612
 -28 26724
 -28 26647
 159 159
 159 159
 159 26783
 159 26780
 -90 8355750
 -90 32678
 -90 26534
 -90 26611
 -104 8355608
 -104 32536
 -104 27160
 -104 27185
 15 15
 15 15
 15 27919
 15 27920
 -11 8355701
 -11 32629
 -11 28021
 -11 28030
 44 172
 44 172
 44 28076
 44 28092
 -11 8355829
 -11 32757
 -11 28149
 -11 28069
 -188 8355780
 -188 32708
 -188 27844
 -188 27811
 -130 8355710
 -130 32638
 -130 27518
 -130 27472
 -8 8355832
 -8 32760
 -8 27128
 -8 27082
 75 203
 75 203
 75 26827
 75 26756
 -119 8355593
 -119 32521
 -119 26633
 -119 26625
 -139 8355829
 -139 32757
 -139 26357
 -139 26340
 -25 8355815
 -25 32743
 -25 26087
 -25 26015
 -66 8355774
 -66 32702
 -66 26046
 -66 25996
