 29 157
 29 157
 29 157
 29 150
 -90 8355622
 -90 32550
 -90 38
 -90 102
 14 -8355698
 14 -32626
 14 -370
 14 -319
 100 -8355740
 100 -32668
 100 -924
 100 -920
 243 -8355725
 243 -32653
 243 -1421
 243 -1501
 75 -8355765
 75 -32693
 75 -1461
 75 -1479
 -79 -79
 -79 -79
 -79 -1103
 -79 -1121
 -172 -172
 -172 -172
 -172 -684
 -172 -737
 108 -8355732
 108 -32660
 108 -404
 108 -491
 161 -8355807
 161 -32735
 161 -223
 161 -180
 -279 8355433
 -279 32361
 -279 361
 -279 292
 -176 8355792
 -176 32720
 -176 720
 -176 746
 -19 8355693
 -19 32621
 -19 877
 -19 889
 139 139
 139 139
 139 1163
 139 1169
 -46 8355666
 -46 32594
 -46 1362
 -46 1285
 -138 8355702
 -138 32630
 -138 1398
 -138 1382
 -247 8355721
 -247 32649
 -247 1417
 -247 1412
 -269 8355571
 -269 32499
 -269 1779
 -269 1725
 -68 8355772
 -68 32700
 -68 1980
 -68 2027
 -42 8355798
 -42 32726
 -42 2262
 -42 2275
 -196 8355644
 -196 32572
 -196 2364
 -196 2337
 -136 8355704
 -136 32632
 -136 2680
 -136 2658
 -71 8355769
 -71 32697
 -71 3257
 -71 3292
 2 130
 2 130
 2 3714
 2 3754
 62 190
 62 190
 62 3774
 62 3831
 1 129
 1 129
 1 3457
 1 3578
 40 40
 40 40
 40 3368
 40 3374
 132 4
 132 4
 132 3076
 132 3112
 125 253
 125 253
 125 2813
 125 2764
 -214 8355626
 -214 32554
 -214 2602
 -214 2661
 -160 8355680
 -160 32608
 -160 2656
 -160 2639
 -68 8355644
 -68 32572
 -68 2108
 -68 2165
 45 173
 45 173
 45 1709
 45 1681
 5 133
 5 133
 5 1413
 5 1464
 -12 8355828
 -12 32756
 -12 1268
 -12 1166
 -127 8355585
 -127 32513
 -127 769
 -127 779
 -11 8355701
 -11 32629
 -11 629
 -11 531
 94 222
 94 222
 94 478
 94 463
 190 62
 190 62
 190 318
 190 326
 56 184
 56 184
 56 184
 56 237
 -81 -81
 -81 -81
 -81 -81
 -81 -10
 -6 -6
 -6 -6
 -6 -774
 -6 -834
 -36 -36
 -36 -36
 -36 -1316
 -36 -1398
 -84 -84
 -84 -84
 -84 -1620
 -84 -1626
 27 -8355813
 27 -32741
 27 -1765
 27 -1733
 -14 -142
 -14 -142
 -14 -1422
 -14 -1501
 202 -8355638
 202 -32566
 202 -1078
 202 -1102
 115 -8355725
 115 -32653
 115 -653
 115 -720
 -62 -62
 -62 -62
 -62 -318
 -62 -315
 -229 8355611
 -229 32539
 -229 27
 -229 7
 61 189
 61 189
 61 189
 61 156
 -72 8355768
 -72 32696
 -72 440
 -72 442
 -34 8355806
 -34 32734
 -34 734
 -34 688
 -16 8355696
 -16 32624
 -16 880
 -16 821
 -85 8355627
 -85 32555
 -85 1323
 -85 1357
 -118 8355722
 -118 32650
 -118 1674
 -118 1715
 14 14
 14 14
 14 1806
 14 1841
 189 61
 189 61
 189 1853
 189 1803
 -106 8355606
 -106 32534
 -106 1814
 -106 1794
 -18 8355694
 -18 32622
 -18 1902
 -18 1867
 -32 8355808
 -32 32736
 -32 2272
 -32 2212
 -82 8355630
 -82 32558
 -82 2606
 -82 2639
 -10 8355702
 -10 32630
 -10 3190
 -10 3191
 249 249
 249 249
 249 3833
 249 3792
 25 153
 25 153
 25 3737
 25 3728
 -182 8355658
 -182 32586
 -182 3402
 -182 3333
 -6 8355706
 -6 32634
 -6 2938
 -6 2930
 80 208
 80 208
 80 2768
 80 2787
 190 62
 190 62
 190 2622
 190 2642
 -98 8355614
 -98 32542
 -98 2334
 -98 2402
 -174 8355794
 -174 32722
 -174 1746
 -174 1687
 -160 8355680
 -160 32608
 -160 1120
 -160 1078
 -24 8355688
 -24 32616
 -24 872
 -24 776
 -221 8355747
 -221 32675
 -221 419
 -221 427
 -388 8355452
 -388 32380
 -388 380
 -388 329
 -202 8355638
 -202 32566
 -202 54
 -202 31
 -33 -33
 -33 -33
 -33 -33
 -33 -40
 -148 8355692
 -148 32620
 -148 108
 -148 38
 -59 -187
 -59 -187
 -59 -187
 -59 -207
 -2 -130
 -2 -130
 -2 -386
 -2 -467
 -50 -178
 -50 -178
 -50 -946
 -50 -897
 194 -8355774
 194 -32702
 194 -1470
 194 -1439
 64 -8355776
 64 -32704
 64 -1984
 64 -2011
 189 -8355651
 189 -32579
 189 -2115
 189 -2140
 75 -8355765
 75 -32693
 75 -1717
 75 -1789
 106 -8355606
 106 -32534
 106 -1302
 106 -1373
 -20 -148
 -20 -148
 -20 -916
 -20 -944
 21 -8355819
 21 -32747
 21 -747
 21 -667
 -86 -86
 -86 -86
 -86 -342
 -86 -345
 -382 8355330
 -382 32258
 -382 258
 -382 303
 -193 8355775
 -193 32703
 -193 447
 -193 482
 -44 8355668
 -44 32596
 -44 596
 -44 609
 197 69
 197 69
 197 837
 197 894
 -72 8355768
 -72 32696
 -72 1208
 -72 1213
 -19 8355693
 -19 32621
 -19 1389
 -19 1350
 142 142
 142 142
 142 1422
 142 1526
 46 174
 46 174
 46 1710
 46 1746
 -153 8355687
 -153 32615
 -153 1895
 -153 1848
 -246 8355594
 -246 32522
 -246 1802
 -246 1871
 -57 8355783
 -57 32711
 -57 2247
 -57 2221
 -47 8355793
 -47 32721
 -47 2769
 -47 2734
 100 228
 100 228
 100 3300
 100 3291
 -9 8355703
 -9 32631
 -9 3447
 -9 3408
 -140 8355700
 -140 32628
 -140 3188
 -140 3139
 -311 8355529
 -311 32457
 -311 3017
 -311 2958
 -178 8355662
 -178 32590
 -178 2894
 -178 2917
 12 12
 12 12
 12 2572
 12 2601
 394 266
 394 266
 394 2058
 394 2159
 3 3
 3 3
 3 1795
 3 1878
 -177 8355791
 -177 32719
 -177 1743
 -177 1690
 -184 8355784
 -184 32712
 -184 1480
 -184 1477
 -82 8355758
 -82 32686
 -82 1198
 -82 1235
 -170 8355798
 -170 32726
 -170 726
 -170 728
 -342 8355370
 -342 32298
 -342 810
 -342 893
 -88 8355624
 -88 32552
 -88 808
 -88 858
 64 64
 64 64
 64 576
 64 575
 127 127
 127 127
 127 383
 127 275
 -71 8355769
 -71 32697
 -71 185
 -71 207
 -48 -48
 -48 -48
 -48 -48
 -48 -79
 28 -8355812
 28 -32740
 28 -740
 28 -670
 -79 -207
 -79 -207
 -79 -1487
 -79 -1460
 87 -8355625
 87 -32553
 87 -1833
 87 -1910
 173 -8355667
 173 -32595
 173 -1875
 173 -1796
 28 -8355812
 28 -32740
 28 -1508
 28 -1494
 -207 -207
 -207 -207
 -207 -1231
 -207 -1265
 44 -8355668
 44 -32596
 44 -1108
 44 -1048
 217 -8355623
 217 -32551
 217 -551
 217 -600
 -12 -12
 -12 -12
 -12 -268
 -12 -326
 -173 8355667
 -173 32595
 -173 83
 -173 1
 -62 8355650
 -62 32578
 -62 322
 -62 267
 -53 8355659
 -53 32587
 -53 331
 -53 344
 72 72
 72 72
 72 584
 72 611
 176 176
 176 176
 176 944
 176 1015
 70 198
 70 198
 70 1222
 70 1277
 -56 8355656
 -56 32584
 -56 1608
 -56 1568
 106 106
 106 106
 106 1898
 106 1914
 133 133
 133 133
 133 1669
 133 1769
 -18 8355822
 -18 32750
 -18 1774
 -18 1769
 -105 8355607
 -105 32535
 -105 2071
 -105 2083
 -105 8355735
 -105 32663
 -105 2455
 -105 2435
 71 199
 71 199
 71 3271
 71 3252
 4 4
 4 4
 4 3588
 4 3627
 8 136
 8 136
 8 3464
 8 3460
 -42 8355798
 -42 32726
 -42 3286
 -42 3327
 -107 8355733
 -107 32661
 -107 2709
 -107 2733
 -37 8355803
 -37 32731
 -37 2267
 -37 2279
 -83 8355757
 -83 32685
 -83 2221
 -83 2242
 24 152
 24 152
 24 1944
 24 2038
 -23 8355689
 -23 32617
 -23 1897
 -23 1853
 18 146
 18 146
 18 1682
 18 1722
 -44 8355796
 -44 32724
 -44 1492
 -44 1434
 -30 8355682
 -30 32610
 -30 1122
 -30 1122
 -3 8355709
 -3 32637
 -3 637
 -3 633
 -152 8355688
 -152 32616
 -152 360
 -152 257
 21 149
 21 149
 21 149
 21 152
 115 115
 115 115
 115 115
 115 98
 89 -8355623
 89 -32551
 89 -39
 89 -14
 -159 -31
 -159 -31
 -159 -31
 -159 -19
 -163 -163
 -163 -163
 -163 -419
 -163 -501
 -140 -12
 -140 -12
 -140 -1036
 -140 -1130
 -38 -38
 -38 -38
 -38 -1574
 -38 -1566
 62 -8355778
 62 -32706
 62 -1986
 62 -1971
 171 -8355669
 171 -32597
 171 -1877
 171 -1857
 -7 -135
 -7 -135
 -7 -1415
 -7 -1499
 -12 -12
 -12 -12
 -12 -1036
 -12 -1097
 -1 -129
 -1 -129
 -1 -641
 -1 -742
 -144 -144
 -144 -144
 -144 -400
 -144 -466
 -150 8355690
 -150 32618
 -150 106
 -150 116
 -136 8355704
 -136 32632
 -136 376
 -136 336
 146 146
 146 146
 146 658
 146 653
 251 251
 251 251
 251 1019
 251 988
 152 152
 152 152
 152 1176
 152 1211
 -86 8355626
 -86 32554
 -86 1066
 -86 1060
 -167 8355801
 -167 32729
 -167 1241
 -167 1250
 -177 8355663
 -177 32591
 -177 1359
 -177 1374
 -27 8355813
 -27 32741
 -27 1509
 -27 1498
 -130 8355710
 -130 32638
 -130 1918
 -130 1887
 -219 8355621
 -219 32549
 -219 2085
 -219 2099
 -171 8355669
 -171 32597
 -171 2645
 -171 2685
 -135 8355705
 -135 32633
 -135 3449
 -135 3430
 -215 8355625
 -215 32553
 -215 3625
 -215 3684
 -97 8355615
 -97 32543
 -97 3359
 -97 3364
 65 65
 65 65
 65 3137
 65 3108
 92 220
 92 220
 92 2780
 92 2710
 11 139
 11 139
 11 2443
 11 2479
 -209 8355631
 -209 32559
 -209 2095
 -209 2100
 -142 8355826
 -142 32754
 -142 1778
 -142 1764
 -107 8355733
 -107 32661
 -107 1429
 -107 1535
 -103 8355737
 -103 32665
 -103 1177
 -103 1235
 176 176
 176 176
 176 1200
 176 1174
 120 120
 120 120
 120 1144
 120 1095
 46 174
 46 174
 46 686
 46 699
 -160 8355680
 -160 32608
 -160 352
 -160 319
 60 60
 60 60
 60 60
 60 89
 75 75
 75 75
 75 75
 75 58
 3 -8355709
 3 -32637
 3 -381
 3 -328
 -157 -29
 -157 -29
 -157 -797
 -157 -795
 -7 -7
 -7 -7
 -7 -1031
 -7 -1043
 -206 -78
 -206 -78
 -206 -1358
 -206 -1373
 26 -8355686
 26 -32614
 26 -1894
 26 -1874
 164 -8355676
 164 -32604
 164 -2396
 164 -2309
 -125 -253
 -125 -253
 -125 -2301
 -125 -2177
 -235 -235
 -235 -235
 -235 -1771
 -235 -1791
 -174 -46
 -174 -46
 -174 -1070
 -174 -1094
 76 -8355764
 76 -32692
 76 -692
 76 -672
 -2 -130
 -2 -130
 -2 -642
 -2 -677
 -220 -220
 -220 -220
 -220 -476
 -220 -476
 -63 -63
 -63 -63
 -63 -63
 -63 -57
 91 219
 91 219
 91 219
 91 183
 1 129
 1 129
 1 385
 1 434
 106 106
 106 106
 106 618
 106 558
 -14 8355698
 -14 32626
 -14 882
 -14 882
 -42 8355798
 -42 32726
 -42 982
 -42 1013
 133 133
 133 133
 133 1413
 133 1438
 119 119
 119 119
 119 1655
 119 1593
 105 233
 105 233
 105 1513
 105 1535
 -60 8355652
 -60 32580
 -60 1860
 -60 1903
 103 103
 103 103
 103 2407
 103 2321
 222 94
 222 94
 222 2910
 222 2860
 120 120
 120 120
 120 3192
 120 3119
 59 187
 59 187
 59 2747
 59 2811
 -98 8355614
 -98 32542
 -98 2590
 -98 2683
 -157 8355683
 -157 32611
 -157 2659
 -157 2614
 40 40
 40 40
 40 2344
 40 2379
 120 120
 120 120
 120 2168
 120 2170
 -40 8355672
 -40 32600
 -40 1624
 -40 1554
 -145 8355695
 -145 32623
 -145 1135
 -145 1146
 -321 8355519
 -321 32447
 -321 959
 -321 924
 118 118
 118 118
 118 630
 118 625
 332 332
 332 332
 332 332
 332 259
 210 82
 210 82
 210 338
 210 272
 -104 8355608
 -104 32536
 -104 24
 -104 78
 -12 -140
 -12 -140
 -12 -396
 -12 -473
 111 -8355601
 111 -32529
 111 -529
 111 -625
 13 -8355699
 13 -32627
 13 -627
 13 -631
 101 -8355739
 101 -32667
 101 -923
 101 -898
 -2 -130
 -2 -130
 -2 -1154
 -2 -1209
 43 -8355669
 43 -32597
 43 -1877
 43 -1820
 -135 -135
 -135 -135
 -135 -2183
 -135 -2233
 -20 -20
 -20 -20
 -20 -2324
 -20 -2316
 -106 -106
 -106 -106
 -106 -2154
 -106 -2170
 -294 -422
 -294 -422
 -294 -1958
 -294 -2016
 73 -8355767
 73 -32695
 73 -1719
 73 -1718
 87 -8355753
 87 -32681
 87 -1193
 87 -1200
 -69 -69
 -69 -69
 -69 -581
 -69 -635
 -121 -249
 -121 -249
 -121 -761
 -121 -701
 -47 -47
 -47 -47
 -47 -559
 -47 -604
 -100 -100
 -100 -100
 -100 -356
 -100 -374
 56 -8355656
 56 -32584
 56 -72
 56 -43
 -132 8355708
 -132 32636
 -132 380
 -132 257
 -64 8355776
 -64 32704
 -64 448
 -64 453
 93 221
 93 221
 93 989
 93 953
 15 15
 15 15
 15 1039
 15 1034
 -134 8355706
 -134 32634
 -134 890
 -134 881
 -134 8355706
 -134 32634
 -134 1146
 -134 1071
 -49 8355663
 -49 32591
 -49 1359
 -49 1404
 -151 8355817
 -151 32745
 -151 2025
 -151 1960
 -55 8355657
 -55 32585
 -55 2377
 -55 2332
 -107 8355605
 -107 32533
 -107 2581
 -107 2655
 -71 8355769
 -71 32697
 -71 2745
 -71 2690
 -219 8355749
 -219 32677
 -219 2725
 -219 2689
 -190 8355650
 -190 32578
 -190 2370
 -190 2331
 -42 8355670
 -42 32598
 -42 1878
 -42 1804
 -74 8355766
 -74 32694
 -74 1718
 -74 1776
 -79 8355633
 -79 32561
 -79 1329
 -79 1346
 -193 8355775
 -193 32703
 -193 1215
 -193 1198
 -66 8355646
 -66 32574
 -66 830
 -66 824
 -107 8355733
 -107 32661
 -107 405
 -107 497
 178 178
 178 178
 178 178
 178 223
 -101 -229
 -101 -229
 -101 -229
 -101 -188
 -53 -181
 -53 -181
 -53 -437
 -53 -497
 41 -8355671
 41 -32599
 41 -599
 41 -599
 61 -8355779
 61 -32707
 61 -707
 61 -717
 -9 -137
 -9 -137
 -9 -649
 -9 -707
 -88 -88
 -88 -88
 -88 -856
 -88 -771
 -64 -64
 -64 -64
 -64 -1088
 -64 -1092
 -82 -210
 -82 -210
 -82 -1746
 -82 -1694
 -127 -127
 -127 -127
 -127 -2431
 -127 -2311
 188 -8355652
 188 -32580
 188 -2628
 188 -2679
 -38 -38
 -38 -38
 -38 -2342
 -38 -2398
 -289 -417
 -289 -417
 -289 -1953
 -289 -1965
 -195 -67
 -195 -67
 -195 -1603
 -195 -1661
 -9 -137
 -9 -137
 -9 -1417
 -9 -1431
 -41 -169
 -41 -169
 -41 -1193
 -41 -1168
 -216 -216
 -216 -216
 -216 -984
 -216 -906
 -249 -121
 -249 -121
 -249 -633
 -249 -513
 -262 -390
 -262 -390
 -262 -134
 -262 -191
 -111 8355601
 -111 32529
 -111 17
 -111 63
 -119 8355593
 -119 32521
 -119 9
 -119 54
 -78 8355762
 -78 32690
 -78 178
 -78 201
 -86 8355754
 -86 32682
 -86 682
 -86 665
 -106 8355606
 -106 32534
 -106 790
 -106 887
 42 42
 42 42
 42 1066
 42 1106
 126 254
 126 254
 126 1278
 126 1203
 -105 8355735
 -105 32663
 -105 1687
 -105 1739
 -85 8355755
 -85 32683
 -85 1963
 -85 2041
 64 192
 64 192
 64 2240
 64 2279
 67 195
 67 195
 67 2499
 67 2446
 -9 8355703
 -9 32631
 -9 2423
 -9 2369
 -56 8355656
 -56 32584
 -56 2120
 -56 2175
 -132 8355836
 -132 32764
 -132 1788
 -132 1739
 -22 8355690
 -22 32618
 -22 1642
 -22 1557
 56 184
 56 184
 56 1464
 56 1429
 199 71
 199 71
 199 1351
 199 1339
 -113 8355599
 -113 32527
 -113 1039
 -113 1062
 -89 8355751
 -89 32679
 -89 679
 -89 650
 69 69
 69 69
 69 325
 69 306
 -21 8355819
 -21 32747
 -21 235
 -21 212
 -293 8355419
 -293 32347
 -293 347
 -293 324
 -201 -201
 -201 -201
 -201 -201
 -201 -133
 73 -8355639
 73 -32567
 73 -567
 73 -552
 314 -8355398
 314 -32326
 314 -838
 314 -886
 474 -8355494
 474 -32422
 474 -1190
 474 -1187
 95 -8355617
 95 -32545
 95 -1313
 95 -1377
 -92 -220
 -92 -220
 -92 -1756
 -92 -1775
 169 -8355799
 169 -32727
 169 -2007
 169 -2042
 132 -8355708
 132 -32636
 132 -2428
 132 -2349
 -32 -32
 -32 -32
 -32 -2336
 -32 -2381
 69 -8355643
 69 -32571
 69 -2363
 69 -2321
 -125 -253
 -125 -253
 -125 -2301
 -125 -2295
 -175 -175
 -175 -175
 -175 -1967
 -175 -2005
 3 -8355837
 3 -32765
 3 -1789
 3 -1715
 -64 -192
 -64 -192
 -64 -1216
 -64 -1263
 -124 -252
 -124 -252
 -124 -1020
 -124 -949
 -308 -308
 -308 -308
 -308 -820
 -308 -851
 73 -8355639
 73 -32567
 73 -823
 73 -848
 96 -8355616
 96 -32544
 96 -544
 96 -554
 26 -8355814
 26 -32742
 26 -230
 26 -237
 -155 8355813
 -155 32741
 -155 229
 -155 170
 -289 8355423
 -289 32351
 -289 351
 -289 359
 -126 8355714
 -126 32642
 -126 642
 -126 648
 -227 8355613
 -227 32541
 -227 797
 -227 826
 -137 8355703
 -137 32631
 -137 887
 -137 835
 -294 8355546
 -294 32474
 -294 986
 -294 1000
 -65 8355647
 -65 32575
 -65 1599
 -65 1586
 -86 8355754
 -86 32682
 -86 1962
 -86 2028
 -10 8355702
 -10 32630
 -10 2422
 -10 2378
 -232 8355736
 -232 32664
 -232 2200
 -232 2272
 -67 8355773
 -67 32701
 -67 2237
 -67 2284
 -43 8355669
 -43 32597
 -43 1877
 -43 1809
 -14 8355698
 -14 32626
 -14 1650
 -14 1560
 -22 8355690
 -22 32618
 -22 1386
 -22 1375
 23 23
 23 23
 23 1047
 23 1149
 -127 8355713
 -127 32641
 -127 897
 -127 966
 -125 8355587
 -125 32515
 -125 515
 -125 551
 101 229
 101 229
 101 229
 101 201
 -22 -22
 -22 -22
 -22 -22
 -22 -14
 149 -8355691
 149 -32619
 149 -107
 149 -124
 -122 -250
 -122 -250
 -122 -506
 -122 -387
 -23 -23
 -23 -23
 -23 -279
 -23 -357
 202 -8355638
 202 -32566
 202 -822
 202 -791
 161 -8355679
 161 -32607
 161 -1119
 161 -1113
 205 -8355763
 205 -32691
 205 -1203
 205 -1197
 78 -8355762
 78 -32690
 78 -1714
 78 -1695
 -164 -164
 -164 -164
 -164 -2212
 -164 -2300
 -78 -206
 -78 -206
 -78 -2766
 -78 -2815
 124 -8355716
 124 -32644
 124 -2948
 124 -2976
 -18 -146
 -18 -146
 -18 -2706
 -18 -2718
 -130 -2
 -130 -2
 -130 -2562
 -130 -2597
 -47 -47
 -47 -47
 -47 -2095
 -47 -2119
 193 -8355647
 193 -32575
 193 -1599
 193 -1581
 137 -8355703
 137 -32631
 137 -1399
 137 -1317
 -113 -113
 -113 -113
 -113 -1137
 -113 -1055
 -187 -59
 -187 -59
 -187 -827
 -187 -836
 -76 -204
 -76 -204
 -76 -716
 -76 -656
 37 -8355803
 37 -32731
 37 -475
 37 -421
 11 -8355829
 11 -32757
 11 -245
 11 -251
 -23 -23
 -23 -23
 -23 -23
 -23 -43
 -156 8355812
 -156 32740
 -156 228
 -156 145
 -19 8355693
 -19 32621
 -19 365
 -19 333
 -82 8355630
 -82 32558
 -82 558
 -82 587
 124 252
 124 252
 124 764
 124 759
 -136 8355704
 -136 32632
 -136 1144
 -136 1071
 -163 8355805
 -163 32733
 -163 1501
 -163 1442
 -116 8355724
 -116 32652
 -116 1932
 -116 1930
 100 228
 100 228
 100 2276
 100 2291
 76 76
 76 76
 76 2380
 76 2313
 -12 8355828
 -12 32756
 -12 2292
 -12 2267
 -111 8355729
 -111 32657
 -111 1937
 -111 1926
 -8 8355704
 -8 32632
 -8 1656
 -8 1615
 244 116
 244 116
 244 1396
 244 1337
 67 195
 67 195
 67 963
 67 966
 -125 8355715
 -125 32643
 -125 643
 -125 712
 -159 8355809
 -159 32737
 -159 737
 -159 709
 -248 8355720
 -248 32648
 -248 136
 -248 189
 44 -8355796
 44 -32724
 44 -212
 44 -196
 -57 -57
 -57 -57
 -57 -313
 -57 -376
 -97 -97
 -97 -97
 -97 -609
 -97 -523
 -141 -13
 -141 -13
 -141 -781
 -141 -782
 147 -8355693
 147 -32621
 147 -1133
 147 -1051
 99 -8355613
 99 -32541
 99 -1053
 99 -1097
 -162 -34
 -162 -34
 -162 -1314
 -162 -1293
 -395 -267
 -395 -267
 -395 -1547
 -395 -1595
 -207 -207
 -207 -207
 -207 -2255
 -207 -2288
 -270 -270
 -270 -270
 -270 -2574
 -270 -2585
 -131 -131
 -131 -131
 -131 -2691
 -131 -2740
 120 -8355720
 120 -32648
 120 -2696
 120 -2720
 -251 -251
 -251 -251
 -251 -2555
 -251 -2465
 -131 -131
 -131 -131
 -131 -2179
 -131 -2194
 -12 -140
 -12 -140
 -12 -1676
 -12 -1732
 -49 -49
 -49 -49
 -49 -1329
 -49 -1322
 -209 -81
 -209 -81
 -209 -1105
 -209 -1041
 -53 -53
 -53 -53
 -53 -565
 -53 -595
 -20 -148
 -20 -148
 -20 -404
 -20 -478
 -172 -172
 -172 -172
 -172 -428
 -172 -412
 -292 8355420
 -292 32348
 -292 92
 -292 84
 -59 8355781
 -59 32709
 -59 453
 -59 504
 -287 8355553
 -287 32481
 -287 737
 -287 758
 -286 8355426
 -286 32354
 -286 866
 -286 834
 -81 8355759
 -81 32687
 -81 687
 -81 733
 -52 8355788
 -52 32716
 -52 716
 -52 695
 -116 8355724
 -116 32652
 -116 1164
 -116 1257
 -242 8355726
 -242 32654
 -242 1678
 -242 1718
 62 190
 62 190
 62 1982
 62 2039
 -139 8355829
 -139 32757
 -139 2293
 -139 2265
 54 182
 54 182
 54 2742
 54 2728
 -134 8355706
 -134 32634
 -134 2426
 -134 2343
 33 161
 33 161
 33 1953
 33 1942
 296 424
 296 424
 296 1704
 296 1694
 232 104
 232 104
 232 1384
 232 1388
 281 409
 281 409
 281 1177
 281 1161
 -72 8355640
 -72 32568
 -72 824
 -72 865
 -67 8355773
 -67 32701
 -67 445
 -67 482
 -145 8355823
 -145 32751
 -145 495
 -145 460
 -120 8355720
 -120 32648
 -120 136
 -120 175
 -370 -370
 -370 -370
 -370 -370
 -370 -361
 -250 -250
 -250 -250
 -250 -506
 -250 -480
 20 -8355820
 20 -32748
 20 -748
 20 -732
 91 -8355621
 91 -32549
 91 -1061
 91 -1038
 -191 -191
 -191 -191
 -191 -1215
 -191 -1239
 -92 -220
 -92 -220
 -92 -1244
 -92 -1217
 -23 -151
 -23 -151
 -23 -1431
 -23 -1517
 -74 -74
 -74 -74
 -74 -2122
 -74 -2112
 130 -8355838
 130 -32766
 130 -2558
 130 -2545
 5 -8355707
 5 -32635
 5 -2939
 5 -2897
 33 -8355679
 33 -32607
 33 -2655
 33 -2648
 -62 -62
 -62 -62
 -62 -2622
 -62 -2568
 34 -8355678
 34 -32606
 34 -2142
 34 -2138
 152 -8355816
 152 -32744
 152 -1768
 152 -1786
 39 -8355673
 39 -32601
 39 -1369
 39 -1313
 -306 -434
 -306 -434
 -306 -946
 -306 -926
 -317 -317
 -317 -317
 -317 -573
 -317 -606
 -48 -48
 -48 -48
 -48 -560
 -48 -607
 129 -8355711
 129 -32639
 129 -383
 129 -284
 129 -8355711
 129 -32639
 129 -127
 129 -73
 72 72
 72 72
 72 72
 72 97
 -86 8355754
 -86 32682
 -86 170
 -86 189
 -69 8355643
 -69 32571
 -69 571
 -69 634
 233 233
 233 233
 233 1001
 233 989
 252 124
 252 124
 252 892
 252 820
 -119 8355721
 -119 32649
 -119 905
 -119 1015
 -39 8355673
 -39 32601
 -39 1369
 -39 1349
 91 91
 91 91
 91 1883
 91 1811
 248 248
 248 248
 248 2296
 248 2247
 202 202
 202 202
 202 2506
 202 2452
 215 215
 215 215
 215 2519
 215 2497
 -286 8355426
 -286 32354
 -286 2146
 -286 2129
 -103 8355737
 -103 32665
 -103 1945
 -103 1946
 55 183
 55 183
 55 1719
 55 1721
 1 129
 1 129
 1 1409
 1 1446
 -38 8355674
 -38 32602
 -38 1114
 -38 1053
 -217 8355623
 -217 32551
 -217 551
 -217 629
 -145 8355823
 -145 32751
 -145 239
 -145 212
 137 -8355703
 137 -32631
 137 -119
 137 -3
 310 -8355402
 310 -32330
 310 -330
 310 -270
 -137 -137
 -137 -137
 -137 -393
 -137 -402
 -114 -114
 -114 -114
 -114 -626
 -114 -531
 -16 -144
 -16 -144
 -16 -912
 -16 -924
 111 -8355601
 111 -32529
 111 -1041
 111 -1145
 -9 -9
 -9 -9
 -9 -1289
 -9 -1341
 55 -8355657
 55 -32585
 55 -1609
 55 -1628
 7 -8355705
 7 -32633
 7 -2169
 7 -2133
 -115 -115
 -115 -115
 -115 -2675
 -115 -2671
 -110 -238
 -110 -238
 -110 -2798
 -110 -2713
 69 -8355643
 69 -32571
 69 -2619
 69 -2605
 68 -8355644
 68 -32572
 68 -2108
 68 -2144
 -104 -104
 -104 -104
 -104 -2152
 -104 -2071
 -183 -55
 -183 -55
 -183 -1847
 -183 -1896
 -93 -221
 -93 -221
 -93 -1501
 -93 -1527
 72 -8355640
 72 -32568
 72 -1080
 72 -1054
 -208 -208
 -208 -208
 -208 -720
 -208 -722
 -256 -256
 -256 -256
 -256 -512
 -256 -465
 -77 -205
 -77 -205
 -77 -205
 -77 -200
 -115 -115
 -115 -115
 -115 -115
 -115 -34
 -190 8355650
 -190 32578
 -190 66
 -190 41
 -405 8355435
 -405 32363
 -405 107
 -405 77
 -173 8355667
 -173 32595
 -173 339
 -173 263
 -31 8355809
 -31 32737
 -31 481
 -31 417
 -197 8355643
 -197 32571
 -197 827
 -197 889
 -251 8355717
 -251 32645
 -251 1157
 -251 1162
 -41 8355671
 -41 32599
 -41 1367
 -41 1340
 86 214
 86 214
 86 2006
 86 2005
 158 30
 158 30
 158 2334
 158 2413
 144 144
 144 144
 144 2448
 144 2527
 -97 8355743
 -97 32671
 -97 2207
 -97 2256
 -193 8355647
 -193 32575
 -193 1855
 -193 1825
 5 133
 5 133
 5 1413
 5 1504
 56 184
 56 184
 56 1464
 56 1506
 -209 8355631
 -209 32559
 -209 1583
 -209 1546
 -111 8355601
 -111 32529
 -111 1297
 -111 1317
 -187 8355653
 -187 32581
 -187 581
 -187 608
 115 -8355597
 115 -32525
 115 -13
 115 -10
 -2 -2
 -2 -2
 -2 -2
 -2 -99
 -102 -230
 -102 -230
 -102 -230
 -102 -161
 -335 -335
 -335 -335
 -335 -591
 -335 -527
 41 -8355799
 41 -32727
 41 -727
 41 -659
 47 -8355793
 47 -32721
 47 -721
 47 -735
 -47 -175
 -47 -175
 -47 -943
 -47 -958
 -132 -132
 -132 -132
 -132 -900
 -132 -983
 -106 -234
 -106 -234
 -106 -1514
 -106 -1476
 -31 -31
 -31 -31
 -31 -1823
 -31 -1814
 8 -8355832
 8 -32760
 8 -2552
 8 -2467
 -105 -233
 -105 -233
 -105 -2793
 -105 -2813
 -225 -225
 -225 -225
 -225 -3041
 -225 -2947
 39 -8355801
 39 -32729
 39 -2521
 39 -2476
 28 -8355684
 28 -32612
 28 -2148
 28 -2074
 40 -8355800
 40 -32728
 40 -1752
 40 -1685
 28 -8355812
 28 -32740
 28 -1508
 28 -1506
 58 -8355654
 58 -32582
 58 -1350
 58 -1333
 -127 -255
 -127 -255
 -127 -1023
 -127 -1008
 -228 -100
 -228 -100
 -228 -868
 -228 -814
 -41 -41
 -41 -41
 -41 -553
 -41 -525
 56 -8355656
 56 -32584
 56 -328
 56 -365
 70 70
 70 70
 70 70
 70 29
 -93 8355619
 -93 32547
 -93 291
 -93 287
 42 170
 42 170
 42 682
 42 646
 -56 8355656
 -56 32584
 -56 840
 -56 776
 1 129
 1 129
 1 641
 1 714
 -104 8355608
 -104 32536
 -104 792
 -104 794
 -13 8355827
 -13 32755
 -13 1267
 -13 1267
 118 246
 118 246
 118 1782
 118 1738
 93 221
 93 221
 93 2013
 93 1984
 -17 8355695
 -17 32623
 -17 2415
 -17 2336
 -387 8355453
 -387 32381
 -387 2173
 -387 2090
 -49 8355791
 -49 32719
 -49 1743
 -49 1775
 -71 8355641
 -71 32569
 -71 1593
 -71 1557
 226 98
 226 98
 226 1378
 226 1357
 60 60
 60 60
 60 1084
 60 1118
 -189 8355779
 -189 32707
 -189 707
 -189 700
 -48 8355664
 -48 32592
 -48 592
 -48 573
 133 133
 133 133
 133 133
 133 228
 210 -8355758
 210 -32686
 210 -174
 210 -226
 -133 -5
 -133 -5
 -133 -261
 -133 -343
 -106 -234
 -106 -234
 -106 -746
 -106 -746
 -231 -231
 -231 -231
 -231 -999
 -231 -1022
 -16 -144
 -16 -144
 -16 -1168
 -16 -1255
 -83 -83
 -83 -83
 -83 -1363
 -83 -1362
 -88 -216
 -88 -216
 -88 -1496
 -88 -1466
 -14 -142
 -14 -142
 -14 -1678
 -14 -1746
 -30 -30
 -30 -30
 -30 -2078
 -30 -2097
 24 -8355688
 24 -32616
 24 -2664
 24 -2671
 104 -8355736
 104 -32664
 104 -2968
 104 -3069
 63 -8355649
 63 -32577
 63 -3393
 63 -3340
 -68 -68
 -68 -68
 -68 -3140
 -68 -3112
 37 -8355675
 37 -32603
 37 -2651
 37 -2613
 91 -8355749
 91 -32677
 91 -2213
 91 -2277
 130 -8355838
 130 -32766
 130 -1790
 130 -1776
 -175 -47
 -175 -47
 -175 -1327
 -175 -1380
 -213 -213
 -213 -213
 -213 -981
 -213 -1015
 -166 -166
 -166 -166
 -166 -934
 -166 -933
 1 -8355711
 1 -32639
 1 -895
 1 -778
 -9 -137
 -9 -137
 -9 -137
 -9 -232
 -142 -14
 -142 -14
 -142 -14
 -142 -33
 -122 8355590
 -122 32518
 -122 6
 -122 18
 -139 8355701
 -139 32629
 -139 373
 -139 301
 -26 8355814
 -26 32742
 -26 230
 -26 215
 -90 8355750
 -90 32678
 -90 422
 -90 482
 88 88
 88 88
 88 856
 88 866
 -62 8355778
 -62 32706
 -62 1218
 -62 1156
 2 2
 2 2
 2 1282
 2 1337
 -64 8355648
 -64 32576
 -64 1856
 -64 1877
 -245 8355723
 -245 32651
 -245 2187
 -245 2194
 -333 8355379
 -333 32307
 -333 1843
 -333 1856
 -297 8355543
 -297 32471
 -297 1751
 -297 1692
 -110 8355602
 -110 32530
 -110 1298
 -110 1286
 -25 8355815
 -25 32743
 -25 999
 -25 962
 -3 8355709
 -3 32637
 -3 893
 -3 879
 -291 8355421
 -291 32349
 -291 605
 -291 604
 42 170
 42 170
 42 426
 42 486
 35 35
 35 35
 35 291
 35 300
 -80 -208
 -80 -208
 -80 -208
 -80 -244
 4 -8355836
 4 -32764
 4 -764
 4 -673
 33 -8355807
 33 -32735
 33 -991
 33 -1024
 -237 -237
 -237 -237
 -237 -1261
 -237 -1191
 -112 -112
 -112 -112
 -112 -1392
 -112 -1327
 10 -8355702
 10 -32630
 10 -1398
 10 -1360
 -287 -287
 -287 -287
 -287 -1567
 -287 -1571
 -298 -426
 -298 -426
 -298 -1706
 -298 -1706
 -108 -108
 -108 -108
 -108 -2156
 -108 -2085
 188 -8355652
 188 -32580
 188 -2884
 188 -2867
 113 -8355727
 113 -32655
 113 -3215
 113 -3220
 82 -8355758
 82 -32686
 82 -3246
 82 -3206
 -153 -25
 -153 -25
 -153 -2841
 -153 -2894
 -67 -67
 -67 -67
 -67 -2371
 -67 -2409
 140 -8355700
 140 -32628
 140 -2164
 140 -2129
 6 -8355834
 6 -32762
 6 -1786
 6 -1781
 -134 -6
 -134 -6
 -134 -1542
 -134 -1616
 -40 -40
 -40 -40
 -40 -1576
 -40 -1582
 -46 -174
 -46 -174
 -46 -942
 -46 -949
 -92 -220
 -92 -220
 -92 -476
 -92 -458
 90 -8355750
 90 -32678
 90 -422
 90 -409
 8 -8355704
 8 -32632
 8 -376
 8 -354
 -78 8355634
 -78 32562
 -78 50
 -78 6
 -178 8355790
 -178 32718
 -178 206
 -178 224
 48 48
 48 48
 48 304
 48 370
 -114 8355598
 -114 32526
 -114 526
 -114 559
 -116 8355596
 -116 32524
 -116 524
 -116 564
 -184 8355784
 -184 32712
 -184 968
 -184 963
 -142 8355826
 -142 32754
 -142 1522
 -142 1441
 -61 8355651
 -61 32579
 -61 1859
 -61 1800
 -222 8355746
 -222 32674
 -222 1954
 -222 2026
 -307 8355533
 -307 32461
 -307 1997
 -307 1925
 -244 8355596
 -244 32524
 -244 1548
 -244 1615
 -21 8355819
 -21 32747
 -21 1259
 -21 1276
 58 58
 58 58
 58 1082
 58 1109
 35 163
 35 163
 35 675
 35 724
 -197 8355771
 -197 32699
 -197 443
 -197 508
 -281 8355431
 -281 32359
 -281 359
 -281 263
 -45 8355667
 -45 32595
 -45 83
 -45 0
 -84 -84
 -84 -84
 -84 -340
 -84 -333
 -374 -502
 -374 -502
 -374 -502
 -374 -415
 -348 -348
 -348 -348
 -348 -604
 -348 -519
 -141 -141
 -141 -141
 -141 -909
 -141 -995
 173 -8355667
 173 -32595
 173 -1107
 173 -1059
 90 -8355750
 90 -32678
 90 -1190
 90 -1185
 -206 -78
 -206 -78
 -206 -1358
 -206 -1329
 -248 -248
 -248 -248
 -248 -1528
 -248 -1519
 222 -8355746
 222 -32674
 222 -1954
 222 -1928
 143 -8355825
 143 -32753
 143 -2545
 143 -2487
 -149 -149
 -149 -149
 -149 -2965
 -149 -2994
 62 -8355778
 62 -32706
 62 -3266
 62 -3201
 -117 -245
 -117 -245
 -117 -2805
 -117 -2733
 -168 -40
 -168 -40
 -168 -2344
 -168 -2402
 65 -8355647
 65 -32575
 65 -2111
 65 -2125
 131 -8355837
 131 -32765
 131 -2045
 131 -1930
 -11 -139
 -11 -139
 -11 -1419
 -11 -1501
 -220 -220
 -220 -220
 -220 -1244
 -220 -1270
 45 -8355667
 45 -32595
 45 -1107
 45 -1099
 -203 -75
 -203 -75
 -203 -587
 -203 -530
 -94 -94
 -94 -94
 -94 -94
 -94 -80
 -298 -298
 -298 -298
 -298 -42
 -298 -113
 -99 -227
 -99 -227
 -99 -227
 -99 -183
 -71 8355641
 -71 32569
 -71 57
 -71 127
 31 31
 31 31
 31 287
 31 283
 -115 8355725
 -115 32653
 -115 397
 -115 390
 -236 8355732
 -236 32660
 -236 404
 -236 489
 -77 8355763
 -77 32691
 -77 947
 -77 992
 185 185
 185 185
 185 1721
 185 1730
 121 121
 121 121
 121 2169
 121 2162
 63 63
 63 63
 63 2111
 63 2140
 -15 8355697
 -15 32625
 -15 1905
 -15 1866
 -136 8355832
 -136 32760
 -136 1784
 -136 1740
 -12 8355828
 -12 32756
 -12 1524
 -12 1503
 -80 8355632
 -80 32560
 -80 1328
 -80 1353
 -44 8355796
 -44 32724
 -44 980
 -44 914
 -251 8355717
 -251 32645
 -251 901
 -251 897
 -205 8355635
 -205 32563
 -205 563
 -205 572
 30 30
 30 30
 30 30
 30 117
 0 -8355840
 0 -32768
 0 -256
 0 -215
 9 -8355831
 9 -32759
 9 -503
 9 -428
 -165 -37
 -165 -37
 -165 -293
 -165 -365
 -43 -43
 -43 -43
 -43 -555
 -43 -637
 91 -8355621
 91 -32549
 91 -1061
 91 -1039
 111 -8355729
 111 -32657
 111 -1169
 111 -1275
 -25 -25
 -25 -25
 -25 -1305
 -25 -1390
 -64 -64
 -64 -64
 -64 -1600
 -64 -1605
 2 -8355710
 2 -32638
 2 -2174
 2 -2167
 -60 -188
 -60 -188
 -60 -2492
 -60 -2443
 -78 -78
 -78 -78
 -78 -2894
 -78 -2906
 -418 -418
 -418 -418
 -418 -2978
 -418 -3032
 -371 -371
 -371 -371
 -371 -2931
 -371 -2895
 -94 -94
 -94 -94
 -94 -2398
 -94 -2389
 214 -8355754
 214 -32682
 214 -2218
 214 -2183
 17 -8355695
 17 -32623
 17 -1647
 17 -1564
 -111 -111
 -111 -111
 -111 -1391
 -111 -1311
 -149 -149
 -149 -149
 -149 -917
 -149 -908
 -82 -82
 -82 -82
 -82 -850
 -82 -821
 61 -8355651
 61 -32579
 61 -579
 61 -523
 -114 -114
 -114 -114
 -114 -370
 -114 -319
 -76 8355636
 -76 32564
 -76 52
 -76 1
 -109 8355603
 -109 32531
 -109 275
 -109 273
 -149 8355691
 -149 32619
 -149 619
 -149 528
 -210 8355630
 -210 32558
 -210 814
 -210 878
 -107 8355733
 -107 32661
 -107 917
 -107 926
 -122 8355718
 -122 32646
 -122 902
 -122 922
 97 97
 97 97
 97 1121
 97 1121
 129 129
 129 129
 129 1409
 129 1488
 200 72
 200 72
 200 1864
 200 1905
 -14 8355698
 -14 32626
 -14 2418
 -14 2406
 -424 8355416
 -424 32344
 -424 2648
 -424 2588
 -394 8355446
 -394 32374
 -394 2166
 -394 2066
 -65 8355775
 -65 32703
 -65 1727
 -65 1664
 -69 8355771
 -69 32699
 -69 1211
 -69 1254
 -42 8355670
 -42 32598
 -42 1110
 -42 1082
 158 30
 158 30
 158 798
 158 835
 161 161
 161 161
 161 417
 161 452
 135 135
 135 135
 135 135
 135 131
 81 -8355631
 81 -32559
 81 -47
 81 -81
 -163 -163
 -163 -163
 -163 -419
 -163 -481
 -153 -25
 -153 -25
 -153 -537
 -153 -628
 -64 -192
 -64 -192
 -64 -704
 -64 -671
 -76 -76
 -76 -76
 -76 -1100
 -76 -1077
 142 -8355826
 142 -32754
 142 -1266
 142 -1207
 195 -8355773
 195 -32701
 195 -1213
 195 -1264
 -234 -234
 -234 -234
 -234 -1514
 -234 -1429
 -149 -21
 -149 -21
 -149 -1813
 -149 -1894
 8 -8355704
 8 -32632
 8 -2424
 8 -2418
 -74 -202
 -74 -202
 -74 -2762
 -74 -2812
 -2 -2
 -2 -2
 -2 -3074
 -2 -3137
 -60 -188
 -60 -188
 -60 -2748
 -60 -2746
 -292 -292
 -292 -292
 -292 -2340
 -292 -2370
 -276 -276
 -276 -276
 -276 -2068
 -276 -2059
 -1 -1
 -1 -1
 -1 -1537
 -1 -1634
 -127 -255
 -127 -255
 -127 -1535
 -127 -1426
 52 -8355788
 52 -32716
 52 -1228
 52 -1255
 -111 -111
 -111 -111
 -111 -879
 -111 -839
 -248 -248
 -248 -248
 -248 -760
 -248 -647
 -122 -250
 -122 -250
 -122 -506
 -122 -391
 43 -8355669
 43 -32597
 43 -341
 43 -259
 51 -8355661
 51 -32589
 51 -77
 51 -11
 191 191
 191 191
 191 191
 191 187
 81 209
 81 209
 81 209
 81 186
 -183 8355657
 -183 32585
 -183 329
 -183 350
 -199 8355769
 -199 32697
 -199 441
 -199 464
 -60 8355780
 -60 32708
 -60 708
 -60 643
 254 126
 254 126
 254 1150
 254 1089
 199 199
 199 199
 199 1735
 199 1733
 71 199
 71 199
 71 1991
 71 2036
 -124 8355588
 -124 32516
 -124 2052
 -124 2107
 21 21
 21 21
 21 1813
 21 1857
 127 255
 127 255
 127 1535
 127 1502
 -10 8355702
 -10 32630
 -10 1142
 -10 1074
 -83 8355629
 -83 32557
 -83 813
 -83 820
 -111 8355601
 -111 32529
 -111 529
 -111 589
 -153 8355687
 -153 32615
 -153 103
 -153 119
 109 -8355731
 109 -32659
 109 -147
 109 -229
 540 -8355172
 540 -32100
 540 -356
 540 -338
 576 -8355136
 576 -32064
 576 -576
 576 -600
 198 -8355770
 198 -32698
 198 -954
 198 -901
 197 -8355771
 197 -32699
 197 -955
 197 -949
 241 -8355727
 241 -32655
 241 -1167
 241 -1206
 325 -8355515
 325 -32443
 325 -1723
 325 -1701
 578 -8355134
 578 -32062
 578 -1854
 578 -1827
 440 -8355400
 440 -32328
 440 -1864
 440 -1846
 111 -8355601
 111 -32529
 111 -2321
 111 -2328
 167 -8355673
 167 -32601
 167 -2905
 167 -2864
 549 -8355163
 549 -32091
 549 -3419
 549 -3372
 714 -8355126
 714 -32054
 714 -3382
 714 -3456
 881 -8354831
 881 -31759
 881 -3087
 881 -3183
 801 -8354911
 801 -31839
 801 -2911
 801 -2883
 705 -8355263
 705 -32191
 705 -2495
 705 -2521
 761 -8355207
 761 -32135
 761 -2183
 761 -2242
 1105 -8354735
 1105 -31663
 1105 -1967
 1105 -2000
 993 -8354847
 993 -31775
 993 -1567
 993 -1592
 896 -8354944
 896 -31872
 896 -1408
 896 -1326
 1015 -8354825
 1015 -31753
 1015 -1033
 1015 -1120
 1431 -8354409
 1431 -31337
 1431 -873
 1431 -811
 1602 -8354110
 1602 -31038
 1602 -574
 1602 -528
 1631 -8354081
 1631 -31009
 1631 -289
 1631 -273
 1631 -8354081
 1631 -31009
 1631 -289
 1631 -302
 1630 -8354082
 1630 -31010
 1630 -34
 1630 -85
 1775 -8354065
 1775 -30993
 1775 -17
 1775 -52
 1951 1823
 1951 1823
 1951 31
 1951 47
 2140 2140
 2140 2140
 2140 92
 2140 75
 2179 2179
 2179 2179
 2179 643
 2179 647
 2470 2470
 2470 2470
 2470 1190
 2470 1158
 3133 3261
 3133 3261
 3133 1469
 3133 1444
 3293 3293
 3293 3293
 3293 1501
 3293 1468
 3144 3144
 3144 3144
 3144 1352
 3144 1405
 3326 3326
 3326 3326
 3326 1278
 3326 1157
 3649 3777
 3649 3777
 3649 705
 3649 755
 3867 3867
 3867 3867
 3867 27
 3867 110
 4184 -8351656
 4184 -28584
 4184 -168
 4184 -197
 4650 -8351062
 4650 -27990
 4650 -342
 4650 -310
 4621 -8351091
 4621 -28019
 4621 -883
 4621 -861
 5024 -8350944
 5024 -27872
 5024 -1248
 5024 -1253
 5755 -8350085
 5755 -27013
 5755 -1413
 5755 -1536
 6074 -8349894
 6074 -26822
 6074 -1734
 6074 -1751
 6515 -8349197
 6515 -26125
 6515 -1805
 6515 -1893
 7094 -8348746
 7094 -25674
 7094 -2122
 7094 -2174
 7321 -8348519
 7321 -25447
 7321 -2663
 7321 -2570
 7897 -8348071
 7897 -24999
 7897 -2727
 7897 -2722
 8230 -8347610
 8230 -24538
 8230 -3034
 8230 -2988
 8817 -8346895
 8817 -23823
 8817 -3599
 8817 -3615
 9643 -8346325
 9643 -23253
 9643 -4053
 9643 -3999
 10050 -8345790
 10050 -22718
 10050 -4542
 10050 -4562
 10790 -8345050
 10790 -21978
 10790 -4826
 10790 -4787
 11679 -8344161
 11679 -21089
 11679 -4705
 11679 -4673
 12387 -8343453
 12387 -20381
 12387 -4509
 12387 -4492
 13454 -8342514
 13454 -19442
 13454 -4338
 13454 -4257
 14151 -8341689
 14151 -18617
 14151 -4025
 14151 -3976
 14994 -8340846
 14994 -17774
 14994 -3950
 14994 -3885
 15733 -8339979
 15733 -16907
 15733 -3851
 15733 -3843
 16645 -8339195
 16645 -16123
 16645 -3835
 16645 -3778
 17968 -8337744
 17968 -14672
 17968 -3664
 17968 -3694
 19034 -8336678
 19034 -13606
 19034 -3366
 19034 -3423
 20234 -8335478
 20234 -12406
 20234 -3446
 20234 -3425
 21593 -8334119
 21593 -11047
 21593 -3367
 21593 -3371
 23001 -8332967
 23001 -9895
 23001 -3239
 23001 -3299
 24259 -8331709
 24259 -8637
 24259 -3517
 24259 -3467
 25869 -8329971
 25869 -6899
 25869 -3571
 25869 -3520
 27275 -8328693
 27275 -5621
 27275 -3573
 27275 -3582
 28953 -8326887
 28953 -3815
 28953 -3559
 28953 -3543
 30456 -8325384
 30456 -2312
 30456 -3336
 30456 -3424
 31960 -8324008
 31960 -936
 31960 -2984
 31960 -3013
 33691 -8355045
 33691 -31973
 33691 -2789
 33691 -2759
 35692 -8352916
 35692 -29844
 35692 -2964
 35692 -3037
 38106 -8350630
 38106 -27558
 38106 -3750
 38106 -3829
 40207 -8348273
 40207 -25201
 40207 -4465
 40207 -4432
 42518 -8345962
 42518 -22890
 42518 -4970
 42518 -4971
 44655 -8343953
 44655 -20881
 44655 -5521
 44655 -5568
 47151 -8341457
 47151 -18385
 47151 -6097
 47151 -6069
 49785 -8338823
 49785 -15751
 49785 -6791
 49785 -6845
 52561 -8336047
 52561 -12975
 52561 -7343
 52561 -7388
 55574 -8332906
 55574 -9834
 55574 -8298
 55574 -8247
 58709 -8329899
 58709 -6827
 58709 -8875
 58709 -8937
 61786 -8326694
 61786 -3622
 61786 -9254
 61786 -9328
 65148 -8323460
 65148 -388
 65148 -9604
 65148 -9602
 68492 -8287348
 68492 -29812
 68492 -9844
 68492 -9849
 72038 -8283674
 72038 -26138
 72038 -9498
 72038 -9491
 75736 -8280232
 75736 -22696
 75736 -9384
 75736 -9380
 79445 -8276395
 79445 -18859
 79445 -9643
 79445 -9690
 83836 -8272004
 83836 -14468
 83836 -10628
 83836 -10665
 88223 -8267745
 88223 -10209
 88223 -11745
 88223 -11702
 92208 -8263632
 92208 -6096
 92208 -13008
 92208 -12960
 96826 -8258886
 96826 -1350
 96826 -14150
 96826 -14200
 101603 -8287005
 101603 -29469
 101603 -15389
 101603 -15386
 106629 -8281979
 106629 -24443
 106629 -16507
 106629 -16443
 111959 -8276521
 111959 -18985
 111959 -17449
 111959 -17476
 117188 -8271420
 117188 -13884
 117188 -18748
 117188 -18758
 122692 -8265788
 122692 -8252
 122692 -19516
 122692 -19488
 128422 -8260314
 128422 -2778
 128422 -20698
 128422 -20638
 134503 -8221337
 134503 -29337
 134503 -21657
 134503 -21671
 140671 -8215041
 140671 -23041
 140671 -22017
 140671 -22117
 147294 -8208546
 147294 -16546
 147294 -22690
 147294 -22693
 154118 -8201594
 154118 -9594
 154118 -23418
 154118 -23321
 161010 -8194958
 161010 -2958
 161010 -23950
 161010 -23964
 168214 -8220394
 168214 -28394
 168214 -24810
 168214 -24825
 175589 -8213019
 175589 -21019
 175589 -25627
 175589 -25677
 183364 -8205116
 183364 -13116
 183364 -26428
 183364 -26494
 191290 -8197318
 191290 -5318
 191290 -27590
 191290 -27573
 199492 -8156220
 199492 -29756
 199492 -28732
 199492 -28752
 207843 -8147997
 207843 -21533
 207843 -29469
 207843 -29504
 216667 -8139045
 216667 -12581
 216667 -29989
 216667 -29973
 225762 -8130078
 225762 -3614
 225762 -31006
 225762 -31099
 235032 -8153576
 235032 -27112
 235032 -32488
 235032 -32488
 244993 -8176255
 244993 -49791
 244993 -34431
 244993 -34357
 254700 -8166804
 254700 -40340
 254700 -36244
 254700 -36339
 264837 -8123771
 264837 -62843
 264837 -38523
 264837 -38460
 275450 -8113286
 275450 -52358
 275450 -40326
 275450 -40346
 286131 -8102605
 286131 -41677
 286131 -41933
 286131 -41931
 297309 -8123939
 297309 -63011
 297309 -43555
 297309 -43578
 308712 -8112664
 308712 -51736
 308712 -45592
 308712 -45670
 320680 -8100824
 320680 -39896
 320680 -47320
 320680 -47347
 332491 -8056117
 332491 -60725
 332491 -48949
 332491 -49020
 344603 -8044005
 344603 -48613
 344603 -50405
 344603 -50336
 357305 -8031431
 357305 -36039
 357305 -52167
 357305 -52145
 370429 -8050947
 370429 -55555
 370429 -54275
 370429 -54274
 383654 -8037722
 383654 -42330
 383654 -56666
 383654 -56586
 397151 -7991329
 397151 -61473
 397151 -58401
 397151 -58445
 411011 -7977597
 411011 -47741
 411011 -60541
 411011 -60421
 425169 -7963439
 425169 -33583
 425169 -62255
 425169 -62290
 439746 -7981758
 439746 -51902
 439746 -64702
 439746 -64675
 454530 -7934078
 454530 -69758
 454530 -66942
 454530 -66905
 469416 -7886424
 469416 -87640
 469416 -68952
 469416 -68890
 484875 -7870965
 484875 -72181
 484875 -70645
 484875 -70564
 500573 -7887907
 500573 -89123
 500573 -72483
 500573 -72511
 516354 -7872126
 516354 -73342
 516354 -74366
 516354 -74255
 532375 -7823593
 532375 -90345
 532375 -75497
 532375 -75492
 548952 -7806888
 548952 -73640
 548952 -77224
 548952 -77249
 565736 -7823000
 565736 -89752
 565736 -79000
 565736 -78984
 582884 -7805724
 582884 -72476
 582884 -81180
 582884 -81242
 600102 -7755610
 600102 -87898
 600102 -83546
 600102 -83532
 617643 -7738325
 617643 -70613
 617643 -85973
 617643 -85984
 635384 -7753352
 635384 -85640
 635384 -88712
 635384 -88817
 653346 -7735134
 653346 -67422
 653346 -91486
 653346 -91429
 671441 -7684399
 671441 -82223
 671441 -93999
 671441 -94067
 689665 -7698815
 689665 -96639
 689665 -96639
 689665 -96593
 708186 -7680422
 708186 -78246
 708186 -98214
 708186 -98270
 726867 -7661741
 726867 -125101
 726867 -99757
 726867 -99785
 746058 -7642422
 746058 -105782
 746058 -101174
 746058 -101233
 765180 -7656196
 765180 -119556
 765180 -102660
 765180 -102783
 784242 -7637134
 784242 -100494
 784242 -105102
 784242 -105215
 803735 -7584873
 803735 -113769
 803735 -108649
 803735 -108649
 823028 -7598348
 823028 -127244
 823028 -112652
 823028 -112644
 842512 -7578864
 842512 -107760
 842512 -118512
 842512 -118454
 862159 -7526577
 862159 -121009
 862159 -124337
 862159 -124409
 881798 -7506810
 881798 -101242
 881798 -129658
 881798 -129652
 901108 -7487628
 901108 -147596
 901108 -134796
 901108 -134881
 920694 -7435018
 920694 -160522
 920694 -140042
 920694 -140059
 940440 -7415400
 940440 -140904
 940440 -144744
 940440 -144736
 960065 -7428415
 960065 -153919
 960065 -149055
 960065 -149081
 979542 -7408938
 979542 -134442
 979542 -153642
 979542 -153674
 999137 -7356831
 999137 -147871
 999137 -158367
 999137 -158342
 1018463 -7370017
 1018463 -161057
 1018463 -163361
 1018463 -163405
 1037716 -7383660
 1037716 -174700
 1037716 -168556
 1037716 -168488
 1056572 -7331908
 1056572 -188484
 1056572 -173636
 1056572 -173577
 1075504 -7312976
 1075504 -169552
 1075504 -178768
 1075504 -178773
 1094210 -7327038
 1094210 -183614
 1094210 -183614
 1094210 -183554
 1112771 -7308605
 1112771 -165181
 1112771 -188477
 1112771 -188541
 1130914 -7257694
 1130914 -179806
 1130914 -194142
 1130914 -194098
 1148881 -7239855
 1148881 -227503
 1148881 -200623
 1148881 -200612
 1166567 -7222041
 1166567 -209689
 1166567 -207897
 1166567 -207877
 1183738 -7172102
 1183738 -225286
 1183738 -215046
 1183738 -215109
 1200550 -7155290
 1200550 -208474
 1200550 -222554
 1200550 -222512
 1217348 -7203900
 1217348 -257084
 1217348 -230460
 1217348 -230495
 1233367 -7188009
 1233367 -241193
 1233367 -239913
 1233367 -239976
 1249309 -7139171
 1249309 -257891
 1249309 -250723
 1249309 -250675
 1264478 -7091234
 1264478 -275490
 1264478 -263458
 1264478 -263524
 1279141 -7109595
 1279141 -293851
 1279141 -276955
 1279141 -276991
 1293348 -7095132
 1293348 -279388
 1293348 -289884
 1293348 -289911
 1307085 -7114419
 1307085 -298675
 1307085 -302003
 1307085 -302038
 1319962 -7068646
 1319962 -318438
 1319962 -314598
 1319962 -314589
 1332582 -7023130
 1332582 -338458
 1332582 -329498
 1332582 -329507
 1344289 -7044319
 1344289 -359647
 1344289 -352735
 1344289 -352758
 1355348 -7066028
 1355348 -381356
 1355348 -392364
 1355348 -392341
 1365955 -7022653
 1365955 -469053
 1365955 -462909
 1365955 -462897
 1375048 -7046328
 1375048 -623800
 1375048 -636600
 1375048 -636623
 1383441 -7005039
 1383441 -1041263
 1383441 -1018991
 1383441 -1018953
 1391394 -6964318
 1391394 -1590366
 1391394 -1572958
 1391394 -1572921
 1398346 -6990262
 1398346 -2337206
 1398346 -2358710
 1398346 -2358750
 1404894 -6983714
 1404894 -3182626
 1404894 -3193378
 1404894 -3193358
 1411167 -6977441
 1411167 -3831713
 1411167 -3803809
 1411167 -3803839
 1416438 -6972170
 1416438 -4154122
 1416438 -4129802
 1416438 -4129910
 1420344 -6968136
 1420344 -4281160
 1420344 -4281928
 1420344 -4281894
 1423423 -6965057
 1423423 -4343617
 1423423 -4357953
 1423423 -4358007
 1425750 -6962858
 1425750 -4406954
 1425750 -4391594
 1425750 -4391658
 1426557 -6962051
 1426557 -4406147
 1426557 -4401539
 1426557 -4401615
 1426551 -6961929
 1426551 -4406025
 1426551 -4395017
 1426551 -4395087
 1425288 -6996216
 1425288 -4374776
 1425288 -4381432
 1425288 -4381323
 1423404 -6997972
 1423404 -4376532
 1423404 -4372180
 1423404 -4372202
 1420431 -7000945
 1420431 -4379505
 1420431 -4369009
 1420431 -4368948
 1416129 -7005247
 1416129 -4383807
 1416129 -4364863
 1416129 -4364910
 1410841 -6977767
 1410841 -4356327
 1410841 -4353255
 1410841 -4353230
 1404337 -6951631
 1404337 -4330191
 1404337 -4331471
 1404337 -4331510
 1396983 -6991753
 1396983 -4304777
 1396983 -4304265
 1396983 -4304365
 1388526 -6967442
 1388526 -4280466
 1388526 -4274066
 1388526 -4274152
 1378733 -7009875
 1378733 -4257363
 1378733 -4243795
 1378733 -4243760
 1367899 -7020581
 1367899 -4202533
 1367899 -4217893
 1367899 -4217898
 1355982 -7065522
 1355982 -4181938
 1355982 -4193714
 1355982 -4193754
 1342703 -7045905
 1342703 -4162321
 1342703 -4164113
 1342703 -4164143
 1328446 -7060162
 1328446 -4111042
 1328446 -4122050
 1328446 -4122100
 1312979 -7042861
 1312979 -4093741
 1312979 -4068397
 1312979 -4068442
 1296713 -7091895
 1296713 -4011703
 1296713 -4014263
 1296713 -4014331
 1278898 -7109710
 1278898 -3963982
 1278898 -3964494
 1278898 -3964453
 1260016 -7128592
 1260016 -3917328
 1260016 -3915536
 1260016 -3915572
 1239972 -7181404
 1239972 -3839068
 1239972 -3865436
 1239972 -3865433
 1219203 -7169405
 1219203 -3827069
 1219203 -3810173
 1219203 -3810095
 1197014 -7158954
 1197014 -3751082
 1197014 -3746218
 1197014 -3746179
 1173871 -7214609
 1173871 -3675665
 1173871 -3672849
 1173871 -3672956
 1149455 -7271921
 1149455 -3601905
 1149455 -3592689
 1149455 -3592619
 1124054 -7264682
 1124054 -3529130
 1124054 -3515306
 1124054 -3515275
 1097762 -7323486
 1097762 -3456862
 1097762 -3444574
 1097762 -3444485
 1070307 -7285533
 1070307 -3353373
 1070307 -3373085
 1070307 -3373172
 1041805 -7346803
 1041805 -3283571
 1041805 -3294579
 1041805 -3294495
 1012405 -7376331
 1012405 -3182027
 1012405 -3205835
 1012405 -3205825
 981939 -7406797
 981939 -3081421
 981939 -3110605
 981939 -3110613
 950464 -7470912
 950464 -3014464
 950464 -3013696
 950464 -3013655
 917975 -7437865
 917975 -2915881
 917975 -2915369
 917975 -2915408
 884763 -7503717
 884763 -2850661
 884763 -2819941
 884763 -2819964
 850783 -7570593
 850783 -2720929
 850783 -2727585
 850783 -2727661
 815788 -7540180
 815788 -2624980
 815788 -2631380
 815788 -2631382
 780098 -7641278
 780098 -2529470
 780098 -2525630
 780098 -2525690
 743560 -7645176
 743560 -2402296
 743560 -2410488
 743560 -2410417
 706242 -7715134
 706242 -2275646
 706242 -2292542
 706242 -2292570
 668413 -7687555
 668413 -2182531
 668413 -2179971
 668413 -2180002
 629667 -7791709
 629667 -2090077
 629667 -2068829
 629667 -2068854
 590201 -7798279
 590201 -1965575
 590201 -1956359
 590201 -1956397
 550407 -7805433
 550407 -1841657
 550407 -1842425
 550407 -1842326
 510027 -7878581
 510027 -1718197
 510027 -1723061
 510027 -1723067
 469093 -7886619
 469093 -1595163
 469093 -1598235
 469093 -1598216
 427250 -7961486
 427250 -1473422
 427250 -1468558
 427250 -1468550
 385192 -8003416
 385192 -1318744
 385192 -1338968
 385192 -1338905
 342859 -8045749
 342859 -1230005
 342859 -1215413
 342859 -1215407
 300319 -8120929
 300319 -1108577
 300319 -1094753
 300319 -1094704
 257134 -8164114
 257134 -955154
 257134 -970258
 257134 -970272
 213894 -8174714
 213894 -834682
 213894 -840570
 213894 -840557
 170512 -8250736
 170512 -714096
 170512 -707440
 170512 -707415
 126548 -8294828
 126548 -561580
 126548 -573100
 126548 -573129
 82534 -8305946
 82534 -441626
 82534 -438554
 82534 -438647
 38316 -8383060
 38316 -322132
 38316 -304724
 38316 -304685
 -5749 -38517
 -5749 -169589
 -5749 -175733
 -5749 -175661
 -49897 -49897
 -49897 -49897
 -49897 -49641
 -49897 -49561
 -94151 8261689
 -94151 69689
 -94151 79673
 -94151 79663
 -137884 8218084
 -137884 222692
 -137884 213988
 -137884 213963
 -181474 8207262
 -181474 342942
 -181474 350878
 -181474 350857
 -224669 8131171
 -224669 463459
 -224669 484707
 -224669 484701
 -267734 8088106
 -267734 617002
 -267734 614186
 -267734 614220
 -310823 8077657
 -310823 737625
 -310823 741465
 -310823 741487
 -353358 8002482
 -353358 859058
 -353358 866226
 -353358 866185
 -395327 7960385
 -395327 1013569
 -395327 988737
 -395327 988719
 -437051 7984325
 -437051 1103045
 -437051 1113285
 -437051 1113281
 -477977 7910503
 -477977 1225831
 -477977 1238887
 -477977 1238842
 -518439 7902809
 -518439 1349209
 -518439 1364569
 -518439 1364525
 -558464 7862912
 -558464 1505920
 -558464 1486976
 -558464 1487070
 -597956 7757884
 -597956 1597500
 -597956 1602876
 -597956 1602896
 -636997 7751611
 -636997 1722299
 -636997 1715899
 -636997 1715953
 -674914 7713694
 -674914 1815454
 -674914 1829022
 -674914 1829095
 -712421 7709083
 -712421 1941915
 -712421 1942171
 -712421 1942204
 -749193 7606775
 -749193 2036215
 -749193 2055927
 -749193 2055871
 -785139 7603469
 -785139 2163981
 -785139 2169101
 -785139 2169151
 -820381 7601123
 -820381 2292707
 -820381 2280163
 -820381 2280185
 -855067 7500645
 -855067 2388837
 -855067 2384485
 -855067 2384474
 -888583 7532665
 -888583 2486393
 -888583 2481017
 -888583 2480987
 -920998 7434842
 -920998 2585178
 -920998 2575450
 -920998 2575380
 -952750 7468754
 -952750 2684626
 -952750 2672338
 -952750 2672362
 -983868 7371844
 -983868 2784324
 -983868 2771524
 -983868 2771490
 -1013739 7374997
 -1013739 2853013
 -1013739 2868885
 -1013739 2868903
 -1042610 7346126
 -1042610 2955214
 -1042610 2960590
 -1042610 2960591
 -1070540 7285300
 -1070540 3025460
 -1070540 3046196
 -1070540 3046266
 -1097717 7323787
 -1097717 3129483
 -1097717 3126411
 -1097717 3126486
 -1123661 7264947
 -1123661 3201715
 -1123661 3201715
 -1123661 3201744
 -1148446 7240162
 -1148446 3308002
 -1148446 3277026
 -1148446 3276998
 -1172109 7216627
 -1172109 3350003
 -1172109 3355123
 -1172109 3355024
 -1195030 7160810
 -1195030 3425258
 -1195030 3432682
 -1195030 3432664
 -1216764 7171972
 -1216764 3501956
 -1216764 3504772
 -1216764 3504856
 -1237355 7151125
 -1237355 3546645
 -1237355 3567637
 -1237355 3567674
 -1256765 7099075
 -1256765 3625667
 -1256765 3623363
 -1256765 3623360
 -1275290 7080550
 -1275290 3672678
 -1275290 3677798
 -1275290 3677709
 -1292436 7129068
 -1292436 3721196
 -1292436 3731692
 -1292436 3731648
 -1308367 7113009
 -1308367 3770673
 -1308367 3785265
 -1308367 3785311
 -1323326 7065154
 -1323326 3853890
 -1323326 3838530
 -1323326 3838473
 -1337218 7018622
 -1337218 3872894
 -1337218 3886718
 -1337218 3886697
 -1349982 7071266
 -1349982 3925538
 -1349982 3927074
 -1349982 3927068
 -1361740 7026868
 -1361740 3946676
 -1361740 3959476
 -1361740 3959451
 -1372187 7049061
 -1372187 3968869
 -1372187 3987557
 -1372187 3987552
 -1381534 6974434
 -1381534 4025314
 -1381534 4017634
 -1381534 4017580
 -1389779 6998957
 -1389779 4049837
 -1389779 4049581
 -1389779 4049546
 -1397197 6958643
 -1397197 4075059
 -1397197 4078899
 -1397197 4078966
 -1403289 6985447
 -1403289 4101863
 -1403289 4102887
 -1403289 4102848
 -1408082 6980398
 -1408082 4096814
 -1408082 4119854
 -1408082 4119898
 -1411956 6976652
 -1411956 4158604
 -1411956 4130956
 -1411956 4131011
 -1415079 6973657
 -1415079 4155609
 -1415079 4138201
 -1415079 4138224
 -1417061 6971419
 -1417061 4153371
 -1417061 4143899
 -1417061 4143978
 -1417998 6970610
 -1417998 4152562
 -1417998 4152050
 -1417998 4152017
 -1417873 6970735
 -1417873 4152687
 -1417873 4160367
 -1417873 4160306
 -1416870 7004506
 -1416870 4186458
 -1416870 4163418
 -1416870 4163397
 -1414825 6973911
 -1414825 4155863
 -1414825 4158679
 -1414825 4158620
 -1411572 6977036
 -1411572 4158988
 -1411572 4147212
 -1411572 4147327
 -1407435 6948533
 -1407435 4130485
 -1407435 4134581
 -1407435 4134626
 -1402923 6985685
 -1402923 4102101
 -1402923 4122069
 -1402923 4122006
 -1397434 6991174
 -1397434 4107590
 -1397434 4108870
 -1397434 4108892
 -1390733 6965107
 -1390733 4081523
 -1390733 4095859
 -1390733 4095820
 -1383428 6972412
 -1383428 4088828
 -1383428 4080380
 -1383428 4080377
 -1375108 7046268
 -1375108 4031612
 -1375108 4059260
 -1375108 4059166
 -1366501 7054875
 -1366501 4040219
 -1366501 4031771
 -1366501 4031762
 -1356733 7031875
 -1356733 4017219
 -1356733 4000579
 -1356733 4000633
 -1346433 7074943
 -1346433 3994751
 -1346433 3970431
 -1346433 3970341
 -1335329 7020511
 -1335329 3940319
 -1335329 3941599
 -1335329 3941570
 -1323494 7065242
 -1323494 3919514
 -1323494 3911578
 -1323494 3911569
 -1311050 7044790
 -1311050 3899062
 -1311050 3878838
 -1311050 3878805
 -1298066 7123310
 -1298066 3846510
 -1298066 3842926
 -1298066 3842906
 -1284524 7104212
 -1284524 3827412
 -1284524 3802836
 -1284524 3802808
 -1270458 7085382
 -1270458 3743046
 -1270458 3759430
 -1270458 3759409
 -1256082 7132654
 -1256082 3724782
 -1256082 3714542
 -1256082 3714543
 -1240973 7147763
 -1240973 3674355
 -1240973 3671027
 -1240973 3670965
 -1225283 7163197
 -1225283 3624253
 -1225283 3629373
 -1225283 3629427
 -1209267 7179341
 -1209267 3574861
 -1209267 3586637
 -1209267 3586641
 -1192674 7163294
 -1192674 3558814
 -1192674 3539870
 -1192674 3539939
 -1176019 7212589
 -1176019 3477037
 -1176019 3489837
 -1176019 3489830
 -1159036 7229572
 -1159036 3428484
 -1159036 3437444
 -1159036 3437498
 -1141447 7247161
 -1141447 3380537
 -1141447 3384377
 -1141447 3384401
 -1123541 7265195
 -1123541 3333035
 -1123541 3331243
 -1123541 3331298
 -1105571 7283165
 -1105571 3285469
 -1105571 3279325
 -1105571 3279249
 -1087338 7301142
 -1087338 3237910
 -1087338 3229462
 -1087338 3229560
 -1068788 7287180
 -1068788 3158412
 -1068788 3178124
 -1068788 3178227
 -1050326 7338410
 -1050326 3144106
 -1050326 3122602
 -1050326 3122630
 -1031545 7389703
 -1031545 3064327
 -1031545 3063815
 -1031545 3063865
 -1012543 7375937
 -1012543 2985025
 -1012543 3004993
 -1012543 3005002
 -993401 7395207
 -993401 2938759
 -993401 2947975
 -993401 2948092
 -974245 7414491
 -974245 2892507
 -974245 2892763
 -974245 2892716
 -955040 7433696
 -955040 2846176
 -955040 2837216
 -955040 2837195
 -935476 7420364
 -935476 2767308
 -935476 2781900
 -935476 2781829
 -916224 7505280
 -916224 2721152
 -916224 2724992
 -916224 2725115
 -896878 7524370
 -896878 2674706
 -896878 2665234
 -896878 2665257
 -877416 7511064
 -877416 2595864
 -877416 2603288
 -877416 2603293
 -858182 7530298
 -858182 2549562
 -858182 2542394
 -858182 2542448
 -838914 7582462
 -838914 2470654
 -838914 2485758
 -838914 2485754
 -819570 7569038
 -819570 2457230
 -819570 2431630
 -819570 2431629
 -800365 7555347
 -800365 2378003
 -800365 2376211
 -800365 2376316
 -781284 7607452
 -781284 2299036
 -781284 2319260
 -781284 2319293
 -762412 7658964
 -762412 2285012
 -762412 2261204
 -762412 2261187
 -743796 7644684
 -743796 2205196
 -743796 2202124
 -743796 2202230
 -725282 7663326
 -725282 2158302
 -725282 2143966
 -725282 2143920
 -706615 7714633
 -706615 2078537
 -706615 2088009
 -706615 2087959
 -688406 7700074
 -688406 2063978
 -688406 2036074
 -688406 2036028
 -670215 7685497
 -670215 1983865
 -670215 1986425
 -670215 1986363
 -652291 7769085
 -652291 1936381
 -652291 1933565
 -652291 1933489
 -634631 7786617
 -634631 1888377
 -634631 1877113
 -634631 1876994
 -617013 7771595
 -617013 1807819
 -617013 1820363
 -617013 1820369
 -599833 7788647
 -599833 1759335
 -599833 1766503
 -599833 1766484
 -582596 7806140
 -582596 1711292
 -582596 1716156
 -582596 1716217
 -565650 7822958
 -565650 1662574
 -565650 1668206
 -565650 1668163
 -549232 7839248
 -549232 1613328
 -549232 1620752
 -549232 1620768
 -533096 7822616
 -533096 1596696
 -533096 1572888
 -533096 1572986
 -517148 7871460
 -517148 1514468
 -517148 1522916
 -517148 1522821
 -501218 7887518
 -501218 1464990
 -501218 1471390
 -501218 1471410
 -485878 7902730
 -485878 1414666
 -485878 1421834
 -485878 1421949
 -470811 7885029
 -470811 1396965
 -470811 1376741
 -470811 1376753
 -455775 7932833
 -455775 1313697
 -455775 1335201
 -455775 1335220
 -441173 7980075
 -441173 1295403
 -441173 1293355
 -441173 1293427
 -426605 7961875
 -426605 1277203
 -426605 1249043
 -426605 1249088
 -412656 7943312
 -412656 1193104
 -412656 1203856
 -412656 1203941
 -399150 7989330
 -399150 1173586
 -399150 1157970
 -399150 1157959
 -385520 8035984
 -385520 1089168
 -385520 1114000
 -385520 1114079
 -372496 8015984
 -372496 1069168
 -372496 1075312
 -372496 1075250
 -359618 8029118
 -359618 1016766
 -359618 1039294
 -359618 1039342
 -347120 8008720
 -347120 996368
 -347120 1005072
 -347120 1005167
 -335110 8053370
 -335110 975482
 -335110 969082
 -335110 968972
 -323018 8065718
 -323018 922294
 -323018 929718
 -323018 929755
 -311521 8109855
 -311521 900895
 -311521 890655
 -311521 890691
 -300232 8088376
 -300232 879416
 -300232 854584
 -300232 854554
 -289089 8099391
 -289089 824895
 -289089 821567
 -289089 821563
 -278142 8077698
 -278142 803202
 -278142 790914
 -278142 790913
 -268014 8120722
 -268014 780690
 -268014 760722
 -268014 760768
 -257874 8130606
 -257874 725038
 -257874 730670
 -257874 730733
 -247923 8173453
 -247923 702349
 -247923 699277
 -247923 699264
 -238291 8150445
 -238291 679341
 -238291 666541
 -238291 666557
 -228990 8159618
 -228990 622978
 -228990 635778
 -228990 635839
 -220005 8135835
 -220005 599195
 -220005 608923
 -220005 608937
 -211318 8177162
 -211318 574986
 -211318 584970
 -211318 585023
 -202887 8185721
 -202887 583545
 -202887 561785
 -202887 561680
 -194721 8194015
 -194721 526303
 -194721 537055
 -194721 537005
 -186494 8234754
 -186494 501506
 -186494 511746
 -186494 511782
 -178867 8209741
 -178867 476493
 -178867 486989
 -178867 486951
 -171541 8216939
 -171541 483691
 -171541 462699
 -171541 462658
 -164588 8256788
 -164588 458004
 -164588 440084
 -164588 440137
 -157481 8198359
 -157481 399575
 -157481 420311
 -157481 420263
 -150823 8205017
 -150823 406233
 -150823 401881
 -150823 401917
 -144267 8244341
 -144267 380021
 -144267 383605
 -144267 383548
 -138156 8250580
 -138156 386260
 -138156 363732
 -138156 363668
 -132244 8223596
 -132244 359276
 -132244 343148
 -132244 343060
 -126528 8294720
 -126528 299328
 -126528 323904
 -126528 323926
 -120701 8300547
 -120701 305155
 -120701 306179
 -120701 306184
 -115094 8273514
 -115094 278122
 -115094 290154
 -115094 290175
 -109953 8278655
 -109953 283263
 -109953 276095
 -109953 276092
 -105209 8283399
 -105209 288007
 -105209 262663
 -105209 262672
 -100205 8321171
 -100205 260243
 -100205 248467
 -100205 248523
 -95625 8293111
 -95625 232183
 -95625 232695
 -95625 232640
 -91273 8264567
 -91273 203639
 -91273 215671
 -91273 215613
 -86795 8269045
 -86795 208117
 -86795 200693
 -86795 200644
 -82703 8305777
 -82703 179313
 -82703 188529
 -82703 188451
 -78845 8309891
 -78845 183427
 -78845 177539
 -78845 177551
 -75149 8313459
 -75149 186995
 -75149 167283
 -75149 167294
 -71546 8284294
 -71546 157830
 -71546 156550
 -71546 156547
 -68135 8287705
 -68135 161241
 -68135 144857
 -68135 144885
 -64869 8323611
 -64869 131611
 -64869 132379
 -64869 132354
 -61506 8359870
 -61506 102334
 -61506 120254
 -61506 120222
 -58294 8363210
 -58294 105674
 -58294 110794
 -58294 110743
 -55643 8365605
 -55643 108069
 -55643 103717
 -55643 103775
 -52887 8335721
 -52887 78185
 -52887 97129
 -52887 97061
 -50089 8338647
 -50089 81111
 -50089 89559
 -50089 89526
 -47413 8341195
 -47413 83659
 -47413 80331
 -47413 80333
 -45116 8343492
 -45116 85956
 -45116 71108
 -45116 71052
 -42844 8378532
 -42844 55460
 -42844 61860
 -42844 61859
 -40820 8380428
 -40820 57356
 -40820 53772
 -40820 53789
 -38455 8382921
 -38455 59849
 -38455 48585
 -38455 48589
 -36337 8385167
 -36337 62095
 -36337 45199
 -36337 45206
 -34530 8386974
 -34530 63902
 -34530 41374
 -34530 41425
 -32689 8356047
 -32689 32975
 -32689 35023
 -32689 35021
 -31008 8324704
 -31008 1632
 -31008 27232
 -31008 27159
 -29337 8326503
 -29337 3431
 -29337 20327
 -29337 20234
 -27887 8328081
 -27887 5009
 -27887 15761
 -27887 15862
 -26123 8329717
 -26123 6645
 -26123 12789
 -26123 12787
 -24768 8331072
 -24768 8000
 -24768 10560
 -24768 10584
 -23650 8332062
 -23650 8990
 -23650 8222
 -23650 8284
 -22341 8333371
 -22341 10299
 -22341 4155
 -22341 4179
 -20985 -20857
 -20985 -20857
 -20985 -1913
 -20985 -1872
 -19780 -19908
 -19780 -19908
 -19780 -8132
 -19780 -8130
 -18946 -19074
 -18946 -19074
 -18946 -11906
 -18946 -12031
 -17787 -17915
 -17787 -17915
 -17787 -12795
 -17787 -12794
 -16476 -16476
 -16476 -16476
 -16476 -13404
 -16476 -13426
 -15567 -15439
 -15567 -15439
 -15567 -15695
 -15567 -15653
 -14748 -14748
 -14748 -14748
 -14748 -19356
 -14748 -19390
 -13961 -13833
 -13961 -13833
 -13961 -23305
 -13961 -23418
 -13241 -13241
 -13241 -13241
 -13241 -26809
 -13241 -26796
 -12476 -12348
 -12476 -12348
 -12476 -29756
 -12476 -29733
 -11765 -11637
 -11765 -11637
 -11765 -31349
 -11765 -31311
 -10797 -10797
 -10797 -10797
 -10797 -31533
 -10797 -31537
 -10270 -10270
 -10270 -10270
 -10270 -32542
 -10270 -32561
 -9802 -42570
 -9802 -42570
 -9802 -35402
 -9802 -35445
 -9227 -41995
 -9227 -41995
 -9227 -40203
 -9227 -40317
 -8752 -41520
 -8752 -41520
 -8752 -44336
 -8752 -44317
 -8301 -41069
 -8301 -41069
 -8301 -45421
 -8301 -45428
 -7844 -40484
 -7844 -40484
 -7844 -45860
 -7844 -45875
 -7289 -40057
 -7289 -40057
 -7289 -46457
 -7289 -46359
 -6868 -39636
 -6868 -39636
 -6868 -46804
 -6868 -46797
 -6690 -39458
 -6690 -39458
 -6690 -48162
 -6690 -48145
 -6145 -39041
 -6145 -39041
 -6145 -51073
 -6145 -51094
 -5686 -38454
 -5686 -38454
 -5686 -54326
 -5686 -54397
 -5400 -38296
 -5400 -38296
 -5400 -56472
 -5400 -56507
 -5079 -37719
 -5079 -37719
 -5079 -55639
 -5079 -55586
 -4677 -37573
 -4677 -37573
 -4677 -53957
 -4677 -53947
 -4574 -37214
 -4574 -37214
 -4574 -54622
 -4574 -54570
 -4495 -37263
 -4495 -37263
 -4495 -56719
 -4495 -56829
 -4187 -37083
 -4187 -37083
 -4187 -59355
 -4187 -59303
 -3995 -36763
 -3995 -36763
 -3995 -60827
 -3995 -60834
 -3853 -36749
 -3853 -36749
 -3853 -61325
 -3853 -61388
 -3389 -36157
 -3389 -36157
 -3389 -61245
 -3389 -61295
 -3231 -35999
 -3231 -35999
 -3231 -60063
 -3231 -60088
 -2916 -35684
 -2916 -35684
 -2916 -58468
 -2916 -58443
 -2721 -35361
 -2721 -35361
 -2721 -58913
 -2721 -58935
 -2483 -35123
 -2483 -35123
 -2483 -60979
 -2483 -61030
 -2290 -35058
 -2290 -35058
 -2290 -62962
 -2290 -62854
 -2343 -35111
 -2343 -35111
 -2343 -63015
 -2343 -62982
 -2483 -35251
 -2483 -35251
 -2483 -62131
 -2483 -62128
 -2312 -35208
 -2312 -35208
 -2312 -61832
 -2312 -61930
 -2143 -35039
 -2143 -35039
 -2143 -61663
 -2143 -61604
 -1943 -34583
 -1943 -34583
 -1943 -60951
 -1943 -60933
 -1721 -34361
 -1721 -34361
 -1721 -61497
 -1721 -61472
 -1477 -34245
 -1477 -34245
 -1477 -63173
 -1477 -63222
 -1400 -34168
 -1400 -34168
 -1400 -64888
 -1400 -64817
 -1280 -34048
 -1280 -34048
 -1280 -64512
 -1280 -64500
 -1248 -34016
 -1248 -34016
 -1248 -62688
 -1248 -62708
 -1257 -34025
 -1257 -34025
 -1257 -61673
 -1257 -61644
 -1261 -33901
 -1261 -33901
 -1261 -61805
 -1261 -61760
 -1261 -33901
 -1261 -33901
 -1261 -62573
 -1261 -62473
 -1374 -34270
 -1374 -34270
 -1374 -64222
 -1374 -64193
 -983 -983
 -983 -66519
 -983 -66007
 -983 -65988
 -760 -760
 -760 -66296
 -760 -67320
 -760 -67208
 -843 -843
 -843 -66379
 -843 -67403
 -843 -67383
 -869 -997
 -869 -66533
 -869 -65765
 -869 -65780
 -954 -33722
 -954 -33722
 -954 -64954
 -954 -64910
 -954 -826
 -954 -66362
 -954 -66106
 -954 -66060
 -858 -986
 -858 -66522
 -858 -67802
 -858 -67812
 -765 -765
 -765 -66301
 -765 -68861
 -765 -68852
 -622 -750
 -622 -66286
 -622 -69358
 -622 -69326
 -504 -504
 -504 -66040
 -504 -69112
 -504 -69058
 -602 -730
 -602 -66266
 -602 -68314
 -602 -68269
 -903 -903
 -903 -66439
 -903 -67207
 -903 -67249
 -820 -948
 -820 -66484
 -820 -66996
 -820 -66987
 -517 -645
 -517 -66181
 -517 -68485
 -517 -68511
 -433 -305
 -433 -65841
 -433 -70449
 -433 -70434
 -287 -287
 -287 -65823
 -287 -71711
 -287 -71692
 -570 -698
 -570 -66234
 -570 -71098
 -570 -71075
 -550 -678
 -550 -66214
 -550 -69542
 -550 -69595
 -622 -622
 -622 -66158
 -622 -68462
 -622 -68353
 -467 -467
 -467 -66003
 -467 -67795
 -467 -67729
 -288 -288
 -288 -65824
 -288 -68128
 -288 -68211
 -283 -283
 -283 -65819
 -283 -69403
 -283 -69422
 -103 -103
 -103 -65639
 -103 -70503
 -103 -70449
 -115 -243
 -115 -65779
 -115 -69875
 -115 -69773
 -562 -690
 -562 -66226
 -562 -67250
 -562 -67325
 -358 -33254
 -358 -33254
 -358 -65510
 -358 -65413
 -350 -33246
 -350 -33246
 -350 -65502
 -350 -65505
 -354 -354
 -354 -65890
 -354 -67170
 -354 -67134
 -150 -150
 -150 -65686
 -150 -68502
 -150 -68571
 -191 -63
 -191 -65599
 -191 -68927
 -191 -68932
 -436 -308
 -436 -65844
 -436 -68148
 -436 -68196
 -259 -259
 -259 -65795
 -259 -66563
 -259 -66632
 -206 -32974
 -206 -32974
 -206 -65486
 -206 -65467
 -345 -33241
 -345 -33241
 -345 -65241
 -345 -65239
 -339 -339
 -339 -65875
 -339 -66131
 -339 -66090
 -313 -441
 -313 -65977
 -313 -67257
 -313 -67323
 -91 -91
 -91 -65627
 -91 -67675
 -91 -67632
 93 -8355619
 93 -98083
 93 -67107
 93 -67090
 -96 -224
 -96 -65760
 -96 -66528
 -96 -66444
 -494 -366
 -494 -65902
 -494 -66158
 -494 -66111
 -273 -273
 -273 -65809
 -273 -66577
 -273 -66686
 -115 -243
 -115 -65779
 -115 -67827
 -115 -67727
 49 -8355791
 49 -98255
 49 -69327
 49 -69297
 -157 -29
 -157 -65565
 -157 -70429
 -157 -70526
 -194 -194
 -194 -65730
 -194 -70082
 -194 -70122
 -290 -418
 -290 -65954
 -290 -69026
 -290 -69003
 -25 -25
 -25 -65561
 -25 -68121
 -25 -68097
 -43 -43
 -43 -65579
 -43 -68395
 -43 -68391
 -188 -60
 -188 -65596
 -188 -69692
 -188 -69674
 -107 -235
 -107 -65771
 -107 -70635
 -107 -70656
 -246 -246
 -246 -65782
 -246 -71158
 -246 -71059
 -182 -182
 -182 -65718
 -182 -70838
 -182 -70842
 -338 -466
 -338 -66002
 -338 -70098
 -338 -70074
 -165 -165
 -165 -65701
 -165 -68773
 -165 -68825
 -180 -52
 -180 -65588
 -180 -69172
 -180 -69178
 -117 -117
 -117 -65653
 -117 -70517
 -117 -70519
 -150 -150
 -150 -65686
 -150 -71830
 -150 -71884
 56 -8355656
 56 -98120
 56 -72008
 56 -71969
 -61 -189
 -61 -65725
 -61 -70589
 -61 -70554
 -68 -68
 -68 -65604
 -68 -69444
 -68 -69383
 -33 -33
 -33 -65569
 -33 -68641
 -33 -68632
 -26 -154
 -26 -65690
 -26 -67994
 -26 -68061
 -74 -74
 -74 -65610
 -74 -67914
 -74 -67927
 -57 -185
 -57 -65721
 -57 -68537
 -57 -68505
 -162 -34
 -162 -65570
 -162 -69154
 -162 -69149
 -188 -188
 -188 -65724
 -188 -68796
 -188 -68854
 160 -8355680
 160 -98144
 160 -67680
 160 -67696
 -95 -95
 -95 -65631
 -95 -66655
 -95 -66576
 -185 -57
 -185 -65593
 -185 -66617
 -185 -66589
 -236 -108
 -236 -65644
 -236 -66924
 -236 -66925
 -187 -187
 -187 -65723
 -187 -67003
 -187 -67066
 -239 -239
 -239 -65775
 -239 -67567
 -239 -67478
 -316 -316
 -316 -65852
 -316 -67900
 -316 -67915
 -90 -218
 -90 -65754
 -90 -67546
 -90 -67516
 -112 -240
 -112 -65776
 -112 -66032
 -112 -65954
 89 -8388391
 89 -65319
 89 -64807
 89 -64818
 -83 -32851
 -83 -32851
 -83 -65107
 -83 -65152
 -154 -154
 -154 -65690
 -154 -66970
 -154 -67054
 -325 -325
 -325 -65861
 -325 -68421
 -325 -68400
 -215 -215
 -215 -65751
 -215 -68823
 -215 -68861
 -95 -223
 -95 -65759
 -95 -68831
 -95 -68788
 -203 -203
 -203 -65739
 -203 -68811
 -203 -68748
 -264 -264
 -264 -65800
 -264 -68360
 -264 -68400
 -221 -93
 -221 -65629
 -221 -67933
 -221 -67913
 -112 -112
 -112 -65648
 -112 -68464
 -112 -68360
 -13 -141
 -13 -65677
 -13 -69773
 -13 -69852
 24 -8355816
 24 -98280
 24 -70888
 24 -70894
 -243 -243
 -243 -65779
 -243 -70643
 -243 -70626
 -263 -263
 -263 -65799
 -263 -69383
 -263 -69458
 62 -8355778
 62 -98242
 62 -69058
 62 -69050
 171 -8355669
 171 -98133
 171 -69461
 171 -69416
 27 -8355685
 27 -98149
 27 -69733
 27 -69746
 -40 -40
 -40 -65576
 -40 -70184
 -40 -70200
 -265 -393
 -265 -65929
 -265 -71305
 -265 -71408
 81 -8355631
 81 -98095
 81 -72239
 81 -72262
 -137 -137
 -137 -65673
 -137 -71305
 -137 -71328
 -433 -433
 -433 -65969
 -433 -69297
 -433 -69312
 -331 -459
 -331 -65995
 -331 -68555
 -331 -68511
 -299 -427
 -299 -65963
 -299 -69035
 -299 -69017
 -242 -114
 -242 -65650
 -242 -70002
 -242 -69898
 -210 -210
 -210 -65746
 -210 -70098
 -210 -70065
 -24 -152
 -24 -65688
 -24 -69272
 -24 -69264
 -57 -57
 -57 -65593
 -57 -68409
 -57 -68458
 -95 -223
 -95 -65759
 -95 -67551
 -95 -67524
 -227 -99
 -227 -65635
 -227 -66659
 -227 -66584
 72 -8355768
 72 -98232
 72 -66744
 72 -66732
 -51 -179
 -51 -65715
 -51 -68019
 -51 -68023
 -249 -249
 -249 -65785
 -249 -69113
 -249 -69087
 -19 -147
 -19 -65683
 -19 -68499
 -19 -68565
 294 -8355418
 294 -97882
 294 -66906
 294 -66834
 169 -8355799
 169 -98263
 169 -66007
 169 -66015
 -171 -171
 -171 -65707
 -171 -66219
 -171 -66270
 -140 -140
 -140 -65676
 -140 -66444
 -140 -66514
 -275 -275
 -275 -65811
 -275 -66579
 -275 -66658
 -344 -344
 -344 -65880
 -344 -66904
 -344 -66877
 -350 -478
 -350 -66014
 -350 -67294
 -350 -67266
 -234 -106
 -234 -65642
 -234 -67178
 -234 -67118
 -273 -401
 -273 -65937
 -273 -66705
 -273 -66728
 -306 -306
 -306 -65842
 -306 -66866
 -306 -66931
 -136 -8
 -136 -65544
 -136 -68104
 -136 -68179
 -180 -180
 -180 -65716
 -180 -69044
 -180 -69060
 -269 -269
 -269 -65805
 -269 -69901
 -269 -69911
 -154 -154
 -154 -65690
 -154 -69786
 -154 -69848
 -17 -145
 -17 -65681
 -17 -69521
 -17 -69585
 -114 -114
 -114 -65650
 -114 -69234
 -114 -69148
 -22 -150
 -22 -65686
 -22 -68502
 -22 -68586
 -183 -55
 -183 -65591
 -183 -68919
 -183 -68977
 -136 -8
 -136 -65544
 -136 -69896
 -136 -70012
 -294 -422
 -294 -65958
 -294 -70822
 -294 -70835
 -283 -283
 -283 -65819
 -283 -70939
 -283 -70995
 -244 -244
 -244 -65780
 -244 -70132
 -244 -70076
 -340 -468
 -340 -66004
 -340 -69588
 -340 -69627
 -180 -52
 -180 -65588
 -180 -69940
 -180 -69910
 -78 -206
 -78 -65742
 -78 -70606
 -78 -70618
 -146 -18
 -146 -65554
 -146 -71186
 -146 -71241
 -278 -278
 -278 -65814
 -278 -71446
 -278 -71466
 -223 -95
 -223 -65631
 -223 -71007
 -223 -70915
 -185 -185
 -185 -65721
 -185 -70073
 -185 -70027
 -192 -64
 -192 -65600
 -192 -68928
 -192 -68948
 -162 -34
 -162 -65570
 -162 -68130
 -162 -68198
 -63 -191
 -63 -65727
 -63 -68287
 -63 -68234
 -51 -179
 -51 -65715
 -51 -68275
 -51 -68309
 -41 -169
 -41 -65705
 -41 -68265
 -41 -68330
 -114 -114
 -114 -65650
 -114 -68466
 -114 -68370
 -106 -234
 -106 -65770
 -106 -68330
 -106 -68259
 -148 -20
 -148 -65556
 -148 -67604
 -148 -67606
 -76 -204
 -76 -65740
 -76 -67020
 -76 -66956
 -178 -178
 -178 -65714
 -178 -66482
 -178 -66484
 -146 -18
 -146 -65554
 -146 -67090
 -146 -67109
 -174 -174
 -174 -65710
 -174 -67758
 -174 -67782
 -284 -412
 -284 -65948
 -284 -67740
 -284 -67764
 -110 -238
 -110 -65774
 -110 -67054
 -110 -66982
 -144 -16
 -144 -65552
 -144 -66320
 -144 -66353
 -51 -51
 -51 -65587
 -51 -65843
 -51 -65837
 -92 -92
 -92 -65628
 -92 -65628
 -92 -65646
 -271 -271
 -271 -65807
 -271 -66063
 -271 -66084
 -374 -502
 -374 -66038
 -374 -67574
 -374 -67474
 -170 -42
 -170 -65578
 -170 -68906
 -170 -68881
 -91 -219
 -91 -65755
 -91 -69083
 -91 -69104
 -210 -82
 -210 -65618
 -210 -68690
 -210 -68646
 -70 -70
 -70 -65606
 -70 -68166
 -70 -68202
 144 -8355696
 144 -98160
 144 -68464
 144 -68401
 194 -8355774
 194 -98238
 194 -69054
 194 -69088
 -254 -126
 -254 -65662
 -254 -69502
 -254 -69499
 -370 -370
 -370 -65906
 -370 -70258
 -370 -70188
 -425 -297
 -425 -65833
 -425 -70697
 -425 -70694
 -120 -120
 -120 -65656
 -120 -70520
 -120 -70456
 -121 -249
 -121 -65785
 -121 -69881
 -121 -69804
 -330 -458
 -330 -65994
 -330 -69322
 -330 -69288
 -297 -425
 -297 -65961
 -297 -69545
 -297 -69530
 -165 -37
 -165 -65573
 -165 -70437
 -165 -70426
 -36 -164
 -36 -65700
 -36 -71332
 -36 -71306
 -50 -178
 -50 -65714
 -50 -71858
 -50 -71812
 67 -8355645
 67 -98109
 67 -71485
 67 -71463
 -150 -22
 -150 -65558
 -150 -70678
 -150 -70722
 -46 -174
 -46 -65710
 -46 -69550
 -46 -69608
 -121 -249
 -121 -65785
 -121 -69113
 -121 -69039
 -161 -33
 -161 -65569
 -161 -69153
 -161 -69197
 -163 -163
 -163 -65699
 -163 -70051
 -163 -70067
 -162 -34
 -162 -65570
 -162 -69922
 -162 -69909
 -85 -85
 -85 -65621
 -85 -68949
 -85 -68903
 66 -8355774
 66 -98238
 66 -67774
 66 -67780
 131 -8355709
 131 -98173
 131 -67453
 131 -67421
 -73 -201
 -73 -65737
 -73 -67785
 -73 -67835
 74 -8355638
 74 -98102
 74 -68150
 74 -68115
 -93 -93
 -93 -65629
 -93 -68189
 -93 -68144
 -155 -155
 -155 -65691
 -155 -68251
 -155 -68322
 -345 -473
 -345 -66009
 -345 -68057
 -345 -68053
 -193 -65
 -193 -65601
 -193 -67137
 -193 -67195
 -160 -160
 -160 -65696
 -160 -66208
 -160 -66207
 -58 -186
 -58 -65722
 -58 -66490
 -58 -66476
 88 -8355752
 88 -98216
 88 -66984
 88 -67021
 -53 -181
 -53 -65717
 -53 -66741
 -53 -66775
 -63 -63
 -63 -65599
 -63 -66367
 -63 -66365
 -162 -162
 -162 -65698
 -162 -66466
 -162 -66548
 -329 -329
 -329 -65865
 -329 -67145
 -329 -67185
 -256 -256
 -256 -65792
 -256 -67584
 -256 -67521
 -193 -65
 -193 -65601
 -193 -67649
 -193 -67682
 -450 -322
 -450 -65858
 -450 -68418
 -450 -68457
 -136 -8
 -136 -65544
 -136 -69384
 -136 -69456
 -189 -61
 -189 -65597
 -189 -69949
 -189 -70015
 -188 -188
 -188 -65724
 -188 -69564
 -188 -69507
 -169 -41
 -169 -65577
 -169 -68905
 -169 -68986
 -242 -114
 -242 -65650
 -242 -69234
 -242 -69178
 -115 -115
 -115 -65651
 -115 -69747
 -115 -69668
 8 -8355832
 8 -98296
 8 -70392
 8 -70309
 95 -8355745
 95 -98209
 95 -70561
 95 -70589
 -189 -61
 -189 -65597
 -189 -70717
 -189 -70729
 -150 -22
 -150 -65558
 -150 -70934
 -150 -70978
 -165 -37
 -165 -65573
 -165 -70437
 -165 -70404
 -114 -242
 -114 -65778
 -114 -70386
 -114 -70290
 -170 -170
 -170 -65706
 -170 -71082
 -170 -71089
 -163 -35
 -163 -65571
 -163 -71971
 -163 -71967
 -198 -70
 -198 -65606
 -198 -72006
 -198 -71946
 -125 -253
 -125 -65789
 -125 -71165
 -125 -71092
 63 -8355777
 63 -98241
 63 -70081
 63 -70059
 -55 -55
 -55 -65591
 -55 -69431
 -55 -69397
 -109 -109
 -109 -65645
 -109 -69229
 -109 -69203
 -174 -46
 -174 -65582
 -174 -68654
 -174 -68623
 103 -8355609
 103 -98073
 103 -68121
 103 -68213
 65 -8355647
 65 -98111
 65 -68415
 65 -68361
 92 -8355748
 92 -98212
 92 -68516
 92 -68535
 -280 -408
 -280 -65944
 -280 -67992
 -280 -68056
 -483 -483
 -483 -66019
 -483 -67555
 -483 -67553
 -243 -243
 -243 -65779
 -243 -67315
 -243 -67238
 8 -8355832
 8 -98296
 8 -67320
 8 -67311
 -164 -164
 -164 -65700
 -164 -67236
 -164 -67263
 -346 -474
 -346 -66010
 -346 -67034
 -346 -67038
 -180 -180
 -180 -65716
 -180 -67508
 -180 -67492
 -161 -33
 -161 -65569
 -161 -67617
 -161 -67672
 50 -8355662
 50 -98126
 50 -66894
 50 -66859
 -93 -93
 -93 -65629
 -93 -65885
 -93 -65840
 -150 -22
 -150 -65558
 -150 -65558
 -150 -65661
 -17 -145
 -17 -65681
 -17 -66449
 -17 -66460
 -65 -65
 -65 -65601
 -65 -67649
 -65 -67613
 -118 -246
 -118 -65782
 -118 -68342
 -118 -68301
 -51 -179
 -51 -65715
 -51 -68531
 -51 -68534
 -159 -159
 -159 -65695
 -159 -68255
 -159 -68294
 -8 -136
 -8 -65672
 -8 -67976
 -8 -67992
 152 -8355688
 152 -98152
 152 -67944
 152 -67851
 -8 -136
 -8 -65672
 -8 -68232
 -8 -68302
 -89 -89
 -89 -65625
 -89 -69465
 -89 -69418
 -114 -114
 -114 -65650
 -114 -70258
 -114 -70248
 -4 -4
 -4 -65540
 -4 -70148
 -4 -70218
 11 -8355829
 11 -98293
 11 -69621
 11 -69616
 26 -8355686
 26 -98150
 26 -69222
 26 -69136
 -177 -177
 -177 -65713
 -177 -69041
 -177 -69049
 -230 -230
 -230 -65766
 -230 -69350
 -230 -69355
 40 -8355800
 40 -98264
 40 -70104
 40 -70072
 -138 -10
 -138 -65546
 -138 -71178
 -138 -71198
 -34 -34
 -34 -65570
 -34 -71970
 -34 -71964
 -120 -120
 -120 -65656
 -120 -71800
 -120 -71742
 -208 -80
 -208 -65616
 -208 -70480
 -208 -70430
 -254 -126
 -254 -65662
 -254 -69502
 -254 -69439
 -98 -226
 -98 -65762
 -98 -69602
 -98 -69588
 -176 -48
 -176 -65584
 -176 -69936
 -176 -69890
 -197 -197
 -197 -65733
 -197 -70085
 -197 -70032
 -217 -89
 -217 -65625
 -217 -69721
 -217 -69754
 129 -8355839
 129 -98303
 129 -69119
 129 -69109
 254 -8355586
 254 -98050
 254 -68098
 254 -68117
 99 -8355613
 99 -98077
 99 -67357
 99 -67452
 -122 -250
 -122 -65786
 -122 -67578
 -122 -67564
 -256 -128
 -256 -65664
 -256 -68480
 -256 -68438
 -134 -134
 -134 -65670
 -134 -68742
 -134 -68788
 -253 -253
 -253 -65789
 -253 -68093
 -253 -68057
 -107 -235
 -107 -65771
 -107 -66795
 -107 -66696
 -120 -120
 -120 -65656
 -120 -66424
 -120 -66322
 -80 -208
 -80 -65744
 -80 -66768
 -80 -66756
 -57 -185
 -57 -65721
 -57 -66745
 -57 -66779
 55 -8355657
 55 -98121
 55 -66633
 55 -66614
 -141 -141
 -141 -65677
 -141 -66957
 -141 -66986
 -264 -264
 -264 -65800
 -264 -67080
 -264 -67101
 -160 -32
 -160 -65568
 -160 -66592
 -160 -66621
 -118 -118
 -118 -65654
 -118 -66422
 -118 -66326
 -164 -36
 -164 -65572
 -164 -67108
 -164 -67122
 -326 -326
 -326 -65862
 -326 -68422
 -326 -68468
 -395 -267
 -395 -65803
 -395 -69387
 -395 -69403
 -68 -68
 -68 -65604
 -68 -69700
 -68 -69753
 67 -8355645
 67 -98109
 67 -69693
 67 -69638
 -434 -434
 -434 -65970
 -434 -69554
 -434 -69580
 -267 -267
 -267 -65803
 -267 -69131
 -267 -69238
 -232 -232
 -232 -65768
 -232 -68840
 -232 -68829
 -49 -49
 -49 -65585
 -49 -69425
 -49 -69398
 -134 -6
 -134 -65542
 -134 -70406
 -134 -70507
 -225 -97
 -225 -65633
 -225 -71265
 -225 -71173
 48 -8355792
 48 -98256
 48 -70608
 48 -70584
 97 -8355743
 97 -98207
 97 -69535
 97 -69582
 -44 -172
 -44 -65708
 -44 -69292
 -44 -69267
 -128 -128
 -128 -65664
 -128 -70016
 -128 -69973
 -297 -425
 -297 -65961
 -297 -70825
 -297 -70889
 -216 -216
 -216 -65752
 -216 -71640
 -216 -71639
 -2 -130
 -2 -65666
 -2 -71810
 -2 -71891
 -228 -100
 -228 -65636
 -228 -71524
 -228 -71429
 -72 -200
 -72 -65736
 -72 -70088
 -72 -70027
 30 -8355682
 30 -98146
 30 -68962
 30 -68935
 -55 -55
 -55 -65591
 -55 -68407
 -55 -68407
 101 -8355611
 101 -98075
 101 -68635
 101 -68699
 30 -8355682
 30 -98146
 30 -69218
 30 -69121
 -81 -81
 -81 -65617
 -81 -68945
 -81 -68989
 -329 -457
 -329 -65993
 -329 -68297
 -329 -68311
 -186 -186
 -186 -65722
 -186 -68026
 -186 -68054
 37 -8355803
 37 -98267
 37 -67803
 37 -67757
 36 -8355804
 36 -98268
 36 -67036
 36 -66953
 -191 -191
 -191 -65727
 -191 -66751
 -191 -66720
 -296 -296
 -296 -65832
 -296 -67368
 -296 -67335
 -217 -217
 -217 -65753
 -217 -68057
 -217 -68055
 -116 -244
 -116 -65780
 -116 -67828
 -116 -67825
 -137 -137
 -137 -65673
 -137 -66953
 -137 -66997
 -126 -254
 -126 -65790
 -126 -66046
 -126 -66009
 -270 -398
 -270 -65934
 -270 -65678
 -270 -65682
 -330 -458
 -330 -65994
 -330 -65994
 -330 -65934
 -3 -131
 -3 -65667
 -3 -66435
 -3 -66484
 -92 -220
 -92 -65756
 -92 -67548
 -92 -67496
 -115 -243
 -115 -65779
 -115 -68595
 -115 -68524
 -69 -69
 -69 -65605
 -69 -68677
 -69 -68694
 -38 -166
 -38 -65702
 -38 -68262
 -38 -68344
 -115 -115
 -115 -65651
 -115 -67955
 -115 -67862
 -84 -84
 -84 -65620
 -84 -68436
 -84 -68426
 -18 -146
 -18 -65682
 -18 -70034
 -18 -70043
 -153 -153
 -153 -65689
 -153 -70297
 -153 -70283
 -179 -51
 -179 -65587
 -179 -70707
 -179 -70670
 -143 -143
 -143 -65679
 -143 -70799
 -143 -70838
 -48 -48
 -48 -65584
 -48 -70960
 -48 -70920
 -249 -121
 -249 -65657
 -249 -70521
 -249 -70452
 -41 -169
 -41 -65705
 -41 -69545
 -41 -69631
 -55 -55
 -55 -65591
 -55 -69431
 -55 -69414
 265 -8355575
 265 -98039
 265 -69879
 265 -69825
 -194 -66
 -194 -65602
 -194 -70466
 -194 -70452
 -148 -20
 -148 -65556
 -148 -71188
 -148 -71243
 -9 -9
 -9 -65545
 -9 -71945
 -9 -71991
 39 -8355673
 39 -98137
 39 -72025
 39 -71952
 -100 -100
 -100 -65636
 -100 -71268
 -100 -71172
 -275 -403
 -275 -65939
 -275 -69523
 -275 -69550
 -124 -124
 -124 -65660
 -124 -68732
 -124 -68669
 -191 -63
 -191 -65599
 -191 -68927
 -191 -68884
 55 -8355657
 55 -98121
 55 -69449
 55 -69395
 89 -8355623
 89 -98087
 89 -69159
 89 -69164
 19 -8355693
 19 -98157
 19 -68717
 19 -68694
 -172 -172
 -172 -65708
 -172 -68268
 -172 -68252
 -32 -160
 -32 -65696
 -32 -68000
 -32 -68078
 64 -8355648
 64 -98112
 64 -67904
 64 -67845
 185 -8355783
 185 -98247
 185 -67527
 185 -67538
 187 -8355781
 187 -98245
 187 -67781
 187 -67772
 -180 -52
 -180 -65588
 -180 -67892
 -180 -67957
 -165 -165
 -165 -65701
 -165 -68005
 -165 -68019
 -40 -168
 -40 -65704
 -40 -67752
 -40 -67779
 127 -8355713
 127 -98177
 127 -67201
 127 -67324
 -182 -182
 -182 -65718
 -182 -66742
 -182 -66802
 -71 -71
 -71 -65607
 -71 -66631
 -71 -66593
 -8 -8
 -8 -65544
 -8 -66312
 -8 -66422
 196 -8355644
 196 -98108
 196 -67132
 196 -67082
 48 -8355792
 48 -98256
 48 -68048
 48 -68077
 28 -8355812
 28 -98276
 28 -68580
 28 -68496
 28 -8355684
 28 -98148
 28 -68708
 28 -68634
 -165 -165
 -165 -65701
 -165 -68517
 -165 -68581
 -83 -83
 -83 -65619
 -83 -68947
 -83 -68936
 -39 -39
 -39 -65575
 -39 -69159
 -39 -69218
 -100 -100
 -100 -65636
 -100 -69732
 -100 -69636
 -302 -302
 -302 -65838
 -302 -69934
 -302 -70015
 -99 -99
 -99 -65635
 -99 -70499
 -99 -70448
 -118 -246
 -118 -65782
 -118 -70134
 -118 -70105
 -121 -249
 -121 -65785
 -121 -70137
 -121 -70052
 -196 -68
 -196 -65604
 -196 -69956
 -196 -69949
 -178 -178
 -178 -65714
 -178 -70066
 -178 -70140
 30 -8355682
 30 -98146
 30 -70498
 30 -70516
 -78 -206
 -78 -65742
 -78 -70606
 -78 -70548
 34 -8355806
 34 -98270
 34 -71134
 34 -71128
 -134 -6
 -134 -65542
 -134 -71686
 -134 -71781
 -150 -22
 -150 -65558
 -150 -71446
 -150 -71519
 18 -8355822
 18 -98286
 18 -71150
 18 -71103
 195 -8355645
 195 -98109
 195 -70461
 195 -70405
 -138 -10
 -138 -65546
 -138 -69898
 -138 -69948
 123 -8355717
 123 -98181
 123 -70021
 123 -70139
 -136 -8
 -136 -65544
 -136 -69896
 -136 -69953
 -53 -181
 -53 -65717
 -53 -69301
 -53 -69309
 34 -8355806
 34 -98270
 34 -68830
 34 -68801
 -194 -66
 -194 -65602
 -194 -68418
 -194 -68447
 8 -8355832
 8 -98296
 8 -68344
 8 -68286
 -204 -204
 -204 -65740
 -204 -68300
 -204 -68263
 69 -8355643
 69 -98107
 69 -68411
 69 -68380
 172 -8355796
 172 -98260
 172 -68564
 172 -68485
 132 -8355708
 132 -98172
 132 -68476
 132 -68478
 -25 -25
 -25 -65561
 -25 -67609
 -25 -67668
 -14 -142
 -14 -65678
 -14 -67470
 -14 -67506
 7 -8355833
 7 -98297
 7 -67833
 7 -67741
 75 -8355637
 75 -98101
 75 -68149
 75 -68154
 -199 -71
 -199 -65607
 -199 -67655
 -199 -67700
 -314 -314
 -314 -65850
 -314 -66874
 -314 -66896
 -18 -18
 -18 -65554
 -18 -66834
 -18 -66862
 87 -8355625
 87 -98089
 87 -66857
 87 -66901
 197 -8355771
 197 -98235
 197 -67259
 197 -67301
 -147 -147
 -147 -65683
 -147 -67987
 -147 -67983
 -45 -173
 -45 -65709
 -45 -68781
 -45 -68745
 192 -8355776
 192 -98240
 192 -69568
 192 -69618
 7 -8355833
 7 -98297
 7 -70137
 7 -70090
 -381 -509
 -381 -66045
 -381 -69885
 -381 -69778
 -182 -182
 -182 -65718
 -182 -68790
 -182 -68759
 52 -8355660
 52 -98124
 52 -68428
 52 -68465
 -136 -136
 -136 -65672
 -136 -68488
 -136 -68594
 -54 -182
 -54 -65718
 -54 -69558
 -54 -69598
 -54 -54
 -54 -65590
 -54 -70454
 -54 -70528
 37 -8355803
 37 -98267
 37 -71387
 37 -71338
 -2 -2
 -2 -65538
 -2 -70914
 -2 -70994
 0 -8355840
 0 -98304
 0 -70144
 0 -70125
 -175 -175
 -175 -65711
 -175 -69295
 -175 -69344
 11 -8355701
 11 -98165
 11 -69493
 11 -69430
 3 -8355709
 3 -98173
 3 -70525
 3 -70461
 181 -8355787
 181 -98251
 181 -71371
 181 -71411
 -110 -110
 -110 -65646
 -110 -72046
 -110 -71980
 -239 -239
 -239 -65775
 -239 -72431
 -239 -72350
 -152 -152
 -152 -65688
 -152 -71832
 -152 -71931
 148 -8355692
 148 -98156
 148 -70764
 148 -70673
 133 -8355835
 133 -98299
 133 -70139
 133 -70134
 -135 -7
 -135 -65543
 -135 -70407
 -135 -70471
 -197 -197
 -197 -65733
 -197 -71109
 -197 -71164
 67 -8355773
 67 -98237
 67 -71613
 67 -71580
 32 -8355808
 32 -98272
 32 -70880
 32 -70893
 30 -8355682
 30 -98146
 30 -69474
 30 -69412
 41 -8355671
 41 -98135
 41 -68695
 41 -68694
 -124 -124
 -124 -65660
 -124 -68220
 -124 -68183
 155 -8355685
 155 -98149
 155 -68453
 155 -68471
 331 -8355381
 331 -97845
 331 -68917
 331 -68906
 143 -8355825
 143 -98289
 143 -69617
 143 -69549
 -32 -160
 -32 -65696
 -32 -69024
 -32 -69098
 -170 -42
 -170 -65578
 -170 -68138
 -170 -68123
 12 -8355700
 12 -98164
 12 -67188
 12 -67185
 -112 -112
 -112 -65648
 -112 -67184
 -112 -67184
 37 -8355675
 37 -98139
 37 -67931
 37 -67874
 -53 -181
 -53 -65717
 -53 -68021
 -53 -68048
 27 -8355813
 27 -98277
 27 -68325
 27 -68226
 -132 -132
 -132 -65668
 -132 -67460
 -132 -67548
 -33 -161
 -33 -65697
 -33 -67233
 -33 -67202
 85 -8355755
 85 -98219
 85 -67499
 85 -67547
 -185 -185
 -185 -65721
 -185 -68025
 -185 -68058
 -114 -114
 -114 -65650
 -114 -69234
 -114 -69198
 12 -8355700
 12 -98164
 12 -70516
 12 -70462
 240 -8355600
 240 -98064
 240 -70928
 240 -70923
 -73 -201
 -73 -65737
 -73 -70857
 -73 -70889
 34 -8355806
 34 -98270
 34 -70366
 34 -70341
 159 -8355681
 159 -98145
 159 -69985
 159 -69891
 57 -8355655
 57 -98119
 57 -70471
 57 -70418
 24 -8355816
 24 -98280
 24 -70888
 24 -70910
 -85 -213
 -85 -65749
 -85 -71637
 -85 -71604
 -332 -460
 -332 -65996
 -332 -72396
 -332 -72342
 -18 -18
 -18 -65554
 -18 -72210
 -18 -72229
 144 -8355696
 144 -98160
 144 -71792
 144 -71701
 -164 -164
 -164 -65700
 -164 -70564
 -164 -70567
 -140 -12
 -140 -65548
 -140 -70412
 -140 -70423
 -55 -55
 -55 -65591
 -55 -71479
 -55 -71451
 -68 -196
 -68 -65732
 -68 -72644
 -68 -72693
 33 -8355807
 33 -98271
 33 -73183
 33 -73161
 241 -8355727
 241 -98191
 241 -72591
 241 -72616
 -44 -172
 -44 -65708
 -44 -71340
 -44 -71309
 -287 -287
 -287 -65823
 -287 -70175
 -287 -70269
 -113 -113
 -113 -65649
 -113 -69489
 -113 -69454
 27 -8355813
 27 -98277
 27 -69349
 27 -69334
 -33 -161
 -33 -65697
 -33 -69793
 -33 -69762
 -282 -410
 -282 -65946
 -282 -70042
 -282 -70062
 -220 -220
 -220 -65756
 -220 -69852
 -220 -69811
 -415 -415
 -415 -65951
 -415 -68767
 -415 -68847
 -47 -47
 -47 -65583
 -47 -67887
 -47 -67942
 -109 -237
 -109 -65773
 -109 -67821
 -109 -67733
 38 -8355674
 38 -98138
 38 -67930
 38 -67841
 -125 -253
 -125 -65789
 -125 -68093
 -125 -68089
 -181 -53
 -181 -65589
 -181 -68917
 -181 -68866
 9 -8355831
 9 -98295
 9 -69111
 9 -69047
 -234 -106
 -234 -65642
 -234 -68202
 -234 -68110
 29 -8355683
 29 -98147
 29 -66915
 29 -66833
 72 -8355768
 72 -98232
 72 -65976
 72 -66006
 -89 -89
 -89 -65625
 -89 -66393
 -89 -66308
 -56 -184
 -56 -65720
 -56 -67256
 -56 -67258
 -168 -168
 -168 -65704
 -168 -68520
 -168 -68565
 -125 -125
 -125 -65661
 -125 -69501
 -125 -69426
 -50 -178
 -50 -65714
 -50 -69810
 -50 -69785
 16 -8355824
 16 -98288
 16 -69360
 16 -69288
 153 -8355687
 153 -98151
 153 -69223
 153 -69161
 59 -8355653
 59 -98117
 59 -69701
 59 -69718
 -158 -30
 -158 -65566
 -158 -70430
 -158 -70470
 -153 -153
 -153 -65689
 -153 -71321
 -153 -71319
 -154 -26
 -154 -65562
 -154 -71450
 -154 -71528
 58 -8355654
 58 -98118
 58 -71238
 58 -71223
 -208 -80
 -208 -65616
 -208 -70736
 -208 -70708
 -121 -121
 -121 -65657
 -121 -70521
 -121 -70509
 -55 -55
 -55 -65591
 -55 -70711
 -55 -70678
 -83 -83
 -83 -65619
 -83 -71251
 -83 -71231
 40 -8355800
 40 -98264
 40 -71896
 40 -71888
 -296 -424
 -296 -65960
 -296 -72360
 -296 -72358
 -526 -654
 -526 -66190
 -526 -72334
 -526 -72446
 -271 -399
 -271 -65935
 -271 -72335
 -271 -72403
 118 -8355594
 118 -98058
 118 -71690
 118 -71698
 107 -8355733
 107 -98197
 107 -71317
 107 -71330
 104 -8355736
 104 -98200
 104 -71320
 104 -71347
 -53 -53
 -53 -65589
 -53 -71221
 -53 -71283
 6 -8355706
 6 -98170
 6 -71034
 6 -70973
 -102 -102
 -102 -65638
 -102 -70758
 -102 -70672
 27 -8355813
 27 -98277
 27 -69605
 27 -69550
 -82 -82
 -82 -65618
 -82 -68690
 -82 -68699
 -220 -220
 -220 -65756
 -220 -68572
 -220 -68552
 -37 -165
 -37 -65701
 -37 -68773
 -37 -68796
 -73 -201
 -73 -65737
 -73 -69577
 -73 -69553
 -236 -108
 -236 -65644
 -236 -69484
 -236 -69499
 -205 -205
 -205 -65741
 -205 -69069
 -205 -69099
 -128 -128
 -128 -65664
 -128 -68480
 -128 -68461
 203 -8355765
 203 -98229
 203 -67765
 203 -67795
 104 -8355736
 104 -98200
 104 -67736
 104 -67771
 -232 -104
 -232 -65640
 -232 -67944
 -232 -67857
 -375 -503
 -375 -66039
 -375 -68343
 -375 -68270
 -48 -48
 -48 -65584
 -48 -68144
 -48 -68156
 31 -8355681
 31 -98145
 31 -67681
 31 -67629
 223 -8355617
 223 -98081
 223 -66849
 223 -66825
 -81 -209
 -81 -65745
 -81 -67025
 -81 -66984
 -111 -239
 -111 -65775
 -111 -67823
 -111 -67790
 -252 -252
 -252 -65788
 -252 -68860
 -252 -68764
 -55 -55
 -55 -65591
 -55 -69431
 -55 -69501
 -128 -128
 -128 -65664
 -128 -70016
 -128 -69969
 -219 -91
 -219 -65627
 -219 -70491
 -219 -70479
 -465 -337
 -465 -65873
 -465 -70225
 -465 -70254
 -218 -90
 -218 -65626
 -218 -69722
 -218 -69656
 54 -8355786
 54 -98250
 54 -69322
 54 -69339
 130 -8355710
 130 -98174
 130 -69758
 130 -69701
 -43 -43
 -43 -65579
 -43 -70699
 -43 -70716
 -62 -62
 -62 -65598
 -62 -71486
 -62 -71543
 -35 -35
 -35 -65571
 -35 -71203
 -35 -71172
 -108 -236
 -108 -65772
 -108 -70892
 -108 -70830
 51 -8355661
 51 -98125
 51 -70477
 51 -70401
 -137 -137
 -137 -65673
 -137 -70281
 -137 -70385
 -99 -227
 -99 -65763
 -99 -71139
 -99 -71129
 -342 -342
 -342 -65878
 -342 -72022
 -342 -72057
 -170 -42
 -170 -65578
 -170 -72490
 -170 -72518
 -196 -68
 -196 -65604
 -196 -72004
 -196 -71972
 -76 -204
 -76 -65740
 -76 -70604
 -76 -70576
 -159 -159
 -159 -65695
 -159 -69279
 -159 -69311
 155 -8355813
 155 -98277
 155 -68581
 155 -68503
 331 -8355381
 331 -97845
 331 -68661
 331 -68618
 -21 -149
 -21 -65685
 -21 -68757
 -21 -68807
 10 -8355830
 10 -98294
 10 -68854
 10 -68757
 -153 -25
 -153 -65561
 -153 -68121
 -153 -68207
 -97 -97
 -97 -65633
 -97 -67169
 -97 -67178
 127 -8355585
 127 -98049
 127 -66305
 127 -66345
 6 -8355834
 6 -98298
 6 -66042
 6 -65984
 -50 -50
 -50 -65586
 -50 -66354
 -50 -66408
 93 -8355619
 93 -98083
 93 -66851
 93 -66901
 -77 -205
 -77 -65741
 -77 -67021
 -77 -66986
 247 -8355593
 247 -98057
 247 -66569
 247 -66611
 88 -8355752
 88 -98216
 88 -66216
 88 -66234
 -92 -92
 -92 -65628
 -92 -65628
 -92 -65547
 -138 -32778
 -138 -32778
 -138 -64778
 -138 -64827
 -37 -32933
 -37 -32933
 -37 -64421
 -37 -64477
 52 -8388428
 52 -65356
 52 -65100
 52 -65118
 -264 -392
 -264 -65928
 -264 -66184
 -264 -66250
 -324 -324
 -324 -65860
 -324 -67140
 -324 -67087
 -163 -163
 -163 -65699
 -163 -67235
 -163 -67223
 -18 -18
 -18 -65554
 -18 -66834
 -18 -66913
 -116 -244
 -116 -65780
 -116 -67060
 -116 -67066
 -182 -54
 -182 -65590
 -182 -67382
 -182 -67446
 -127 -127
 -127 -65663
 -127 -68223
 -127 -68112
 32 -8355680
 32 -98144
 32 -69216
 32 -69178
 -10 -10
 -10 -65546
 -10 -69642
 -10 -69742
 91 -8355749
 91 -98213
 91 -69541
 91 -69567
 83 -8355629
 83 -98093
 83 -69165
 83 -69186
 -191 -63
 -191 -65599
 -191 -69183
 -191 -69180
 -4 -4
 -4 -65540
 -4 -69636
 -4 -69695
 123 -8355717
 123 -98181
 123 -70277
 123 -70381
 65 -8355775
 65 -98239
 65 -71103
 65 -71047
 -117 -245
 -117 -65781
 -117 -71669
 -117 -71680
 -194 -194
 -194 -65730
 -194 -72130
 -194 -72192
 -97 -97
 -97 -65633
 -97 -72545
 -97 -72486
 -5 -133
 -5 -65669
 -5 -72581
 -5 -72601
 359 -8355481
 359 -97945
 359 -72601
 359 -72613
 -161 -33
 -161 -65569
 -161 -72737
 -161 -72733
 -203 -203
 -203 -65739
 -203 -73163
 -203 -73142
 -30 -30
 -30 -65566
 -30 -72990
 -30 -73045
 -22 -150
 -22 -65686
 -22 -72854
 -22 -72838
 -379 -507
 -379 -66043
 -379 -72443
 -379 -72421
 -213 -85
 -213 -65621
 -213 -72021
 -213 -71989
 -124 -124
 -124 -65660
 -124 -71804
 -124 -71732
 16 -8355696
 16 -98160
 16 -72048
 16 -71960
 -38 -166
 -38 -65702
 -38 -72102
 -38 -72127
 -144 -144
 -144 -65680
 -144 -72592
 -144 -72618
 -307 -435
 -307 -65971
 -307 -72115
 -307 -72147
 -155 -27
 -155 -65563
 -155 -71451
 -155 -71438
 162 -8355678
 162 -98142
 162 -71262
 162 -71255
 102 -8355610
 102 -98074
 102 -71194
 102 -71255
 -59 -187
 -59 -65723
 -59 -71099
 -59 -71141
 -228 -100
 -228 -65636
 -228 -70756
 -228 -70664
 -166 -166
 -166 -65702
 -166 -69798
 -166 -69787
 -73 -201
 -73 -65737
 -73 -69065
 -73 -69077
 -33 -161
 -33 -65697
 -33 -69537
 -33 -69585
 -183 -183
 -183 -65719
 -183 -70839
 -183 -70796
 -308 -308
 -308 -65844
 -308 -71988
 -308 -71980
 80 -8355632
 80 -98096
 80 -72752
 80 -72706
 -7 -135
 -7 -65671
 -7 -72839
 -7 -72933
 -47 -175
 -47 -65711
 -47 -72367
 -47 -72428
 -76 -204
 -76 -65740
 -76 -71884
 -76 -71913
 8 -8355704
 8 -98168
 8 -72312
 8 -72213
 -38 -38
 -38 -65574
 -38 -72742
 -38 -72787
 103 -8355609
 103 -98073
 103 -73497
 103 -73521
 -205 -205
 -205 -65741
 -205 -73677
 -205 -73655
 -130 -2
 -130 -65538
 -130 -73218
 -130 -73243
 85 -8355627
 85 -98091
 85 -72747
 85 -72815
 33 -8355679
 33 -98143
 33 -72543
 33 -72500
 173 -8355667
 173 -98131
 173 -72275
 173 -72290
 60 -8355780
 60 -98244
 60 -72644
 60 -72610
 184 -8355656
 184 -98120
 184 -73032
 184 -73022
 -93 -93
 -93 -65629
 -93 -73821
 -93 -73819
 -31 -31
 -31 -65567
 -31 -74015
 -31 -74043
 -109 -109
 -109 -65645
 -109 -73325
 -109 -73308
 -74 -202
 -74 -65738
 -74 -72394
 -74 -72366
 57 -8355655
 57 -98119
 57 -71495
 57 -71464
 171 -8355669
 171 -98133
 171 -71253
 171 -71181
 115 -8355725
 115 -98189
 115 -71053
 115 -71066
 78 -8355634
 78 -98098
 78 -70962
 78 -70913
 246 -8355722
 246 -98186
 246 -70538
 246 -70651
 -45 -173
 -45 -65709
 -45 -70061
 -45 -70060
 102 -8355610
 102 -98074
 102 -68634
 102 -68611
 234 -8355606
 234 -98070
 234 -68118
 234 -68153
 163 -8355677
 163 -98141
 163 -68445
 163 -68429
 17 -8355823
 17 -98287
 17 -68847
 17 -68813
 -131 -3
 -131 -65539
 -131 -68611
 -131 -68703
 143 -8355825
 143 -98289
 143 -68337
 143 -68226
 111 -8355729
 111 -98193
 111 -67729
 111 -67749
