 -34 146526
 -78 146494
 -78 130866
 -78 108594
 -78 108551
 141 87620
 141 87565
 141 65732
 141 65732
 196 87565
 196 87565
 196 87620
 196 90022
 24 90052
 24 90052
 24 98328
 24 98475
 171 103448
 171 103448
 171 103529
 171 118166
 185 118187
 185 118187
 185 131129
 185 131330
 258 131629
 258 131629
 258 131336
 258 131336
 392 143362
 392 143362
 392 143461
 392 155400
 37 155490
 37 164005
 37 167077
 37 167098
 -161 177596
 -161 177596
 -161 177596
 -161 177631
 55 177631
 55 177596
 55 177596
 55 187447
 230 187460
 230 187460
 230 196635
 230 196838
 27 197021
 27 197021
 27 196819
 27 196819
 83 206341
 83 206341
 83 196997
 83 196997
 261 215251
 261 215251
 261 215284
 261 225413
 167 225475
 167 229415
 167 235815
 167 235863
 -19 245846
 -19 245846
 -19 245846
 -19 245869
 155 245869
 155 245846
 155 245846
 155 255259
 183 255299
 183 255299
 183 262327
 183 262368
 224 264631
 224 264631
 224 264636
 224 278496
 203 278502
 203 278502
 203 295115
 203 302539
 81 302558
 81 302558
 81 327761
 81 344657
 129 344668
 129 393217
 129 395777
 129 395787
 -134 444907
 -134 444922
 -134 458746
 -134 485172
 -76 485138
 -76 485138
 -76 485172
 -76 491316
 6 491316
 6 485172
 6 491654
 6 491733
 213 509830
 213 509830
 213 509897
 213 523673
 63 523733
 63 523733
 63 523673
 63 523412
 20 523412
 20 523394
 20 491677
 20 491677
 157 508317
 157 508317
 157 491677
 157 490959
 335 490959
 335 490959
 335 490959
 335 490891
 -15 490891
 -15 490891
 -15 472817
 -15 472789
 175 454651
 175 454575
 175 426159
 175 426159
 198 427563
 198 427563
 198 426054
 198 380518
 102 380518
 102 380431
 102 360550
 102 326299
 155 326299
 155 326299
 155 326279
 155 295067
 -28 295067
 -28 326279
 -28 294884
 -28 273636
 -162 273586
 -162 273586
 -162 229214
 -162 218718
 -369 218644
 -369 218644
 -369 196111
 -369 166961
 -276 166927
 -276 130796
 -276 126956
 -276 126858
 104 103528
 104 103490
 104 98456
 104 98456
 152 103320
 152 103406
 152 103406
 152 103406
 -95 115233
 -95 115233
 -95 115233
 -95 115291
 110 115291
 110 115291
 110 128983
 110 129006
 -5 141563
 -5 141563
 -5 141563
 -5 141565
 14 141565
 14 141565
 14 152584
 14 152590
 -51 163533
 -51 163533
 -51 163558
 -51 163789
 117 163789
 117 163558
 117 164085
 117 164126
 414 174749
 414 174749
 414 164126
 414 164126
 222 184606
 222 184606
 222 184644
 222 193956
 148 194014
 148 194014
 148 196628
 148 196743
 7 203028
 7 203131
 7 211847
 7 211960
 -91 220837
 -91 220837
 -91 220856
 -91 229285
 86 229285
 86 220856
 86 229542
 86 229590
 166 230358
 166 230358
 166 229630
 166 229630
 126 240038
 126 240038
 126 229630
 126 229630
 172 249830
 172 249830
 172 249830
 172 258988
 24 259055
 24 259055
 24 262153
 24 262168
 137 268055
 137 268055
 137 268055
 137 280585
 84 280597
 84 280597
 84 294996
 84 303444
 100 303470
 100 303470
 100 327780
 100 343908
 77 343917
 77 343917
 77 393421
 77 393856
 208 393933
 208 393933
 208 426192
 208 442800
 125 442832
 125 442832
 125 459005
 125 483492
 12 483581
 12 491660
 12 508811
 12 508812
 -97 519706
 -97 519706
 -97 519706
 -97 519711
 172 519711
 172 519706
 172 491564
 172 491564
 23 510743
 23 510743
 23 491687
 23 491687
 39 494245
 39 494247
 39 494245
 39 491687
 -110 491687
 -110 494245
 -110 491282
 -110 475944
 -20 475922
 -20 458604
 -20 457324
 -20 457237
 151 438521
 151 438423
 151 426135
 151 411925
 149 411941
 149 411941
 149 411925
 149 393237
 -39 393237
 -39 411925
 -39 393177
 -39 365554
 -239 365529
 -239 365529
 -239 327441
 -239 312102
 -70 312081
 -70 312081
 -70 261946
 -70 259390
 -12 259386
 -12 259386
 -12 229236
 -12 205428
 -139 205379
 -139 205379
 -139 163701
 -139 154997
 -98 154977
 -98 154977
 -98 130974
 -98 115959
 -41 115870
 -41 115870
 -41 98135
 -41 98117
 -59 92766
 -59 92759
 -59 92766
 -59 98117
 228 98117
 228 92485
 228 98304
 228 98532
 128 105130
 128 105130
 128 105130
 128 119808
 182 119886
 182 119886
 182 131122
 182 131126
 178 133122
 178 133174
 178 144690
 178 144721
 -26 156179
 -26 156179
 -26 156262
 -26 163686
 8 163686
 8 163976
 8 167816
 8 167887
 -44 178260
 -44 178262
 -44 196436
 -44 196436
 -2 187774
 -2 187729
 -2 187774
 -2 196478
 159 196478
 159 187774
 159 196639
 159 196836
 100 197151
 100 197151
 100 196843
 100 196843
 235 206494
 235 206494
 235 196843
 235 196843
 125 215510
 125 215510
 125 215510
 125 225577
 223 225661
 223 225661
 223 229471
 223 229576
 200 235615
 200 235636
 200 245448
 200 245465
 -126 254722
 -126 254746
 -126 261890
 -126 263733
 -75 263733
 -75 263733
 -75 263733
 -75 263755
 153 263755
 153 263733
 153 263755
 153 276111
 238 276121
 238 276121
 238 295022
 238 298014
 289 298094
 289 298094
 289 328097
 289 337312
 193 337313
 193 337313
 193 360641
 193 387265
 143 387300
 143 387300
 143 425999
 143 436495
 247 436496
 247 458871
 247 478266
 247 478327
 -43 504879
 -43 504879
 -43 504879
 -43 504917
 36 504917
 36 504879
 36 491984
 36 491984
 336 516260
 336 516260
 336 491984
 336 491984
 188 509500
 188 509500
 188 491687
 188 491687
 39 493479
 39 493479
 39 491687
 39 475346
 82 475346
 82 475286
 82 458962
 82 457038
 78 457071
 78 457038
 78 426062
 78 426062
 3 439043
 3 439143
 3 439043
 3 425987
 -116 425987
 -116 439043
 -116 425740
 -116 413708
 -289 413699
 -289 413699
 -289 392799
 -289 368735
 -261 368649
 -261 368649
 -261 327291
 -261 315515
 -38 315461
 -38 294874
 -38 263422
 -38 263386
 53 209896
 53 209896
 53 209845
 53 196789
 -197 196789
 -197 209845
 -197 163643
 -197 159547
 -167 159545
 -167 130905
 -167 119641
 -167 119578
 20 94933
 20 94868
 20 65684
 20 65684
 16 93200
 16 93200
 16 93200
 16 93200
 168 93209
 168 98344
 168 105228
 168 105256
 -68 119868
 -68 119868
 -68 119935
 -68 130876
 58 130876
 58 119935
 58 131202
 58 131258
 2 133050
 2 133050
 2 131202
 2 131202
 76 144770
 76 144770
 76 144833
 76 156171
 134 156236
 134 163974
 134 168070
 134 168141
 -39 178698
 -39 178777
 -39 196441
 -39 196441
 -100 188125
 -100 188060
 -100 188125
 -100 196508
 240 196508
 240 188125
 240 196612
 240 196720
 4 197429
 4 197429
 4 196815
 4 196815
 79 206596
 79 206660
 79 215759
 79 215782
 -16 225337
 -16 225337
 -16 225392
 -16 229232
 97 229232
 97 225392
 97 229466
 97 229601
 90 235190
 90 235190
 90 229542
 90 229542
 166 245078
 166 245078
 166 245078
 166 254630
 131 254713
 131 254713
 131 262147
 131 262379
 107 263683
 107 263683
 107 263768
 107 275889
 42 275947
 42 275947
 42 294954
 42 296490
 131 296494
 131 327683
 131 334339
 131 334348
 -142 384075
 -142 384114
 -142 393074
 -142 433016
 -136 432941
 -136 433016
 -136 458616
 -136 474967
 -169 474967
 -169 474967
 -169 474973
 -169 491351
 59 491351
 59 474973
 59 491707
 59 491786
 266 502715
 266 502715
 266 491786
 266 491786
 182 515594
 182 515681
 182 517430
 182 517430
 -149 517430
 -149 517493
 -149 524139
 -149 524139
 -137 510059
 -137 510059
 -137 509970
 -137 494711
 -183 494619
 -183 491465
 -183 476617
 -183 476586
 36 458404
 36 458396
 36 426148
 36 426148
 150 440470
 150 440470
 150 426134
 150 416473
 217 416483
 217 416473
 217 393433
 217 373117
 125 373117
 125 373117
 125 373049
 125 360573
 -97 360573
 -97 373049
 -97 327583
 -97 319963
 -175 319903
 -175 319903
 -175 294865
 -175 267985
 -91 267929
 -91 267929
 -91 229285
 -91 214693
 -131 214668
 -131 163709
 -131 163709
 -131 163589
 29 122955
 29 122909
 29 98333
 29 97230
 78 97230
 78 97172
 78 65742
 78 65742
 43 93977
 43 93977
 43 93977
 43 93977
 98 93995
 98 93995
 98 98402
 98 98443
 11 105570
 11 105580
 11 120459
 11 120497
 -9 133856
 -9 133856
 -9 133856
 -9 133879
 77 133879
 77 133856
 77 131153
 77 131153
 81 145485
 81 145485
 81 145492
 81 156702
 272 156753
 272 156753
 272 163878
 272 164240
 38 168336
 38 168336
 38 164086
 38 164086
 118 178965
 118 178982
 118 188301
 118 188406
 -137 197507
 -137 197623
 -137 229124
 -137 229124
 -124 206366
 -124 206366
 -124 229124
 -124 229124
 -10 215414
 -10 215338
 -10 215338
 -10 215414
 99 215414
 99 215338
 99 215338
 99 224995
 171 225004
 171 225004
 171 229419
 171 229505
 129 235051
 129 235051
 129 229505
 129 229505
 18 244865
 18 244865
 18 244923
 18 254482
 69 254489
 69 262213
 69 263188
 69 263237
 -69 274716
 -69 274716
 -69 274716
 -69 274747
 147 274747
 147 274716
 147 274716
 147 294667
 259 294675
 259 294675
 259 328067
 259 330883
 255 330895
 255 330895
 255 360703
 255 379872
 257 379903
 257 379903
 257 426241
 257 428801
 192 428924
 192 428924
 192 458816
 192 472100
 342 472128
 342 472128
 342 491531
 342 491862
 139 500822
 139 500825
 139 514315
 139 514347
 -178 517070
 -178 517086
 -178 523932
 -178 523932
 -356 517086
 -356 517086
 -356 523932
 -356 523932
 -2 510194
 -2 510194
 -2 510194
 -2 495358
 -20 495351
 -20 491372
 -20 477548
 -20 477497
 21 459073
 21 459073
 21 459029
 21 458773
 -126 458773
 -126 459029
 -126 458626
 -126 441247
 -290 441218
 -290 441218
 -290 425694
 -290 418538
 -311 418526
 -311 418526
 -311 392905
 -311 376777
 -221 376734
 -221 327459
 -221 324131
 -221 324130
 79 272335
 79 272335
 79 272289
 79 262351
 -194 262351
 -194 272289
 -194 229182
 -194 219710
 -115 219662
 -115 219662
 -115 196493
 -115 168414
 -92 168333
 -92 168333
 -92 130852
 -92 130649
 -295 127055
 -295 127055
 -295 127055
 -295 99929
 -206 99887
 -206 99887
 -206 99887
 -206 105795
 -61 105795
 -61 105795
 -61 105795
 -61 105806
 27 105806
 27 105806
 27 120347
 27 120404
 -10 133984
 -10 133984
 -10 133984
 -10 134006
 61 134006
 61 133984
 61 131261
 61 131261
 144 145838
 144 145838
 144 145838
 144 157200
 38 157303
 38 157303
 38 163975
 38 164006
 7 168870
 7 168870
 7 164039
 7 164039
 71 179335
 71 179335
 71 188854
 71 188871
 -64 197952
 -64 197952
 -64 197952
 -64 198011
 39 198011
 39 198011
 39 207271
 39 207274
 -141 216207
 -141 216307
 -141 229248
 -141 229248
 -128 225679
 -128 225664
 -128 225679
 -128 229248
 224 229248
 224 225679
 224 229600
 224 229614
 110 235392
 110 235392
 110 229614
 110 229614
 45 244941
 45 244941
 45 244941
 45 254381
 2 254416
 2 262274
 2 263042
 2 263150
 -82 274318
 -82 274318
 -82 274318
 -82 274350
 35 274350
 35 274318
 35 274318
 35 293027
 157 293056
 157 293056
 157 327709
 157 327709
 56 327792
 56 360504
 56 376120
 56 376187
 -136 425419
 -136 425464
 -136 425976
 -136 469100
 -20 468999
 -20 468999
 -20 469100
 -20 491372
 47 491372
 47 469100
 47 491526
 47 491695
 6 499112
 6 499112
 6 491740
 6 491740
 92 513542
 92 513542
 92 491740
 92 491740
 208 510986
 208 511056
 208 511056
 208 510986
 -48 510986
 -48 511056
 -48 510986
 -48 496720
 -79 496671
 -79 496671
 -79 491380
 -79 491313
 -140 479072
 -140 479025
 -140 461172
 -140 461128
 148 443515
 148 443412
 148 426004
 148 421384
 136 421462
 136 421462
 136 421384
 136 393224
 -104 393224
 -104 393112
 -104 381409
 -104 381336
 33 329306
 33 329306
 33 329249
 33 327713
 -108 327713
 -108 329249
 -108 294676
 -108 277276
 -58 277268
 -58 229318
 -58 224710
 -58 224697
 36 173635
 36 173604
 36 163876
 36 131474
 18 131491
 18 131491
 18 131474
 18 131218
 -200 131218
 -200 130872
 -200 103029
 -200 102968
 40 96562
 40 96552
 40 96552
 40 96552
 94 96562
 94 96562
 94 98519
 94 98526
 215 106663
 215 106718
 215 121293
 215 121303
 -30 135138
 -30 135144
 -30 163789
 -30 163789
 -51 147149
 -51 147112
 -51 147112
 -51 147149
 23 147149
 23 147149
 23 158103
 23 158162
 -106 169871
 -106 169871
 -106 169871
 -106 169878
 67 169878
 67 169871
 67 164035
 67 164035
 184 180614
 184 180614
 184 180614
 184 190008
 155 190034
 155 190034
 155 196653
 155 196763
 45 199323
 45 199323
 45 196653
 45 196653
 21 208429
 21 208429
 21 196769
 21 196769
 33 217365
 33 217365
 33 217414
 33 226721
 290 226793
 290 226793
 290 229536
 290 229794
 160 236442
 160 236442
 160 229625
 160 229625
 121 245920
 121 245975
 121 255159
 121 255225
 -136 263777
 -136 263800
 -136 294772
 -136 294772
 -12 274297
 -12 274292
 -12 274292
 -12 274297
 80 274297
 80 274292
 80 274297
 80 292432
 132 292451
 132 292451
 132 295044
 132 325764
 190 325861
 190 325861
 190 360638
 190 373897
 117 373950
 117 373950
 117 393461
 117 423385
 24 423413
 24 423413
 24 458904
 24 467352
 201 467416
 201 467416
 201 491588
 201 491721
 68 498377
 68 498377
 68 491588
 68 491588
 22 514103
 22 514116
 22 518166
 22 518166
 -90 518166
 -90 518166
 -90 512828
 -90 512806
 4 498780
 4 498780
 4 498692
 4 491524
 -67 491524
 -67 491325
 -67 481341
 -67 481315
 54 463425
 54 463414
 54 458806
 54 445869
 173 445869
 173 445869
 173 445849
 173 426157
 -19 426157
 -19 445849
 -19 425837
 -19 424813
 -134 424729
 -134 424729
 -134 393082
 -134 386170
 -55 386152
 -55 386152
 -55 360393
 -55 334537
 -158 334507
 -158 334507
 -158 294882
 -158 282850
 -74 282778
 -74 282778
 -74 261942
 -74 230454
 -102 230450
 -102 230450
 -102 196506
 -102 178875
 -8 178842
 -8 163704
 -8 136312
 -8 136194
 84 106852
 84 106852
 84 106852
 84 106836
 -16 106836
 -16 106836
 -16 98685
 -16 98685
 190 98685
 190 98685
 190 108062
 190 108094
 -86 122282
 -86 122282
 -86 122318
 -86 130986
 18 130986
 18 122318
 18 131090
 18 131549
 349 136210
 349 136210
 349 131549
 349 131549
 173 148154
 173 148154
 173 148154
 173 159367
 154 159405
 154 159405
 154 163866
 154 164011
 171 170778
 171 170778
 171 164011
 171 164011
 158 181419
 158 181419
 158 181462
 158 190750
 280 190825
 280 190825
 280 196776
 280 197016
 168 199832
 168 199895
 168 208552
 168 208601
 -35 217437
 -35 217437
 -35 217437
 -35 217442
 209 217442
 209 217437
 209 217442
 209 226592
 153 226641
 153 226641
 153 229529
 153 229825
 321 236160
 321 236160
 321 229825
 321 229825
 231 245642
 231 245642
 231 245642
 231 255150
 69 255207
 69 255207
 69 262213
 69 262243
 227 263749
 227 263749
 227 262353
 227 262353
 81 274005
 81 274005
 81 274005
 81 291496
 248 291537
 248 291537
 248 295032
 248 323104
 364 323192
 364 323192
 364 360812
 364 369952
 162 370028
 162 370028
 162 393378
 162 419234
 200 419311
 200 458952
 200 464328
 200 464345
 -8 496444
 -8 496444
 -8 496444
 -8 496504
 139 496504
 139 496444
 139 491669
 139 491669
 21 512523
 21 512600
 21 517525
 21 517525
 -34 517525
 -34 517596
 -34 524126
 -34 524126
 -24 513375
 -24 513375
 -24 513375
 -24 500200
 -197 500175
 -197 500175
 -197 491473
 -197 491451
 -175 483003
 -175 483003
 -175 482951
 -175 465361
 -1 465320
 -1 458623
 -1 447871
 -1 447781
 10 427359
 10 427274
 10 425994
 10 390320
 48 390320
 48 390320
 48 390302
 48 360624
 -18 360624
 -18 390302
 -18 360302
 -18 339054
 -284 339054
 -284 339054
 -284 294628
 -284 287460
 -130 287453
 -130 287453
 -130 262142
 -130 235518
 -267 235438
 -267 235438
 -267 196341
 -267 183797
 -139 183792
 -139 163701
 -139 140149
 -139 140116
 102 109301
 102 109286
 102 98534
 102 98534
 65 99226
 65 99226
 65 98497
 65 98497
 185 99226
 185 99265
 185 107577
 185 107597
 -78 121775
 -78 121775
 -78 121778
 -78 130994
 85 130994
 85 121778
 85 131157
 85 131312
 240 135427
 240 135509
 240 147416
 240 147440
 -80 158384
 -80 158413
 -80 163760
 -80 169827
 -157 169827
 -157 169853
 -157 196451
 -157 196451
 -186 180711
 -186 180678
 -186 180678
 -186 180711
 93 180711
 93 180678
 93 180711
 93 190102
 216 190173
 216 190173
 216 196632
 216 196824
 152 199066
 152 199066
 152 196677
 152 196677
 69 207896
 69 207896
 69 196822
 69 196822
 86 216645
 86 216695
 86 225935
 86 226006
 -35 235657
 -35 235657
 -35 235657
 -35 235741
 192 235741
 192 235657
 192 229708
 192 229708
 332 245184
 332 245184
 332 245197
 332 254496
 24 254540
 24 262168
 24 263192
 24 263247
 -62 273293
 -62 273293
 -62 273293
 -62 273346
 164 273346
 164 273293
 164 273293
 164 289566
 187 289572
 187 294971
 187 319759
 187 319803
 -92 366116
 -92 366116
 -92 366199
 -92 392996
 189 392996
 189 366199
 189 393277
 189 415293
 267 415305
 267 415305
 267 459019
 267 460299
 134 460305
 134 460305
 134 491596
 134 491654
 204 493190
 204 493190
 204 491772
 204 491772
 252 511052
 252 511069
 252 517072
 252 517072
 -45 517072
 -45 517072
 -45 513747
 -45 513695
 8 501277
 8 501277
 8 501256
 8 491528
 -317 491528
 -317 501256
 -317 491410
 -317 491203
 -238 484547
 -238 484499
 -238 466834
 -238 466828
 68 449092
 68 449075
 68 426210
 68 426210
 98 429239
 98 429239
 98 426210
 98 394360
 120 394360
 120 394360
 120 394294
 120 393336
 -87 393336
 -87 394294
 -87 360361
 -87 343476
 -269 343465
 -269 343465
 -269 294643
 -269 291827
 -206 291799
 -206 262066
 -206 240050
 -206 240009
 36 188068
 36 188053
 36 164004
 36 143561
 201 143599
 201 143561
 201 131273
 201 111660
 44 111664
 44 111664
 44 111664
 44 111660
 -20 111660
 -20 111660
 -20 99948
 -20 99948
 127 99948
 127 99948
 127 107650
 127 107775
 -17 121455
 -17 121455
 -17 121459
 -17 130927
 301 130927
 301 121459
 301 131232
 301 131373
 160 135213
 160 135213
 160 131232
 160 131232
 200 147360
 200 147360
 200 147432
 200 158536
 234 158556
 234 158556
 234 163915
 234 164074
 75 169700
 75 169700
 75 163915
 75 163915
 62 180555
 62 180555
 62 180566
 62 190014
 111 190068
 111 190068
 111 196719
 111 196836
 100 199023
 100 199023
 100 196836
 100 196836
 86 208007
 86 208007
 86 196822
 86 196822
 78 216966
 78 216966
 78 216966
 78 225976
 212 225998
 212 229460
 212 235295
 212 235348
 -29 244664
 -29 244707
 -29 261976
 -29 261976
 -40 254040
 -40 254007
 -40 254040
 -40 261976
 53 261976
 53 262197
 53 262937
 53 262965
 -148 272611
 -148 272620
 -148 294870
 -148 294870
 -42 288470
 -42 288390
 -42 288470
 -42 294870
 140 294870
 140 288470
 140 294924
 140 317196
 178 317279
 178 317279
 178 360626
 178 362674
 224 362682
 224 362682
 224 393312
 224 411927
 255 412000
 255 412000
 255 426239
 255 457862
 29 457983
 29 491549
 29 491805
 29 491826
 -94 510626
 -94 510626
 -94 510626
 -94 510641
 47 510641
 47 510626
 47 491699
 47 491699
 179 514227
 179 514227
 179 491742
 179 491742
 222 502456
 222 502456
 222 491742
 222 485655
 279 485673
 279 485655
 279 459031
 279 459031
 276 467732
 276 467736
 276 467732
 276 459028
 -152 459028
 -152 467732
 -152 458600
 -152 458511
 -113 450408
 -113 450408
 -113 450389
 -113 431417
 -186 431375
 -186 431375
 -186 425926
 -186 397560
 -164 397510
 -164 360412
 -164 347868
 -164 347832
 307 296048
 307 295987
 307 295219
 307 244376
 24 244376
 24 244376
 24 244364
 24 229528
 -138 229528
 -138 196470
 -138 192374
 -138 192361
 18 147002
 18 147002
 18 146962
 18 131090
 -192 131090
 -192 146962
 -192 130971
 -192 130880
 -229 113991
 -229 113991
 -229 130922
 -229 130922
 -22 107626
 -22 107541
 -22 107541
 -22 107626
 132 107626
 132 107541
 132 107541
 132 121476
 301 121581
 301 121581
 301 131347
 301 131373
 275 135451
 275 135451
 275 131347
 275 131347
 228 147475
 228 147475
 228 147500
 228 158564
 162 158585
 162 163874
 162 170244
 162 170274
 -14 180891
 -14 180891
 -14 180891
 -14 180978
 318 180978
 318 180891
 318 180891
 318 190384
 240 190398
 240 190398
 240 196720
 240 196879
 399 199517
 399 199517
 399 196879
 399 196879
 209 208399
 209 208399
 209 196691
 209 196691
 83 217169
 83 217169
 83 217215
 83 226082
 27 226131
 27 226131
 27 229403
 27 229613
 109 235547
 109 235628
 109 244973
 109 244973
 -162 254250
 -162 254250
 -162 254302
 -162 261982
 90 261982
 90 254302
 90 262335
 90 262362
 63 263107
 63 263107
 63 262335
 63 262335
 133 272557
 133 272575
 133 287621
 133 287709
 -41 315466
 -41 315479
 -41 327511
 -41 359860
 -76 359860
 -76 359860
 -76 359913
 -76 360372
 44 360372
 44 393388
 44 409260
 44 409314
 -1 455527
 -1 455527
 -1 455551
 -1 458623
 83 458623
 83 455551
 83 458835
 83 490579
 213 490615
 213 490615
 213 491579
 213 491605
 187 510478
 187 510478
 187 491774
 187 491774
 126 515837
 126 515838
 126 515838
 126 515837
 -10 515837
 -10 515837
 -10 504182
 -10 504160
 4 487615
 4 487615
 4 487615
 4 487556
 -167 487556
 -167 487615
 -167 487615
 -167 470105
 -169 470098
 -169 470098
 -169 458711
 -169 458526
 -226 452573
 -226 452573
 -226 452573
 -226 434016
 -55 433950
 -55 433950
 -55 425801
 -55 401773
 -123 401737
 -123 401737
 -123 360197
 -123 352262
 -55 352261
 -55 352261
 -55 327625
 -55 300745
 -105 300681
 -105 300681
 -105 261911
 -105 249132
 -13 249111
 -13 229235
 -13 196979
 -13 196921
 26 150948
 26 150948
 26 150938
 26 131226
 -80 131226
 -80 130992
 -80 116982
 -80 116912
 53 101813
 53 101774
 53 98552
 53 98552
 120 101774
 120 101774
 120 98552
 120 98552
 41 107681
 41 107768
 41 121385
 41 121430
 -176 135479
 -176 135504
 -176 163622
 -176 163622
 -90 147813
 -90 147750
 -90 147750
 -90 147813
 4 147813
 4 147750
 4 147813
 4 159108
 137 159128
 137 159128
 137 163849
 137 164004
 164 170249
 164 170249
 164 164057
 164 164057
 89 181156
 89 181211
 89 190636
 89 190681
 -60 199748
 -60 199748
 -60 199748
 -60 199796
 1 199796
 1 199748
 1 196737
 1 196737
 34 208513
 34 208625
 34 217378
 34 217422
 -127 226433
 -127 226500
 -127 229249
 -127 235838
 -66 235814
 -66 235814
 -66 235814
 -66 235838
 66 235838
 66 235814
 66 229570
 66 229570
 147 245126
 147 245186
 147 254471
 147 254483
 -50 263317
 -50 263374
 -50 294815
 -50 294815
 -97 272610
 -97 272543
 -97 272543
 -97 272610
 68 272610
 68 272543
 68 272610
 68 287145
 234 287172
 234 287172
 234 295018
 234 313705
 129 313706
 129 313706
 129 327809
 129 357505
 134 357567
 134 357567
 134 393222
 134 406790
 277 406817
 277 406817
 277 426261
 277 453397
 487 453430
 487 453430
 487 459111
 487 489511
 115 489575
 115 489575
 115 491712
 115 491763
 64 510436
 64 510436
 64 491712
 64 491712
 201 517129
 201 517129
 201 491819
 201 491819
 299 506379
 299 506379
 299 491819
 299 489953
 225 489953
 225 489873
 225 458977
 225 458977
 16 472080
 16 472080
 16 458768
 16 454715
 59 454715
 59 454682
 59 426083
 59 426083
 99 436486
 99 436579
 99 436486
 99 426083
 -299 426083
 -299 436486
 -299 425685
 -299 405717
 -217 405690
 -217 405690
 -217 360359
 -217 356775
 -30 356753
 -30 356753
 -30 327522
 -30 305250
 -17 305188
 -17 305188
 -17 261999
 -17 253807
 -44 253791
 -44 229332
 -44 200953
 -44 200916
 31 154293
 31 154271
 31 131231
 31 119755
 75 119755
 75 119755
 75 119755
 75 119688
 -71 119688
 -71 119755
 -71 130869
 -71 130869
 -203 107364
 -203 107317
 -203 107317
 -203 107364
 71 107364
 71 107317
 71 107364
 71 120969
 321 121031
 321 121031
 321 131108
 321 131393
 36 135233
 36 135233
 36 131296
 36 131296
 96 147747
 96 147747
 96 147747
 96 158650
 58 158688
 58 158688
 58 163898
 58 163984
 16 169786
 16 169786
 16 163984
 16 163984
 91 180880
 91 180971
 91 190551
 91 190555
 -138 199403
 -138 199403
 -138 199403
 -138 199414
 87 199414
 87 199403
 87 196765
 87 196765
 157 208186
 157 208186
 157 196905
 157 196905
 425 216989
 425 216989
 425 217022
 425 226089
 155 226131
 155 229403
 155 235547
 155 235595
 -57 245143
 -57 245191
 -57 261758
 -57 261758
 -258 254590
 -258 254590
 -258 261758
 -258 263546
 -134 263485
 -134 263485
 -134 263485
 -134 263546
 58 263546
 58 263485
 58 262341
 58 262341
 197 272442
 197 272442
 197 272450
 197 286342
 180 286405
 180 286405
 180 294964
 180 311839
 145 311860
 145 311860
 145 327697
 145 354833
 107 354881
 107 354881
 107 393451
 107 404147
 12 404203
 12 425996
 12 451084
 12 451132
 -5 488705
 -5 488827
 -5 491387
 -5 510698
 -22 510594
 -22 510594
 -22 510594
 -22 510698
 64 510698
 64 510698
 64 519448
 64 519448
 -55 519448
 -55 519448
 -55 518497
 -55 518473
 60 508092
 60 508092
 60 508092
 60 508035
 -75 508035
 -75 508035
 -75 491829
 -75 491780
 13 474227
 13 474125
 13 458765
 13 456618
 42 456675
 42 456675
 42 456675
 42 456618
 -9 456618
 -9 456675
 -9 456675
 -9 438775
 -88 438677
 -88 438677
 -88 425896
 -88 409555
 -6 409512
 -6 393082
 -6 361594
 -6 361574
 23 309827
 23 309783
 23 294935
 23 258201
 25 258237
 25 258201
 25 229529
 25 205106
 50 205182
 50 205182
 50 205106
 50 196658
 -52 196658
 -52 163660
 -52 157784
 -52 157772
 61 121973
 61 121973
 61 121973
 61 121917
 -35 121917
 -35 121917
 -35 103289
 -35 103289
 266 103289
 266 103261
 266 98698
 266 98698
 205 106634
 205 106743
 205 120193
 205 120269
 -38 134343
 -38 134362
 -38 163661
 -38 163661
 -179 147035
 -179 147021
 -179 147021
 -179 147035
 27 147035
 27 147021
 27 147035
 27 158107
 126 158206
 126 158206
 126 163966
 126 164015
 175 169573
 175 169573
 175 164060
 175 164060
 220 180655
 220 180655
 220 180724
 220 190422
 327 190428
 327 190428
 327 196869
 327 196935
 389 199495
 389 199495
 389 196869
 389 196869
 66 208389
 66 208389
 66 196812
 66 196812
 76 217110
 76 217110
 76 217110
 76 226226
 8 226252
 8 226252
 8 229384
 8 229463
 215 235528
 215 235528
 215 229463
 215 229463
 204 245079
 204 245079
 204 245112
 204 254275
 10 254284
 10 254284
 10 262154
 10 262340
 68 262922
 68 262922
 68 262377
 68 262377
 233 271798
 233 271798
 233 271798
 233 285086
 117 285161
 117 285161
 117 295029
 117 309621
 210 309621
 210 309621
 210 327890
 210 351639
 97 351698
 97 351698
 97 393313
 97 401167
 88 401249
 88 426200
 88 448672
 88 448728
 -50 487176
 -50 487176
 -50 487246
 -50 491342
 17 491342
 17 487246
 17 491665
 17 491726
 206 510353
 206 510437
 206 520142
 206 520142
 -94 520142
 -94 520158
 -94 524194
 -94 524194
 -64 519908
 -64 519908
 -64 524108
 -64 524108
 -52 509682
 -52 509682
 -52 509682
 -52 493679
 -129 493644
 -129 493644
 -129 491391
 -129 476287
 -66 476228
 -66 476228
 -66 458568
 -66 458568
 -56 458558
 -56 458558
 -56 440392
 -56 440370
 46 412377
 46 412377
 46 412334
 46 393390
 -79 393390
 -79 412334
 -79 393137
 -79 365546
 -329 365489
 -329 365489
 -329 327223
 -329 313189
 -73 313143
 -73 261943
 -73 261431
 -73 261385
 96 208736
 96 208706
 96 196704
 96 160682
 298 160691
 298 160682
 298 131498
 298 123814
 294 123814
 294 123814
 294 123814
 294 123804
 -15 123804
 -15 123804
 -15 103793
 -15 103793
 115 103793
 115 103695
 115 98547
 115 98547
 147 105921
 147 105921
 147 105921
 147 119183
 72 119187
 72 119187
 72 131115
 72 131272
 171 133792
 171 133792
 171 131518
 171 131518
 318 146731
 318 146731
 318 146731
 318 158142
 273 158168
 273 158168
 273 163892
 273 164241
 52 169346
 52 169361
 52 180276
 52 180283
 -80 190128
 -80 190128
 -80 190136
 -80 196528
 68 196528
 68 196804
 68 199108
 68 199166
 -85 208171
 -85 208181
 -85 229163
 -85 229163
 -46 217063
 -46 217042
 -46 217042
 -46 217063
 101 217063
 101 217042
 101 217063
 101 225830
 210 225893
 210 225893
 210 229549
 210 229586
 45 235143
 45 235218
 45 244653
 45 244660
 -103 253721
 -103 253790
 -103 261913
 -103 262556
 -100 262556
 -100 262556
 -100 262556
 -100 262635
 64 262635
 64 262556
 64 262306
 64 262306
 34 271115
 34 271115
 34 271115
 34 284066
 359 284122
 359 284122
 359 295271
 359 307303
 400 307312
 400 307312
 400 328080
 400 348048
 253 348052
 253 348052
 253 393341
 253 397663
 266 397693
 266 397693
 266 426378
 266 445578
 100 445638
 100 458980
 100 485092
 100 485097
 -178 509262
 -178 509286
 -178 524110
 -178 524110
 -168 519768
 -168 519727
 -168 519727
 -168 519768
 124 519768
 124 519727
 124 491772
 124 491772
 158 511262
 158 511262
 158 491657
 158 491657
 9 495241
 9 495241
 9 491657
 9 477361
 49 477366
 49 477361
 49 458929
 49 458929
 124 459829
 124 459900
 124 459829
 124 458876
 -43 458876
 -43 458581
 -43 442197
 -43 442143
 3 415355
 3 415355
 3 415235
 3 393219
 -43 393219
 -43 415235
 -43 393173
 -43 369650
 -31 369621
 -31 327649
 -31 317409
 -31 317362
 25 265655
 25 265625
 25 262297
 25 212828
 92 212848
 92 212848
 92 212828
 92 196700
 -168 196700
 -168 212828
 -168 196568
 -168 164056
 -79 164050
 -79 164050
 -79 131058
 -79 130993
 -142 126385
 -142 126348
 -142 104946
 -142 104946
 17 104946
 17 104877
 17 98355
 17 98355
 179 106001
 179 106001
 179 106049
 179 119074
 232 119091
 232 119091
 232 131176
 232 131302
 102 133397
 102 133480
 102 146067
 102 146150
 -158 157452
 -158 157538
 -158 163682
 -158 168608
 -96 168608
 -96 168648
 -96 196471
 -96 196471
 -9 179831
 -9 179795
 -9 179795
 -9 179831
 236 179831
 236 179795
 236 179795
 236 189292
 178 189296
 178 196786
 178 198322
 178 198378
 -16 207728
 -16 207728
 -16 207728
 -16 207729
 135 207729
 135 207729
 135 216455
 135 216482
 -2 225295
 -2 225406
 -2 229246
 -2 234668
 -84 234668
 -84 234668
 -84 234668
 -84 234673
 118 234673
 118 234668
 118 229494
 118 229494
 136 243983
 136 243983
 136 243983
 136 253192
 115 253275
 115 253275
 115 262212
 115 262330
 68 262387
 68 262330
 68 262330
 68 262355
 83 270893
 83 270893
 83 270893
 83 283044
 138 283091
 138 283091
 138 295050
 138 305032
 176 305034
 176 327728
 176 344577
 176 344624
 -85 394146
 -85 394146
 -85 394155
 -85 425899
 130 425899
 130 394155
 130 425986
 130 442370
 211 442436
 211 442436
 211 458835
 211 482899
 184 482916
 184 482916
 184 491704
 184 491755
 107 508344
 107 508356
 107 519654
 107 519659
 -35 520453
 -35 520541
 -35 524125
 -35 524125
 -221 520541
 -221 520541
 -221 524099
 -221 524099
 -189 511916
 -189 511916
 -189 511916
 -189 496206
 -56 496195
 -56 491464
 -56 478437
 -56 478408
 104 461032
 104 461013
 104 458984
 104 443412
 20 443468
 20 443468
 20 443412
 20 426004
 -84 426004
 -84 443412
 -84 425772
 -84 418092
 -169 418074
 -169 418074
 -169 393047
 -169 373079
 -89 373065
 -89 327463
 -89 320606
 -89 320551
 24 269048
 24 269048
 24 268952
 24 262296
 -188 262296
 -188 268952
 -188 229316
 -188 216260
 -74 216213
 -74 216213
 -74 196534
 -74 166838
 -66 166835
 -66 166835
 -66 130920
 -66 130878
 -24 128121
 -24 128062
 -24 105320
 -24 105248
 44 104797
 44 104797
 44 104797
 44 104797
 -48 117253
 -48 117328
 -48 130896
 -48 131780
 -60 131780
 -60 131830
 -60 163672
 -60 163672
 -40 144984
 -40 144916
 -40 144916
 -40 144984
 121 144984
 121 144916
 121 144916
 121 156432
 238 156537
 238 156537
 238 163950
 238 164002
 162 167709
 162 167709
 162 164002
 162 164002
 213 179106
 213 179164
 213 189269
 213 189273
 -35 198157
 -35 198237
 -35 229199
 -35 229199
 -49 207183
 -49 207161
 -49 207161
 -49 207183
 154 207183
 154 207183
 154 215834
 154 215861
 -117 224395
 -117 224506
 -117 229259
 -117 233708
 -20 233684
 -20 233684
 -20 233684
 -20 233708
 225 233708
 225 233684
 225 229522
 225 229522
 18 243041
 18 243041
 18 229522
 18 229522
 134 252050
 134 252050
 134 252084
 134 260998
 31 261026
 31 261026
 31 262196
 31 262303
 52 269471
 52 269471
 52 269548
 52 281396
 154 281454
 154 281454
 154 295066
 154 302490
 206 302527
 206 302527
 206 327886
 206 340922
 269 340942
 269 340942
 269 360717
 269 390157
 160 390196
 160 390196
 160 426016
 160 438816
 77 438819
 77 438819
 77 458957
 77 480168
 1 480205
 1 491649
 1 506753
 1 506773
 -78 518944
 -78 518944
 -78 518944
 -78 518962
 114 518962
 114 518944
 114 491762
 114 491762
 34 512802
 34 512802
 34 491750
 34 491750
 102 497318
 102 497318
 102 491750
 102 479822
 78 479822
 78 479791
 78 458877
 78 458877
 125 462167
 125 462205
 125 462167
 125 458877
 -157 458877
 -157 462167
 -157 458595
 -157 444541
 -248 444515
 -248 444515
 -248 425864
 -248 420337
 -307 420232
 -307 420232
 -307 392781
 -307 376653
 -23 376596
 -23 327529
 -23 324457
 -23 324421
 173 272813
 173 272799
 173 262317
 173 220133
 101 220133
 101 220133
 101 220055
 101 196837
 -118 196837
 -118 220055
 -118 196490
 -118 170122
 -297 170119
 -297 130775
 -297 130775
 -297 130738
 36 106438
 36 106404
 36 98468
 36 98468
 121 104461
 121 104461
 121 98425
 121 98425
 115 104461
 115 104461
 115 98419
 115 98419
 24 116339
 24 116350
 24 130822
 24 130840
 -65 144274
 -65 144274
 -65 144274
 -65 144319
 125 144319
 125 144319
 125 156130
 125 156157
 -112 167056
 -112 167087
 -112 196478
 -112 196478
 -130 178302
 -130 178283
 -130 178283
 -130 178302
 27 178302
 27 178283
 27 178283
 27 188315
 74 188403
 74 188403
 74 196682
 74 196761
 153 197450
 153 197450
 153 197043
 153 197043
 307 206489
 307 206489
 307 197043
 307 197043
 94 215190
 94 215190
 94 215190
 94 223836
 95 223838
 95 229599
 95 233139
 95 233183
 -34 242461
 -34 242526
 -34 261982
 -34 261982
 -157 251515
 -157 251491
 -157 251491
 -157 251515
 86 251515
 86 251491
 86 251515
 86 260438
 381 260464
 381 260464
 381 262565
 381 262653
 421 268730
 421 268730
 421 268730
 421 280206
 338 280229
 338 280229
 338 295250
 338 300308
 422 300370
 422 300370
 422 328102
 422 337045
 231 337062
 231 360551
 231 386143
 231 386151
 -81 435206
 -81 435206
 -81 435247
 -81 458543
 75 458543
 75 435247
 75 458955
 75 477131
 170 477178
 170 477178
 170 491562
 170 491566
 46 505130
 46 505130
 46 491650
 46 491650
 130 518190
 130 518193
 130 520578
 130 520578
 -1 520578
 -1 520688
 -1 524044
 -1 524044
 -116 513535
 -116 513477
 -116 498526
 -116 498444
 51 481214
 51 481214
 51 481214
 51 481203
 -105 481203
 -105 481214
 -105 481214
 -105 463639
 -167 463616
 -167 458713
 -167 445913
 -167 445908
 43 422315
 43 422293
 43 393387
 43 379830
 182 379830
 182 379794
 182 360630
 182 327584
 160 327612
 160 327584
 160 295072
 160 276274
 50 276274
 50 276274
 50 276254
 50 262194
 -6 262194
 -6 276254
 -6 229242
 -6 223610
 -17 223552
 -17 223552
 -17 196591
 -17 173295
 -23 173259
 -23 163689
 -23 132969
 -23 132870
 2 106945
 2 106882
 2 98434
 2 98434
 250 103697
 250 103697
 250 98588
 250 98588
 284 103697
 284 103697
 284 98588
 284 98588
 127 115228
 127 115228
 127 129966
 127 130047
 -40 143498
 -40 143498
 -40 143498
 -40 143576
 31 143576
 31 143498
 31 143498
 31 155012
 182 155039
 182 155039
 182 164022
 182 164069
 229 166070
 229 166070
 229 164069
 229 164069
 67 177573
 67 177573
 67 177573
 67 187715
 66 187718
 66 187718
 66 196723
 66 196744
 115 196802
 115 196802
 115 205590
 115 205683
 -61 214211
 -61 214226
 -61 229287
 -61 229287
 -89 222950
 -89 222950
 -89 229287
 -89 232067
 -125 232067
 -125 232067
 -125 232067
 -125 232090
 51 232090
 51 232067
 51 229566
 51 229566
 190 241331
 190 241353
 190 250526
 190 250558
 -50 259384
 -50 259406
 -50 261966
 -50 267713
 -191 267713
 -191 267713
 -191 267713
 -191 267753
 64 267753
 64 267713
 64 267753
 64 278712
 398 278720
 398 278720
 398 295310
 398 297870
 321 297880
 321 297880
 321 328001
 321 333320
 180 333377
 180 333377
 180 360628
 180 381876
 165 381898
 165 381898
 165 426021
 165 430865
 152 430885
 152 430885
 152 458904
 152 473752
 168 473773
 168 473773
 168 491560
 168 491671
 23 503069
 23 503069
 23 491671
 23 491671
 204 517015
 204 517015
 204 491932
 204 491932
 284 513948
 284 513948
 284 491932
 284 491932
 107 499509
 107 499563
 107 499509
 107 491627
 -27 491627
 -27 491365
 -27 482149
 -27 482084
 247 464503
 247 464403
 247 458871
 247 446821
 357 446835
 357 446821
 357 426341
 357 424311
 247 424311
 247 424283
 247 393335
 247 383201
 225 383201
 225 383195
 225 360673
 225 331519
 127 331519
 127 331456
 127 327935
 127 279727
 175 279790
 175 279727
 175 262319
 175 227113
 297 227113
 297 227093
 297 196905
 297 176267
 523 176277
 523 176267
 523 164491
 523 135019
 363 135019
 363 135018
 363 131435
 363 107867
 731 107887
 731 107867
 731 99063
 731 99063
 759 102829
 759 102829
 759 99063
 759 99063
 747 102829
 747 102829
 747 99158
 747 99158
 854 113568
 854 113568
 854 113568
 854 128333
 620 128342
 620 128342
 620 131692
 620 131934
 862 142144
 862 142144
 862 142144
 862 153438
 875 153458
 875 153458
 875 164102
 875 164203
 1053 164715
 1053 164203
 1053 164893
 1053 164943
 1231 175389
 1231 175389
 1231 164945
 1231 164945
 1233 185857
 1233 185857
 1233 185857
 1233 194897
 1201 194942
 1201 194942
 1201 197809
 1201 197931
 1323 203697
 1323 203697
 1323 198294
 1323 198294
 1558 212267
 1558 212267
 1558 212349
 1558 220822
 1347 220849
 1347 220849
 1347 229443
 1347 229461
 1420 230668
 1420 229461
 1420 230668
 1420 231135
 1759 238604
 1759 238604
 1759 231443
 1759 231443
 2067 248010
 2067 248010
 2067 248010
 2067 257299
 1988 257303
 1988 257303
 1988 264132
 1988 264256
 2240 266138
 2240 266138
 2240 264642
 2240 264642
 2370 276544
 2370 276544
 2370 276570
 2370 294800
 2506 294850
 2506 294850
 2506 329248
 2506 329290
 2665 330058
 2665 329290
 2665 363113
 2665 377135
 3081 377193
 3081 377193
 3081 396425
 3081 425609
 3179 425696
 3179 425696
 3179 461931
 3179 469030
 3348 469099
 3348 469099
 3348 494996
 3348 495202
 3682 498836
 3682 498836
 3682 495433
 3682 495433
 3913 513357
 3913 513357
 3913 495437
 3913 495437
 4045 511257
 4045 511257
 4045 496119
 4045 496119
 4471 497603
 4471 497603
 4471 496119
 4471 480551
 4519 480551
 4519 480544
 4519 463858
 4519 463143
 4978 463143
 4978 462834
 4978 462724
 4978 444850
 5298 444923
 5298 444850
 5298 431282
 5298 422866
 5714 422866
 5714 422815
 5714 399058
 5714 383278
 6318 383278
 6318 383273
 6318 366638
 6318 334283
 6603 334283
 6603 331770
 6603 331723
 6603 280636
 6972 280636
 6972 280621
 6972 269116
 6972 228944
 7376 228944
 7376 228892
 7376 203856
 7376 177482
 8010 177482
 8010 177430
 8010 171850
 8010 139719
 8519 139719
 8519 134891
 8519 134855
 8519 107305
 9001 107305
 9001 106537
 9001 106537
 9001 106529
 9416 106529
 9416 100424
 9416 100424
 9416 100424
 10247 107592
 10247 100424
 10247 108551
 10247 109128
 10824 110855
 10824 110855
 10824 110965
 10824 125457
 11728 125512
 11728 125512
 11728 138703
 11728 138704
 12609 142800
 12609 138704
 12609 143681
 12609 144359
 13287 149825
 13287 149825
 13287 149851
 13287 160683
 14162 160743
 14162 160743
 14162 171811
 14162 171858
 14774 178002
 14774 171858
 14774 178614
 14774 179533
 15693 182454
 15693 182454
 15693 182526
 15693 192077
 16913 192119
 16913 192119
 16913 201489
 16913 201549
 18011 210306
 18011 201549
 18011 210306
 18011 210395
 19086 214747
 19086 210395
 19086 215566
 19086 216831
 20095 218638
 20095 218638
 20095 218710
 20095 227287
 21322 227327
 21322 227327
 21322 236362
 21322 236404
 22722 245442
 22722 236404
 22722 245442
 22722 245489
 24287 252098
 24287 245489
 24287 253663
 24287 254416
 25692 254431
 25692 254431
 25692 262556
 25692 262620
 27316 271668
 27316 262620
 27316 271668
 27316 271704
 28779 288404
 28779 271704
 28779 288404
 28779 288491
 30608 291051
 30608 288491
 30608 322448
 30608 322469
 32426 325520
 32426 322469
 32426 370602
 32426 370679
 34478 392874
 34478 370679
 34478 394926
 34478 419758
 36297 419797
 36297 419797
 36297 462153
 36297 463418
 38301 463433
 38301 463433
 38301 493978
 38301 493981
 40477 497053
 40477 493981
 40477 499357
 40477 501477
 42597 509853
 42597 509853
 42597 503859
 42597 503859
 45107 509481
 45107 509481
 45107 506169
 45107 503859
 47417 503859
 47417 496185
 47417 496165
 47417 478905
 50105 478971
 50105 478905
 50105 478797
 50105 476089
 52941 476089
 52941 461133
 52941 461065
 52941 449124
 55908 449124
 55908 442980
 55908 442963
 55908 421432
 58808 421433
 58808 421432
 58808 419128
 58808 389506
 61826 389506
 61826 382892
 61826 382850
 61826 360117
 65205 360117
 65205 331189
 65205 331189
 65205 279530
 68586 279530
 68586 279451
 68586 265194
 68586 226727
 72231 226785
 72231 226727
 72231 203431
 72231 174493
 75933 174550
 75933 174493
 75933 174237
 75933 130685
 79869 130685
 79869 130658
 79869 116703
 79869 116703
 83935 116703
 83935 116703
 83935 100319
 83935 100252
 88283 91739
 88283 91739
 88283 91739
 88283 91739
 92828 100636
 92828 100699
 92828 125468
 92828 125468
 97482 114634
 97482 114588
 97482 114588
 97482 114634
 102323 114634
 102323 114588
 102323 114588
 102323 127795
 107243 127837
 107243 127837
 107243 139087
 107243 139115
 112316 139883
 112316 139115
 112316 144956
 112316 149308
 117617 149352
 117617 149352
 117617 150513
 117617 160142
 123509 160241
 123509 160241
 123509 170602
 123509 170613
 129377 180003
 129377 170613
 129377 170602
 129377 180003
 135333 180065
 135333 180003
 135333 174294
 135333 174294
 141526 188325
 141526 188325
 141526 188327
 141526 195987
 148057 196054
 148057 196054
 148057 203353
 148057 203376
 154716 211548
 154716 203376
 154716 211548
 154716 211560
 161956 220165
 161956 211560
 161956 211560
 161956 220165
 169139 220196
 169139 220165
 169139 220165
 169139 228531
 176739 228606
 176739 228606
 176739 236899
 176739 236913
 184565 242275
 184565 236913
 184565 244783
 184565 244853
 192432 249973
 192432 244853
 192432 253616
 192432 253643
 200565 257968
 200565 253643
 200565 266229
 200565 269264
 209085 269301
 209085 269301
 209085 299709
 209085 299735
 217696 307389
 217696 299735
 217696 345679
 217696 345696
 226823 348768
 226823 345696
 226823 393735
 226823 393808
 236244 423431
 236244 393808
 236244 432852
 236244 437460
 246041 437487
 246041 437487
 246041 468377
 246041 468439
 255888 475545
 255888 468439
 255888 468439
 255888 484230
 266119 484240
 266119 484230
 266119 473203
 266119 473203
 276595 482675
 276595 482675
 276595 482675
 276595 473203
 287457 473203
 287457 468705
 287457 468669
 287457 450634
 298570 450634
 298570 450610
 298570 440822
 298570 432118
 309750 432118
 309750 432118
 309750 432050
 309750 419888
 321584 419888
 321584 413232
 321584 413185
 321584 391225
 333753 391225
 333753 391186
 333753 366393
 333753 366393
 346208 352608
 346208 352608
 346208 352564
 346208 346208
 358593 346208
 358593 352564
 358593 325825
 358593 299718
 371767 299713
 371767 299713
 371767 246457
 371767 246455
 385084 240823
 385084 246455
 385084 192755
 385084 192700
 398731 188604
 398731 192700
 398731 138647
 398731 138635
 412264 136587
 412264 138635
 412264 92776
 412264 92687
 426685 84584
 426685 92687
 426685 59975
 426685 59965
 441127 48472
 441127 59965
 441127 59975
 441127 55303
 456071 55298
 456071 55303
 456071 62727
 456071 67989
 471061 67989
 471061 68002
 471061 77973
 471061 79722
 486378 79722
 486378 79737
 486378 79737
 486378 89599
 502015 89593
 502015 89593
 502015 89599
 502015 98615
 517943 98579
 517943 98615
 517943 108061
 517943 108061
 534173 108061
 534173 108061
 534173 108137
 534173 116699
 550747 116699
 550747 116718
 550747 116718
 550747 124179
 567571 124179
 567571 124179
 567571 124287
 567571 131376
 584496 131376
 584496 131409
 584496 142962
 584496 142962
 601714 138354
 601714 138354
 601714 142962
 601714 144191
 619327 144191
 619327 144223
 619327 145459
 619327 150323
 637107 150323
 637107 150323
 637107 150328
 637107 157224
 655144 157224
 655144 157266
 655144 163624
 655144 164503
 673175 164490
 673175 164503
 673175 167053
 673175 170893
 691341 170893
 691341 170893
 691341 170913
 691341 176758
 710134 176698
 710134 176758
 710134 176758
 710134 183587
 728739 183578
 728739 183578
 728739 183587
 728739 197085
 747485 197085
 747485 197094
 747485 209612
 747485 223197
 766540 223197
 766540 224709
 766540 224716
 766540 268450
 785826 268447
 785826 268450
 785826 294306
 785826 313690
 805210 313690
 805210 315457
 805210 315482
 805210 333273
 824665 333273
 824665 358059
 824665 358105
 824665 385267
 844019 385267
 844019 388750
 844019 388851
 844019 404084
 863476 403979
 863476 404084
 863476 404596
 863476 407147
 882923 407138
 882923 407147
 882923 411033
 882923 411033
 902553 407147
 902553 407147
 902553 407138
 902553 401104
 922164 401049
 922164 401049
 922164 386026
 922164 385972
 941663 384735
 941663 385972
 941663 384735
 941663 366310
 961156 366303
 961156 366303
 961156 345820
 961156 345732
 980857 338564
 980857 345732
 980857 325625
 980857 325369
 1000280 325333
 1000280 325333
 1000280 312152
 1000280 302680
 1019461 302620
 1019461 302620
 1019461 265925
 1019461 264645
 1038735 264603
 1038735 264603
 1038735 219407
 1038735 211307
 1057753 211215
 1057753 211215
 1057753 156633
 1057753 156580
 1076719 140249
 1076719 156580
 1076719 126447
 1076719 101359
 1095270 101308
 1095270 46822
 1095270 45798
 1095270 45714
 1113771 -469
 1113771 -2231
 1113771 -2261
 1113771 -37308
 1131844 -37291
 1131844 -37308
 1131844 -47804
 1131844 -51522
 1149758 -51522
 1149758 -51579
 1149758 -51579
 1149758 -51579
 1167696 -51522
 1167696 -51522
 1167696 -51579
 1167696 -46412
 1184949 -46384
 1184949 -46412
 1184949 -46412
 1184949 -35019
 1201716 -34957
 1201716 -34957
 1201716 -26677
 1201716 -23902
 1218379 -23884
 1218379 -23902
 1218379 -23902
 1218379 -14389
 1234536 -14338
 1234536 -10648
 1234536 -5784
 1234536 -5768
 1250144 3036
 1250144 3040
 1250144 5088
 1250144 11601
 1265233 11601
 1265233 11610
 1265233 11610
 1265233 18739
 1280051 18739
 1280051 18739
 1280051 18739
 1280051 18750
 1294079 18750
 1294079 25268
 1294079 25343
 1294079 29687
 1307639 29687
 1307639 31637
 1307639 31735
 1307639 37856
 1320800 37810
 1320800 37856
 1320800 42976
 1320800 44386
 1333218 44294
 1333218 44386
 1333218 44386
 1333218 51565
 1344877 51565
 1344877 51565
 1344877 51565
 1344877 51572
 1356024 51572
 1356024 58576
 1356024 58576
 1356024 58616
 1366340 58616
 1366340 65280
 1366340 65348
 1366340 71449
 1376025 71434
 1376025 71449
 1376025 74317
 1376025 78157
 1385037 78119
 1385037 78119
 1385037 78157
 1385037 82211
 1393059 82211
 1393059 91675
 1393059 91683
 1393059 119160
 1400312 119155
 1400312 119160
 1400312 122232
 1400312 161728
 1406912 161728
 1406912 163520
 1406912 163523
 1406912 200035
 1412451 200035
 1412451 211543
 1412451 211555
 1412451 237374
 1417022 237374
 1417022 256032
 1417022 256062
 1417022 273994
 1421002 273994
 1421002 289098
 1421002 289138
 1421002 306868
 1423924 306855
 1423924 306868
 1423924 309940
 1423924 311405
 1425645 311405
 1425645 312325
 1425645 312429
 1425645 312429
 1426464 312325
 1426464 312429
 1426464 312473
 1426464 312473
 1426457 308440
 1426457 308440
 1426457 308440
 1426457 295361
 1425320 295321
 1425320 295321
 1425320 278440
 1425320 278009
 1423329 277928
 1423329 277928
 1423329 259553
 1423329 259500
 1420222 243681
 1420222 259500
 1420222 241244
 1420222 241214
 1415868 240446
 1415868 241214
 1415868 221244
 1415868 221244
 1410617 203324
 1410617 221244
 1410617 187065
 1410617 187014
 1404297 165561
 1404297 187014
 1404297 158985
 1404297 136201
 1396870 136192
 1396870 136192
 1396870 86022
 1396870 84001
 1388109 83974
 1388109 32223
 1388109 32205
 1388109 11981
 1378231 -20297
 1378231 -20316
 1378231 -30793
 1378231 -65782
 1367434 -65698
 1367434 -65782
 1367434 -74486
 1367434 -98610
 1355470 -98600
 1355470 -98610
 1355470 -99346
 1355470 -110866
 1342318 -110866
 1342318 -110866
 1342318 -110962
 1342318 -110962
 1327906 -110866
 1327906 -110962
 1327906 -110962
 1327906 -102494
 1312433 -102482
 1312433 -102482
 1312433 -96591
 1312433 -87375
 1296037 -87315
 1296037 -87315
 1296037 -80219
 1296037 -72283
 1278355 -72257
 1278355 -72257
 1278355 -65133
 1278355 -58733
 1259583 -58701
 1259583 -58701
 1259583 -51009
 1259583 -46178
 1239606 -46145
 1239606 -46145
 1239606 -38218
 1239606 -33145
 1218525 -33098
 1218525 -33098
 1218525 -26659
 1218525 -20259
 1196342 -20259
 1196342 -16074
 1196342 -8434
 1196342 -8394
 1173053 2493
 1173053 2509
 1173053 2509
 1173053 13469
 1148701 13469
 1148701 13469
 1148701 13469
 1148701 13489
 1123070 13489
 1123070 24356
 1123070 24446
 1123070 35901
 1096509 35901
 1096509 35960
 1096509 47933
 1096509 47933
 1069222 47825
 1069222 47825
 1069222 53414
 1069222 57637
 1040677 57637
 1040677 59919
 1040677 59941
 1040677 71687
 1010951 71687
 1010951 71783
 1010951 93447
 1010951 93447
 980655 83375
 980655 83375
 980655 95919
 980655 95919
 949210 95706
 949210 95706
 949210 97242
 949210 113156
 916612 113156
 916612 113220
 916612 130052
 916612 144416
 883360 144416
 883360 144420
 883360 162336
 883360 193437
 849309 193413
 849309 193437
 849309 193949
 849309 247391
 814559 247362
 814559 247391
 814559 257375
 814559 297878
 778646 297878
 778646 297897
 778646 319894
 778646 337936
 741904 337936
 741904 337959
 741904 348688
 741904 362135
 704535 362135
 704535 362239
 704535 371536
 704535 373840
 666448 373788
 666448 373788
 666448 373788
 666448 373840
 627436 373840
 627436 376428
 627436 376445
 627436 376445
 588003 376428
 588003 376445
 588003 376445
 588003 370019
 548165 370010
 548165 370010
 548165 358341
 548165 358294
 507419 351685
 507419 358294
 507419 345540
 507419 345499
 466316 343707
 466316 345499
 466316 335116
 466316 332669
 424768 332556
 424768 332556
 424768 326464
 424768 318784
 382547 318749
 382547 318749
 382547 291962
 382547 291923
 340156 284243
 340156 264435
 340156 247367
 340156 247356
 297203 241724
 297203 221152
 297203 200435
 297203 200332
 253920 198899
 253920 200332
 253920 155616
 253920 153846
 210436 153824
 210436 153824
 210436 112260
 210436 106493
 166719 106372
 166719 106372
 166719 65343
 166719 65335
 122786 57122
 122786 65335
 122786 57122
 122786 36389
 78389 36386
 78389 34143
 78389 34143
 78389 34143
 34271 34143
 34271 34143
 34271 39749
 34271 39775
 -10009 55399
 -10009 59495
 -10009 59513
 -10009 76935
 -54265 76935
 -54265 79751
 -54265 79822
 -54265 98380
 -98484 98380
 -98484 98386
 -98484 119679
 -98484 119679
 -142337 115839
 -142337 115839
 -142337 119679
 -142337 133117
 -186115 133105
 -186115 133117
 -186115 141565
 -186115 150070
 -229578 150070
 -229578 150129
 -229578 163638
 -229578 166165
 -272619 166165
 -272619 166228
 -272619 176277
 -272619 181397
 -315243 181385
 -315243 181385
 -315243 181385
 -315243 181397
 -357748 181397
 -357748 196364
 -357748 196470
 -357748 210958
 -399730 210958
 -399730 210978
 -399730 214322
 -399730 222734
 -441038 222734
 -441038 225586
 -441038 225593
 -441038 238868
 -481900 238868
 -481900 240916
 -481900 240916
 -481900 240917
 -522511 240917
 -522511 256219
 -522511 256241
 -522511 270983
 -562425 270983
 -562425 271100
 -562425 282709
 -562425 285781
 -601899 285748
 -601899 285748
 -601899 285781
 -601899 300518
 -640410 300518
 -640410 300528
 -640410 304845
 -640410 309990
 -678195 309990
 -678195 320161
 -678195 320205
 -678195 332929
 -715647 332929
 -715647 352129
 -715647 352213
 -715647 394502
 -752250 394502
 -752250 401926
 -752250 401947
 -752250 457417
 -787895 457367
 -787895 457417
 -787895 457417
 -787895 509632
 -822720 509632
 -822720 509682
 -822720 520896
 -822720 551700
 -857068 551700
 -857068 551738
 -857068 551956
 -857068 578451
 -890733 578451
 -890733 578487
 -890733 583827
 -890733 592283
 -923237 592283
 -923237 592350
 -923237 616859
 -923237 616859
 -954859 596629
 -954859 596629
 -954859 618133
 -954859 618133
 -985592 596629
 -985592 596629
 -985592 596617
 -985592 591709
 -1015690 591624
 -1015690 591624
 -1015690 580726
 -1015690 580657
 -1044438 567983
 -1044438 580657
 -1044438 567983
 -1044438 567978
 -1072174 561322
 -1072174 567978
 -1072174 555090
 -1072174 555072
 -1099148 541428
 -1099148 555072
 -1099148 541428
 -1099148 541316
 -1124819 539380
 -1124819 541316
 -1124819 515690
 -1124819 515629
 -1149585 513581
 -1149585 515629
 -1149585 488943
 -1149585 471791
 -1173392 471749
 -1173392 471749
 -1173392 423920
 -1173392 423846
 -1196076 399600
 -1196076 423846
 -1196076 376660
 -1196076 376404
 -1217574 376349
 -1217574 376349
 -1217574 327650
 -1217574 327642
 -1237888 322522
 -1237888 327642
 -1237888 284318
 -1237888 284288
 -1257075 269440
 -1257075 284288
 -1257075 253019
 -1257075 252941
 -1275298 250125
 -1275298 252941
 -1275298 247601
 -1275298 247601
 -1292495 247601
 -1292495 248846
 -1292495 248881
 -1292495 264289
 -1308447 264289
 -1308447 266337
 -1308447 266357
 -1308447 282332
 -1323428 282332
 -1323428 284124
 -1323428 284136
 -1323428 300125
 -1337251 300125
 -1337251 300127
 -1337251 301149
 -1337251 314335
 -1349921 314335
 -1349921 314355
 -1349921 321247
 -1349921 328642
 -1361470 328642
 -1361470 328670
 -1361470 331904
 -1361470 342466
 -1372032 342466
 -1372032 342656
 -1372032 342684
 -1372032 355101
 -1381475 355101
 -1381475 355613
 -1381475 355639
 -1381475 367366
 -1389690 367362
 -1389690 367366
 -1389690 372570
 -1389690 378714
 -1396902 378651
 -1396902 378651
 -1396902 378651
 -1396902 378714
 -1402927 378714
 -1402927 389713
 -1402927 389750
 -1402927 394477
 -1407891 394477
 -1407891 400519
 -1407891 400621
 -1407891 411607
 -1411753 411607
 -1411753 411643
 -1411753 420239
 -1411753 422799
 -1414769 422799
 -1414769 422799
 -1414769 422844
 -1414769 433960
 -1416664 433932
 -1416664 433960
 -1416664 450304
 -1416664 450304
 -1417344 444173
 -1417344 444173
 -1417344 450136
 -1417344 450304
 -1417512 450304
 -1417512 454219
 -1417512 454232
 -1417512 468970
 -1416470 468944
 -1416470 468970
 -1416470 484074
 -1416470 495316
 -1414444 495316
 -1414444 495322
 -1414444 518868
 -1414444 539194
 -1411398 539194
 -1411398 539248
 -1411398 554554
 -1411398 558748
 -1407460 558748
 -1407460 589468
 -1407460 589505
 -1407460 628850
 -1402638 628850
 -1402638 637253
 -1402638 637298
 -1402638 667383
 -1397001 667383
 -1397001 675793
 -1397001 675831
 -1397001 698287
 -1390417 698258
 -1390417 698287
 -1390417 706735
 -1390417 707799
 -1382825 707799
 -1382825 707809
 -1382825 707809
 -1382825 707809
 -1374576 707799
 -1374576 707799
 -1374576 707312
 -1374576 707216
 -1365844 698412
 -1365844 707216
 -1365844 698412
 -1365844 697665
 -1356253 697644
 -1356253 697644
 -1356253 685678
 -1356253 681891
 -1345938 681878
 -1345938 681891
 -1345938 681878
 -1345938 664430
 -1334859 664350
 -1334859 664350
 -1334859 646621
 -1334859 646581
 -1323217 642863
 -1323217 646581
 -1323217 642863
 -1323217 627759
 -1310680 627759
 -1310680 627759
 -1310680 598106
 -1310680 598056
 -1297741 589864
 -1297741 598056
 -1297741 549456
 -1297741 549427
 -1284383 537139
 -1284383 549427
 -1284383 517729
 -1284383 496737
 -1270140 496646
 -1270140 496646
 -1270140 444570
 -1270140 444548
 -1255247 433796
 -1255247 444548
 -1255247 390837
 -1255247 390833
 -1240287 383153
 -1240287 390833
 -1240287 341537
 -1240287 341537
 -1224723 332577
 -1224723 341537
 -1224723 315373
 -1224723 303869
 -1208681 303853
 -1208681 303853
 -1208681 284234
 -1208681 284234
 -1192352 284234
 -1192352 286737
 -1192352 286816
 -1192352 299032
 -1175400 299032
 -1175400 299032
 -1175400 299063
 -1175400 312146
 -1158190 312092
 -1158190 312146
 -1158190 312146
 -1158190 316242
 -1140996 316242
 -1140996 323427
 -1140996 323452
 -1140996 332941
 -1123315 332941
 -1123315 333021
 -1123315 336804
 -1123315 342692
 -1104988 342671
 -1104988 342671
 -1104988 342692
 -1104988 352065
 -1086655 352065
 -1086655 352108
 -1086655 352108
 -1086655 355137
 -1068131 355137
 -1068131 360349
 -1068131 360366
 -1068131 367656
 -1049432 367656
 -1049432 367667
 -1049432 378323
 -1049432 378323
 -1030829 374739
 -1030829 374739
 -1030829 374739
 -1030829 378323
 -1011876 378323
 -1011876 381148
 -1011876 381177
 -1011876 383505
 -992623 383505
 -992623 387345
 -992623 387409
 -992623 394394
 -973542 394394
 -973542 394417
 -973542 402842
 -973542 402842
 -954222 401831
 -954222 401831
 -954222 408597
 -954222 408853
 -934891 408844
 -934891 408844
 -934891 408844
 -934891 408853
 -915643 408853
 -915643 415685
 -915643 415685
 -915643 415695
 -896208 415695
 -896208 421888
 -896208 421936
 -896208 432397
 -876787 432396
 -876787 432397
 -876787 433933
 -876787 453473
 -857247 453473
 -857247 453894
 -857247 453985
 -857247 493663
 -837921 493601
 -837921 493663
 -837921 505439
 -837921 524725
 -818763 524725
 -818763 540597
 -818763 540616
 -818763 576855
 -799401 576855
 -799401 585543
 -799401 585559
 -799401 595769
 -780359 595769
 -780359 621601
 -780359 621625
 -780359 642746
 -761798 642715
 -761798 642746
 -761798 642746
 -761798 647354
 -743026 647354
 -743026 650510
 -743026 650515
 -743026 650515
 -724157 650510
 -724157 650515
 -724157 650515
 -724157 648530
 -705611 648515
 -705611 648515
 -705611 637877
 -705611 637365
 -687464 637326
 -687464 637326
 -687464 619306
 -687464 619288
 -669234 608590
 -669234 619288
 -669234 608590
 -669234 599374
 -651200 599322
 -651200 599322
 -651200 579264
 -651200 579256
 -633598 578818
 -633598 579256
 -633598 578818
 -633598 558674
 -615967 558594
 -615967 558594
 -615967 530913
 -615967 528609
 -598807 528595
 -598807 528595
 -598807 482537
 -598807 479487
 -581789 479465
 -581789 479465
 -581789 424931
 -581789 424898
 -565012 401379
 -565012 424898
 -565012 385260
 -565012 371180
 -548604 371095
 -548604 371095
 -548604 316187
 -548604 316164
 -532041 303364
 -532041 316164
 -532041 287031
 -532041 265015
 -516064 264998
 -516064 264998
 -516064 225009
 -516064 224928
 -500224 220672
 -500224 224928
 -500224 220672
 -500224 203284
 -484716 202855
 -484716 202855
 -484716 203284
 -484716 213886
 -469506 213793
 -469506 213886
 -469506 213886
 -469506 218494
 -454551 218494
 -454551 225969
 -454551 226025
 -454551 236799
 -440065 236732
 -440065 236799
 -440065 236799
 -440065 245981
 -425635 245899
 -425635 245899
 -425635 245899
 -425635 245981
 -411572 245981
 -411572 254913
 -411572 254924
 -411572 264208
 -397936 264208
 -397936 264280
 -397936 270710
 -397936 272758
 -384650 272655
 -384650 272655
 -384650 272758
 -384650 279912
 -371480 279887
 -371480 279912
 -371480 279912
 -371480 283752
 -358732 283752
 -358732 286772
 -358732 286772
 -358732 286822
 -346178 286822
 -346178 293566
 -346178 293626
 -346178 300104
 -333880 300033
 -333880 300104
 -333880 300624
 -333880 307280
 -321968 307243
 -321968 307243
 -321968 307280
 -321968 312267
 -310453 312267
 -310453 314526
 -310453 314571
 -310453 321550
 -298866 321550
 -298866 321575
 -298866 323598
 -298866 328542
 -287906 328490
 -287906 328542
 -287906 334686
 -287906 335341
 -277267 335234
 -277267 335341
 -277267 345325
 -277267 345845
 -266763 345844
 -266763 345845
 -266763 355829
 -266763 365861
 -256731 365861
 -256731 366629
 -256731 366704
 -256731 405681
 -246863 405653
 -246863 405681
 -246863 408497
 -246863 450825
 -237175 450825
 -237175 453639
 -237175 453641
 -237175 492726
 -228170 492726
 -228170 499626
 -228170 499638
 -228170 534454
 -219210 534454
 -219210 537526
 -219210 537583
 -219210 560388
 -210428 560388
 -210428 560439
 -210428 576004
 -210428 576004
 -201727 569768
 -201727 569768
 -201727 569768
 -201727 569768
 -193749 569729
 -193749 569729
 -193749 569159
 -193749 569131
 -185852 567940
 -185852 569131
 -185852 567940
 -185852 559548
 -178043 559492
 -178043 559492
 -178043 543262
 -178043 543237
 -170487 542725
 -170487 543237
 -170487 524272
 -170487 524169
 -163491 517769
 -163491 524169
 -163491 505309
 -163491 505268
 -156506 491997
 -156506 505268
 -156506 485926
 -156506 485904
 -149861 465958
 -149861 485904
 -149861 458139
 -149861 458138
 -143307 439963
 -143307 458138
 -143307 413749
 -143307 411208
 -137148 411189
 -137148 411189
 -137148 357590
 -137148 357572
 -131008 354500
 -131008 357572
 -131008 304845
 -131008 304832
 -125362 295104
 -125362 304832
 -125362 250958
 -125362 250896
 -119823 235086
 -119823 250896
 -119823 207857
 -119823 200433
 -114368 200398
 -114368 200398
 -114368 160704
 -114368 160677
 -109115 152901
 -109115 160677
 -109115 158343
 -109115 152901
 -103929 138454
 -103929 138454
 -103929 158343
 -103929 158343
 -99437 150291
 -99437 150291
 -99437 150291
 -99437 162579
 -95052 162579
 -95052 163764
 -95052 163819
 -95052 171491
 -90653 171491
 -90653 176051
 -90653 176051
 -90653 176099
 -86299 176099
 -86299 186298
 -86299 186341
 -86299 196671
 -82113 196671
 -82113 196688
 -82113 212799
 -82113 212799
 -78147 207317
 -78147 207317
 -78147 216765
 -78147 216897
 -74559 216883
 -74559 216897
 -74559 220225
 -74559 224205
 -70835 224205
 -70835 225444
 -70835 225485
 -70835 233423
 -67377 233423
 -67377 233459
 -67377 233459
 -67377 241385
 -64023 241353
 -64023 241353
 -64023 241353
 -64023 241385
 -60883 241385
 -60883 249486
 -60883 249486
 -60883 249517
 -58179 249517
 -58179 257597
 -58179 257602
 -58179 265651
 -55245 265641
 -55245 265651
 -55245 272563
 -55245 273973
 -52299 273973
 -52299 274009
 -52299 275253
 -52299 278120
 -49560 278120
 -49560 282397
 -49560 282397
 -49560 282472
 -46965 282472
 -46965 290187
 -46965 290288
 -46965 301819
 -44549 301721
 -44549 301819
 -44549 315899
 -44549 318176
 -42272 318176
 -42272 322784
 -42272 322815
 -42272 361137
 -40015 361137
 -40015 361161
 -40015 385969
 -40015 409947
 -37925 409940
 -37925 409947
 -37925 420699
 -37925 455633
 -36015 455633
 -36015 457393
 -36015 457425
 -36015 497567
 -34145 497567
 -34145 497582
 -34145 497582
 -34145 522911
 -32465 522911
 -32465 523055
 -32465 523091
 -32465 526484
 -30572 526484
 -30572 534420
 -30572 534420
 -30572 534438
 -29037 534438
 -29037 535817
 -29037 535817
 -29037 535817
 -27594 529462
 -27594 535817
 -27594 529462
 -27594 527728
 -25904 527670
 -25904 527670
 -25904 512601
 -25904 512592
 -24496 499792
 -24496 512592
 -24496 499792
 -24496 494928
 -23258 494880
 -23258 494880
 -23258 476710
 -23258 476708
 -22004 468262
 -22004 476708
 -22004 458170
 -22004 458124
 -20665 438215
 -20665 458124
 -20665 438215
 -20665 432365
 -19608 432327
 -19608 432327
 -19608 387560
 -19608 387458
 -18535 373736
 -18535 387458
 -18535 341785
 -18535 334397
 -17396 334361
 -17396 334361
 -17396 282616
 -17396 282508
 -16460 277644
 -16460 282508
 -16460 245556
 -16460 229954
 -15643 229940
 -15643 229940
 -15643 180837
 -15643 179557
 -14851 179530
 -14851 179530
 -14851 148861
 -14851 139901
 -13741 139901
 -13741 139901
 -13741 118160
 -13741 117331
 -12912 116307
 -12912 116307
 -12912 118160
 -12912 118817
 -12127 118817
 -12127 127265
 -12127 127290
 -12127 142092
 -11508 142092
 -11508 142191
 -11508 152332
 -11508 152870
 -10970 152870
 -10970 155430
 -10970 155482
 -10970 166871
 -10409 166864
 -10409 166871
 -10409 186327
 -10409 186327
 -9947 177957
 -9947 177957
 -9947 186661
 -9947 187534
 -9202 187534
 -9202 189326
 -9202 189361
 -9202 199629
 -8627 199568
 -8627 199629
 -8627 220877
 -8627 220877
 -8274 208686
 -8274 208686
 -8274 220974
 -8274 220974
 -7878 217274
 -7878 217274
 -7878 221626
 -7878 222046
 -7202 222046
 -7202 225886
 -7202 225905
 -7202 234204
 -6692 234197
 -6692 234204
 -6692 255452
 -6692 255452
 -6618 242764
 -6618 242764
 -6618 255526
 -6618 255526
 -6080 251712
 -6080 251712
 -6080 256064
 -6080 256659
 -5613 256659
 -5613 260499
 -5613 260516
 -5613 269073
 -5359 269073
 -5359 269132
 -5359 289553
 -5359 289553
 -5137 276975
 -5137 276975
 -5137 289775
 -5137 289775
 -4651 288341
 -4651 288341
 -4651 290133
 -4651 308663
 -4297 308663
 -4297 308715
 -4297 323511
 -4297 346171
 -3909 346152
 -3909 346171
 -3909 356411
 -3909 395150
 -3826 395150
 -3826 395190
 -3826 422286
 -3826 443834
 -3654 443780
 -3654 443834
 -3654 455098
 -3654 485004
 -3444 485004
 -3444 485030
 -3444 488076
 -3444 511982
 -3218 511900
 -3218 511982
 -3218 521198
 -3218 524288
 -3072 524288
 -3072 524396
 -3072 553984
 -3072 553984
 -2694 526842
 -2694 526842
 -2694 526842
 -2694 526842
 -2508 526771
 -2508 526771
 -2508 521908
 -2508 521857
 -2431 519658
 -2431 519658
 -2431 519658
 -2431 505004
 -2478 504961
 -2478 504961
 -2478 489170
 -2478 489145
 -2503 487378
 -2503 487378
 -2503 487313
 -2503 469738
 -2128 469689
 -2128 469689
 -2128 456782
 -2128 456496
 -1842 452158
 -1842 452158
 -1842 452158
 -1842 427865
 -1739 427854
 -1739 427854
 -1739 391477
 -1739 384342
 -1878 384309
 -1878 384309
 -1878 358570
 -1878 331697
 -1764 331690
 -1764 331690
 -1764 293276
 -1764 279807
 -1746 279708
 -1746 279708
 -1746 227758
 -1746 226764
 -1580 226734
 -1580 226734
 -1580 195028
 -1580 176362
 -1275 176340
 -1275 176340
 -1275 162693
 -1275 136331
 -1097 136325
 -1097 136325
 -1097 129864
 -1097 129847
 -1080 110903
 -1080 110903
 -1080 129864
 -1080 129864
 -1183 121313
 -1183 121313
 -1183 130017
 -1183 135971
 -1245 135971
 -1245 135983
 -1245 162595
 -1245 162595
 -897 149375
 -897 149375
 -897 162943
 -897 162943
 -849 161199
 -849 161199
 -849 162991
 -849 172389
 -923 172295
 -923 172389
 -923 195672
 -923 195672
 -936 183925
 -936 183925
 -936 195672
 -936 195672
 -883 194453
 -883 194453
 -883 195725
 -883 203685
 -859 203685
 -859 203771
 -859 228517
 -859 228517
 -986 212653
 -986 212653
 -986 228508
 -986 228508
 -868 221143
 -868 221143
 -868 228508
 -868 229715
 -557 229680
 -557 229715
 -557 261388
 -557 261388
 -628 238383
 -628 238383
 -628 261388
 -628 261388
 -435 247165
 -435 247165
 -435 261676
 -435 261676
 -468 256070
 -468 256070
 -468 261676
 -468 264948
 -524 264868
 -524 264948
 -524 294388
 -524 294388
 -375 272976
 -375 272976
 -375 294409
 -375 294409
 -309 283998
 -309 283998
 -309 294475
 -309 303609
 -263 303506
 -263 303609
 -263 327417
 -263 340025
 -455 339988
 -455 340025
 -455 359993
 -455 388721
 -527 388655
 -527 388721
 -527 392561
 -527 437704
 -312 437673
 -312 437704
 -312 458440
 -312 480113
 -271 480098
 -271 480113
 -271 491121
 -271 508299
 -373 508299
 -373 508405
 -373 523915
 -373 523915
 -337 521926
 -337 521926
 -337 523951
 -337 524914
 -270 524837
 -270 524914
 -270 524914
 -270 524914
 -225 524837
 -225 524837
 -225 524191
 -225 523815
 -345 518362
 -345 518362
 -345 518362
 -345 503847
 -354 503812
 -354 503812
 -354 491479
 -354 491166
 -169 486558
 -169 486558
 -169 486547
 -169 469207
 -459 469144
 -459 469144
 -459 458529
 -459 458421
 -223 451509
 -223 451509
 -223 451463
 -223 428153
 -271 428065
 -271 428065
 -271 392945
 -271 386289
 -215 386246
 -215 386246
 -215 360361
 -215 333804
 -397 333737
 -397 333737
 -397 294515
 -397 281971
 -324 281915
 -324 281915
 -324 228930
 -324 228924
 -177 228924
 -177 228924
 -177 196431
 -177 178511
 -152 178493
 -152 178493
 -152 163688
 -152 137320
 -388 137283
 -388 137283
 -388 130826
 -388 130684
 -118 110716
 -118 110716
 -118 130826
 -118 130826
 -185 118599
 -185 118599
 -185 130887
 -185 133568
 -320 133541
 -320 133568
 -320 163399
 -320 163399
 -441 147280
 -441 147280
 -441 163399
 -441 163399
 -420 158948
 -420 158948
 -420 163548
 -420 170275
 -221 170275
 -221 170282
 -221 196387
 -221 196387
 -125 181900
 -125 181900
 -125 196468
 -125 196468
 -140 192372
 -140 192372
 -140 196468
 -140 201611
 -245 201611
 -245 201678
 -245 229259
 -245 229259
 -212 210604
 -212 210604
 -212 229265
 -212 229265
 -111 219327
 -111 219327
 -111 228967
 -111 228967
 -281 227943
 -281 227943
 -281 228967
 -281 236486
 -58 236486
 -58 236517
 -58 262086
 -58 262086
 -26 245484
 -26 245484
 -26 261905
 -26 261905
 -111 254481
 -111 254471
 -111 254481
 -111 261905
 56 261905
 56 262328
 56 263096
 56 263119
 -109 271123
 -109 271127
 -109 294675
 -109 294675
 -4 282108
 -4 282108
 -4 294908
 -4 301183
 -129 301109
 -129 301183
 -129 327551
 -129 335762
 -366 335762
 -366 335808
 -366 360082
 -366 384344
 -168 384317
 -168 384317
 -168 384344
 -168 393048
 89 393048
 89 384344
 89 426201
 89 433540
 33 433625
 33 458785
 33 476449
 33 476489
 -62 505922
 -62 505951
 -62 523862
 -62 523862
 -298 520548
 -298 520548
 -298 523862
 -298 524378
 -166 524332
 -166 524378
 -166 524378
 -166 524378
 -47 524332
 -47 524241
 -47 518609
 -47 518589
 98 504437
 98 504437
 98 504418
 98 491618
 -26 491618
 -26 504418
 -26 491429
 -26 491366
 -91 487279
 -91 487270
 -91 469707
 -91 469669
 9 452082
 9 452082
 9 452082
 9 451977
 -79 451977
 -79 452082
 -79 452082
 -79 429542
 -170 429489
 -170 429489
 -170 393174
 -170 388822
 -274 388818
 -274 388818
 -274 360046
 -274 336762
 -76 336750
 -76 294708
 -76 284980
 -76 284945
 78 232681
 78 232681
 78 232654
 78 229582
 -94 229582
 -94 232654
 -94 196386
 -94 181626
 -309 181538
 -309 181538
 -309 163403
 -309 139869
 -162 139851
 -162 139851
 -162 131048
 -162 130910
 -152 111710
 -152 111710
 -152 130661
 -152 130661
 -283 116841
 -283 116841
 -283 130661
 -283 131801
 -39 131772
 -39 131801
 -39 163794
 -39 163794
 -46 145874
 -46 145874
 -46 163594
 -46 163594
 -118 157459
 -118 157459
 -118 163594
 -118 168774
 -186 168706
 -186 168774
 -186 196422
 -186 196422
 -171 180693
 -171 180693
 -171 196535
 -171 196535
 -73 191425
 -73 191415
 -73 191425
 -73 196535
 58 196535
 58 196794
 58 200878
 58 200890
 -19 209804
 -19 209901
 -19 229041
 -19 229041
 -335 218545
 -335 218545
 -335 229041
 -335 229041
 -193 226773
 -193 226773
 -193 229311
 -193 235189
 -331 235189
 -331 235191
 -331 261813
 -331 261813
 -196 244443
 -196 244412
 -196 244412
 -196 244443
 109 244443
 109 244443
 109 253532
 109 253549
 -152 262214
 -152 262248
 -152 294760
 -152 294760
 -130 270462
 -130 270462
 -130 294705
 -130 294705
 -79 280907
 -79 280907
 -79 294705
 -79 299009
 -127 299009
 -127 299009
 -127 299045
 -127 327425
 51 327425
 51 299045
 51 327731
 51 332339
 100 332351
 100 332351
 100 360676
 100 380132
 97 380158
 97 380158
 97 426209
 97 429456
 39 429537
 39 458791
 39 473383
 39 473391
 -161 503616
 -161 503647
 -161 524108
 -161 524108
 -180 518991
 -180 518991
 -180 524108
 -180 524108
 -26 523622
 -26 523528
 -26 523528
 -26 523528
 17 518683
 17 518683
 17 518683
 17 518673
 -282 518673
 -282 518683
 -282 518683
 -282 505318
 -273 505233
 -273 491119
 -273 488303
 -273 488235
 91 470619
 91 470618
 91 458843
 91 453008
 16 453011
 16 453011
 16 453011
 16 453008
 -175 453008
 -175 453011
 -175 453011
 -175 431569
 -88 431505
 -88 431505
 -88 393128
 -88 392362
 -173 392360
 -173 392360
 -173 360403
 -173 340691
 -238 340620
 -238 340620
 -238 294674
 -238 288876
 -211 288786
 -211 288786
 -211 261933
 -211 236632
 -40 236589
 -40 196568
 -40 185061
 -40 185048
 117 142325
 117 142241
 117 131317
 117 112970
 74 113007
 74 112970
 74 98378
 74 98378
 202 105798
 202 105798
 202 98380
 202 98380
 76 105798
 76 105802
 76 116002
 76 116044
 -219 130981
 -219 130981
 -219 131034
 -219 145103
 -49 145103
 -49 145103
 -49 145103
 -49 145132
 128 145132
 128 145103
 128 145132
 128 157184
 89 157283
 89 157283
 89 163958
 89 164057
 118 168153
 118 168162
 118 179557
 118 179574
 -277 190117
 -277 190187
 -277 196331
 -277 199073
 -223 199073
 -223 199096
 -223 229234
 -223 229234
 -142 207730
 -142 207709
 -142 207709
 -142 207730
 143 207730
 143 207709
 143 196751
 143 196751
 0 216463
 0 216463
 0 216575
 0 225280
 88 225284
 88 229464
 88 234072
 88 234092
 -104 243219
 -104 243224
 -104 261912
 -104 261912
 -122 252299
 -122 252299
 -122 261892
 -122 261892
 -124 261221
 -124 261221
 -124 261892
 -124 269787
 -165 269713
 -165 269787
 -165 294709
 -165 294709
 -203 279410
 -203 279349
 -203 279410
 -203 294709
 55 294709
 55 279410
 55 295095
 55 296611
 172 296631
 172 296631
 172 327724
 172 329004
 145 329067
 145 329067
 145 360465
 145 376337
 203 376434
 203 393419
 203 425613
 203 425675
 -73 470198
 -73 470199
 -73 491447
 -73 501748
 -12 501646
 -12 501748
 -12 524111
 -12 524111
 -49 517967
 -49 517967
 -49 524077
 -49 524077
 -83 523096
 -83 523096
 -83 524039
 -83 524039
 -249 523096
 -249 523096
 -249 524039
 -249 524039
 -236 518493
 -236 518493
 -236 518493
 -236 505315
 -5 505236
 -5 505236
 -5 491515
 -5 491450
 -70 488187
 -70 488187
 -70 488161
 -70 470202
 -341 470152
 -341 470152
 -341 458721
 -341 458411
 -159 452849
 -159 452849
 -159 452849
 -159 432355
 -76 432353
 -76 425908
 -76 395188
 -76 395161
 56 343608
 56 343608
 56 343566
 56 327736
 -72 327736
 -72 343566
 -72 294840
 -72 291768
 -112 291755
 -112 291755
 -112 262032
 -112 239575
 -248 239504
 -248 239504
 -248 196488
 -248 188052
 -173 188040
 -173 188040
 -173 163795
 -173 144613
 -173 144595
 -173 144595
 -173 131027
 -173 130900
 -44 114387
 -44 114387
 -44 130900
 -44 130900
 -216 114667
 -216 114667
 -216 130984
 -216 130984
 -150 129514
 -150 129443
 -150 129514
 -150 131050
 107 131050
 107 131179
 107 143663
 107 143723
 -49 155966
 -49 155966
 -49 155983
 -49 163663
 65 163663
 65 155983
 65 163905
 65 164011
 43 167196
 43 167233
 43 178347
 43 178424
 -8 188296
 -8 188408
 -8 196600
 -8 197589
 -43 197548
 -43 197589
 -43 229333
 -43 229333
 -164 206556
 -164 206533
 -164 206533
 -164 206556
 24 206556
 24 206556
 24 215320
 24 215393
 -50 224284
 -50 224334
 -50 229198
 -50 233182
 -34 233144
 -34 233182
 -34 261875
 -34 261875
 -269 242163
 -269 242163
 -269 261875
 -269 261875
 -227 251165
 -227 251165
 -227 261917
 -227 261917
 -82 260015
 -82 260015
 -82 262062
 -82 268419
 -125 268419
 -125 268463
 -125 294759
 -125 294759
 -25 278119
 -25 278057
 -25 278057
 -25 278119
 30 278119
 30 278057
 30 278057
 30 294558
 21 294634
 21 294933
 21 325647
 21 325653
 -95 372122
 -95 372122
 -95 372129
 -95 393121
 47 393121
 47 372129
 47 393263
 47 421423
 353 421461
 353 421461
 353 459233
 353 466648
 141 466657
 141 491533
 141 498957
 141 499068
 -77 515369
 -77 515379
 -77 524083
 -77 524083
 -39 520793
 -39 520793
 -39 524121
 -39 524121
 -44 520793
 -44 520793
 -44 524224
 -44 524224
 -64 517332
 -64 517321
 -64 504774
 -64 504768
 81 488145
 81 488085
 81 458961
 81 458961
 89 470328
 89 470328
 89 458841
 89 452592
 112 452600
 112 452600
 112 452600
 112 452592
 -83 452592
 -83 452600
 -83 452600
 -83 432331
 -250 432301
 -250 432301
 -250 425734
 -250 396372
 -140 396294
 -140 396294
 -140 360308
 -140 345460
 -225 345439
 -225 345439
 -225 294815
 -225 294055
 -33 294047
 -33 262111
 -33 242655
 -33 242594
 27 191054
 27 191003
 27 163867
 27 146657
 97 146657
 97 146640
 97 131297
 97 114943
 127 114943
 127 114943
 127 114943
 127 114838
 -128 114838
 -128 114943
 -128 130898
 -128 130898
 -46 112744
 -46 112744
 -46 130898
 -46 130898
 -41 127191
 -41 127191
 -41 131031
 -41 141053
 -3 141032
 -3 141032
 -3 141032
 -3 141053
 15 141053
 15 141032
 15 131262
 15 131262
 62 152591
 62 152591
 62 152703
 62 163518
 136 163572
 136 163572
 136 163850
 136 163976
 10 174728
 10 174806
 10 185354
 10 185359
 -176 195113
 -176 195152
 -176 196432
 -176 203909
 -123 203909
 -123 203946
 -123 229232
 -123 229232
 -16 212592
 -16 212527
 -16 212527
 -16 212592
 28 212592
 28 212592
 28 220316
 28 220398
 -3 228693
 -3 228733
 -3 229245
 -3 237858
 -94 237858
 -94 237858
 -94 237858
 -94 237929
 79 237929
 79 237929
 79 247360
 79 247375
 -20 256863
 -20 256876
 -20 261996
 -20 265886
 -98 265886
 -98 265953
 -98 294674
 -98 294674
 -110 275514
 -110 275474
 -110 275474
 -110 275514
 14 275514
 14 275514
 14 291342
 14 291423
 -1 321198
 -1 321198
 -1 321279
 -1 327679
 115 327679
 115 360691
 115 366996
 115 367091
 -24 416056
 -24 416056
 -24 416104
 -24 425832
 183 425832
 183 458935
 183 461239
 183 461292
 -181 494283
 -181 494286
 -181 524235
 -181 524235
 -144 512240
 -144 512240
 -144 512240
 -144 512240
 161 512240
 161 512240
 161 491623
 161 491623
 231 515642
 231 515687
 231 515687
 231 515642
 -51 515642
 -51 515687
 -51 515642
 -51 503906
 -67 503885
 -67 503885
 -67 491488
 -67 491325
 -32 487496
 -32 487485
 -32 470496
 -32 470440
 22 453590
 22 453590
 22 453590
 22 453526
 -129 453526
 -129 453526
 -129 434431
 -129 434406
 2 400359
 2 400258
 2 393346
 2 349975
 23 349987
 23 349975
 23 327703
 23 297905
 49 297905
 49 297905
 49 297892
 49 295089
 -109 295089
 -109 297892
 -109 262035
 -109 245684
 -252 245651
 -252 196484
 -252 193509
 -252 193412
 131 148511
 131 148511
 131 148483
 131 131075
 -107 131075
 -107 148483
 -107 131044
 -107 130965
 -156 115180
 -156 115093
 -156 103396
 -156 103396
 151 103396
 151 103300
 151 98540
 151 98540
 108 111639
 108 111704
 108 126136
 108 126188
 -59 140101
 -59 140102
 -59 163613
 -59 163613
 -99 152174
 -99 152174
 -99 163613
 -99 163613
 -50 163534
 -50 163470
 -50 163534
 -50 163790
 94 163790
 94 163534
 94 163934
 94 164098
 258 174686
 258 174686
 258 164163
 258 164163
 323 185858
 323 185858
 323 185980
 323 195893
 165 195907
 165 196645
 165 204802
 165 204837
 -86 213518
 -86 213518
 -86 213518
 -86 213546
 132 213546
 132 213518
 132 213518
 132 221956
 115 221976
 115 229491
 115 230515
 115 230518
 -92 239524
 -92 239524
 -92 239524
 -92 239595
 11 239595
 11 239524
 11 229515
 11 229515
 37 248963
 37 248963
 37 248963
 37 258085
 38 258166
 38 262182
 38 266772
 38 266790
 -35 275805
 -35 275837
 -35 294732
 -35 294732
 -52 290892
 -52 290889
 -52 290892
 -52 294732
 333 294732
 333 290892
 333 295245
 333 319053
 83 319056
 83 319056
 83 360531
 83 364097
 113 364115
 113 364115
 113 393329
 113 413226
 231 413297
 231 413297
 231 426215
 231 458703
 13 458727
 13 458727
 13 491661
 13 491780
 260 492941
 260 492941
 260 491780
 260 491780
 25 512004
 25 512114
 25 519705
 25 519705
 -182 519705
 -182 519761
 -182 524129
 -182 524129
 -31 518090
 -31 518090
 -31 518047
 -31 507241
 -165 507233
 -165 491483
 -165 491258
 -165 491227
 96 473568
 96 473533
 96 458976
 96 456007
 199 456007
 199 456007
 199 456007
 199 455984
 -52 455984
 -52 455984
 -52 436832
 -52 436812
 114 403826
 114 403826
 114 403785
 114 393330
 -58 393330
 -58 360262
 -58 354118
 -58 354080
 191 302532
 191 302532
 191 302527
 191 295103
 -4 295103
 -4 262140
 -4 250876
 -4 250790
 51 198707
 51 198666
 51 196659
 51 152442
 250 152442
 250 152372
 250 131194
 250 118664
 8 118689
 8 118664
 8 98521
 8 98521
 217 104833
 217 104833
 217 98521
 217 98521
 135 104833
 135 104921
 135 111239
 135 111347
 -211 125342
 -211 125342
 -211 125357
 -211 130989
 69 130989
 69 125357
 69 131208
 69 131269
 136 139205
 136 139208
 136 151432
 136 151513
 -1 162422
 -1 162422
 -1 162431
 -1 163711
 52 163711
 52 164020
 52 174004
 52 174025
 -173 185427
 -173 185433
 -173 196435
 -173 196435
 -9 195319
 -9 195279
 -9 195319
 -9 196599
 206 196599
 206 195319
 206 196686
 206 196736
 0 204288
 0 204366
 0 213120
 0 213130
 -132 221781
 -132 221781
 -132 221820
 -132 229244
 52 229244
 52 221820
 52 229503
 52 229556
 255 230324
 255 230324
 255 229522
 255 229522
 146 239486
 146 239486
 146 229560
 146 229560
 184 248710
 184 248710
 184 248710
 184 257976
 286 257978
 286 257978
 286 262273
 286 262558
 1 266654
 1 266654
 1 262273
 1 262273
 83 275329
 83 275329
 83 275424
 83 289604
 256 289619
 256 289619
 256 295168
 256 316672
 338 316741
 338 316741
 338 360786
 338 361273
 235 361298
 235 361298
 235 393323
 235 410150
 114 410219
 114 426098
 114 455964
 114 456050
 -163 491485
 -163 491485
 -163 491514
 -163 511808
 -64 511808
 -64 511808
 -64 511808
 -64 511861
 7 511861
 7 511861
 7 519687
 7 519687
 -56 519687
 -56 519687
 -56 518128
 -56 518088
 27 507675
 27 507673
 27 491585
 27 491585
 65 492097
 65 492097
 65 491585
 65 474805
 53 474836
 53 474836
 53 474805
 53 458933
 -165 458933
 -165 474805
 -165 458715
 -165 458514
 -110 457716
 -110 457716
 -110 457716
 -110 438864
 -264 438802
 -264 438802
 -264 425720
 -264 407288
 -88 407243
 -88 360232
 -88 358231
 -88 358184
 42 306751
 42 306751
 42 306730
 42 294954
 -57 294954
 -57 261959
 -57 255303
 -57 255255
 50 202442
 50 202418
 50 196786
 50 155643
 123 155643
 123 155643
 123 155627
 123 131323
 -63 131323
 -63 155627
 -63 130881
 -63 130825
 -119 120915
 -119 120915
 -119 130825
 -119 130825
 -226 110893
 -226 110893
 -226 130846
 -226 130846
 -101 124571
 -101 124551
 -101 124571
 -101 130971
 54 130971
 54 131126
 54 138806
 54 138849
 -58 151366
 -58 151366
 -58 151366
 -58 151406
 54 151406
 54 151406
 54 162358
 54 162397
 -61 173632
 -61 173635
 -61 196343
 -61 196343
 -265 184823
 -265 184823
 -265 196343
 -265 196343
 -140 194932
 -140 194849
 -140 194932
 -140 196468
 69 196468
 69 194932
 69 196682
 69 196805
 202 203945
 202 203973
 202 212745
 202 212810
 -75 221339
 -75 221365
 -75 229301
 -75 229915
 -101 229915
 -101 229915
 -101 229915
 -101 229988
 212 229988
 212 229915
 212 229490
 212 229490
 114 238932
 114 238941
 114 248178
 114 248180
 -292 257091
 -292 257116
 -292 261724
 -292 266045
 -67 265996
 -67 265996
 -67 265996
 -67 266045
 223 266045
 223 265996
 223 262249
 223 262249
 105 274522
 105 274522
 105 274522
 105 288073
 15 288105
 15 294927
 15 313871
 15 313894
 -99 357533
 -99 357567
 -99 360349
 -99 406830
 -82 406825
 -82 406825
 -82 406830
 -82 425774
 13 425774
 13 406830
 13 425997
 13 453389
 100 453398
 100 453398
 100 458980
 100 489956
 197 489962
 197 489962
 197 491717
 197 491810
 290 511429
 290 511429
 290 491923
 290 491923
 275 519315
 275 519410
 275 519410
 275 519315
 -116 519315
 -116 519410
 -116 524107
 -116 524107
 -53 509589
 -53 509580
 -53 493655
 -53 493643
 49 476209
 49 476168
 49 458801
 49 458577
 81 458577
 81 458564
 81 426382
 81 426382
 270 440206
 270 440206
 270 426382
 270 410393
 153 410472
 153 410393
 153 393241
 153 362216
 104 362216
 104 362183
 104 360680
 104 310174
 30 310223
 30 310223
 30 310174
 30 295070
 -100 295070
 -100 310174
 -100 262044
 -100 259228
 -208 259200
 -208 229168
 -208 206713
 -208 206640
 114 159615
 114 159602
 114 131186
 114 123625
 105 123625
 105 123625
 105 123625
 105 123553
 -16 123553
 -16 123625
 -16 130928
 -16 130928
 -33 110815
 -33 110782
 -33 110782
 -33 110815
 62 110815
 62 110815
 62 124461
 62 124478
 -311 138441
 -311 138442
 -311 163529
 -311 163529
 -139 151029
 -139 150968
 -139 150968
 -139 151029
 88 151029
 88 150968
 88 150968
 88 161931
 111 162008
 111 162008
 111 163951
 111 163992
 152 173403
 152 173403
 152 164056
 152 164056
 216 184978
 216 184978
 216 184978
 216 194985
 16 195032
 16 196624
 16 204048
 16 204100
 -59 212926
 -59 212933
 -59 229183
 -59 229183
 -65 221541
 -65 221503
 -65 221541
 -65 229183
 205 229183
 205 221541
 205 229453
 205 229619
 115 230175
 115 230175
 115 229619
 115 229619
 33 239302
 33 239302
 33 229619
 33 229619
 243 248225
 243 248252
 243 257224
 243 257267
 -16 265686
 -16 265686
 -16 265686
 -16 265712
 171 265712
 171 265712
 171 273963
 171 274025
 -35 287325
 -35 287338
 -35 294749
 -35 311582
 -98 311582
 -98 311582
 -98 311655
 -98 327454
 83 327454
 83 311655
 83 327891
 83 353703
 18 353747
 18 353747
 18 393234
 18 402962
 37 403019
 37 403019
 37 426021
 37 450073
 15 450085
 15 458895
 15 487823
 15 487915
 -150 510595
 -150 510698
 -150 524051
 -150 524051
 -109 520211
 -109 520211
 -109 524051
 -109 524051
 -96 520211
 -96 520211
 -96 524064
 -96 524064
 -37 520037
 -37 519968
 -37 510834
 -37 510811
 124 495356
 124 495322
 124 491772
 124 477627
 59 477627
 59 477595
 59 458939
 59 458939
 57 460075
 57 460089
 57 460075
 57 458809
 -54 458809
 -54 460075
 -54 458570
 -54 442186
 -279 442182
 -279 442182
 -279 425705
 -279 413417
 -223 413378
 -223 413378
 -223 392993
 -223 366171
 -142 366113
 -142 327538
 -142 314738
 -142 314630
 36 263280
 36 263280
 36 263204
 36 262180
 -11 262180
 -11 229365
 -11 211189
 -11 211137
 8 163288
 8 163288
 8 163208
 8 131208
 -90 131208
 -90 163208
 -90 130854
 -90 130837
 -235 126311
 -235 126311
 -235 130837
 -235 130837
 -69 110524
 -69 110523
 -69 110523
 -69 110524
 160 110524
 160 110523
 160 110524
 160 123808
 191 123845
 191 123845
 191 131263
 191 131511
 311 138175
 311 138175
 311 131511
 311 131511
 138 150711
 138 150711
 138 150749
 138 161673
 69 161674
 69 161674
 69 163907
 69 163909
 67 172850
 67 172869
 67 184335
 67 184387
 -12 194412
 -12 194420
 -12 196468
 -12 203629
 -19 203589
 -19 203629
 -19 229229
 -19 229229
 -22 212714
 -22 212676
 -22 212676
 -22 212714
 11 212714
 11 212714
 11 221067
 11 221129
 -37 229523
 -37 229595
 -37 262018
 -37 262018
 -254 238833
 -254 238833
 -254 261983
 -254 261983
 -161 247903
 -161 247903
 -161 261982
 -161 261982
 -34 256862
 -34 256770
 -34 256862
 -34 261982
 62 261982
 62 256862
 62 262206
 62 262309
 37 265489
 37 265534
 37 273829
 37 273832
 -23 286402
 -23 286402
 -23 286441
 -23 294889
 101 294889
 101 295141
 101 309671
 101 309733
 -35 350685
 -35 350719
 -35 360413
 -35 400028
 -100 400028
 -100 400028
 -100 400056
 -100 425884
 210 425884
 210 400056
 210 426194
 210 447408
 211 447442
 211 447442
 211 458835
 211 485715
 240 485731
 240 485731
 240 491712
 240 491760
 192 509338
 192 509424
 192 519847
 192 519872
 -20 520387
 -20 520428
 -20 524268
 -20 524268
 -14 520428
 -14 520387
 -14 511730
 -14 511670
 106 496501
 106 496501
 106 496490
 106 491626
 -8 491626
 -8 496490
 -8 491456
 -8 491384
 -192 479352
 -192 479352
 -192 479286
 -192 461760
 -66 461698
 -66 458686
 -66 443838
 -66 443787
 68 416466
 68 416452
 68 393412
 68 370463
 159 370548
 159 370548
 159 370463
 159 360479
 -25 360479
 -25 370463
 -25 327655
 -25 318951
 -1 318951
 -1 318951
 -1 294783
 -1 267903
 -306 267843
 -306 267843
 -306 229070
 -306 215502
 -114 215469
 -114 196494
 -114 167333
 -114 167310
 13 129326
 13 129293
 13 98497
 13 98497
 193 108225
 193 108225
 193 98603
 193 98603
 299 108225
 299 108246
 299 110123
 299 110163
 -10 123353
 -10 123353
 -10 123382
 -10 131062
 50 131062
 50 123382
 50 131185
 50 131250
 113 137650
 113 137707
 113 150337
 113 150385
 -54 161339
 -54 161354
 -54 163658
 -54 172040
 -120 172040
 -120 172122
 -120 196360
 -120 196360
 -145 183407
 -145 183370
 -145 183370
 -145 183407
 22 183407
 22 183370
 22 183370
 22 193558
 225 193614
 225 196705
 225 202535
 225 202593
 -91 211335
 -91 211335
 -91 211335
 -91 211365
 81 211365
 81 211365
 81 219811
 81 219857
 -49 228405
 -49 228405
 -49 228431
 -49 229199
 33 229199
 33 228431
 33 229409
 33 229764
 260 237571
 260 237571
 260 229764
 260 229764
 334 246660
 334 246660
 334 246663
 334 256040
 208 256078
 208 262352
 208 264900
 208 264912
 -110 273042
 -110 273080
 -110 294802
 -110 294802
 -131 285181
 -131 285141
 -131 285181
 -131 294909
 142 294909
 142 285181
 142 294926
 142 307214
 55 307243
 55 307243
 55 327863
 55 346807
 245 346856
 245 346856
 245 393333
 245 395599
 232 395637
 232 395637
 232 426088
 232 442947
 103 442984
 103 442984
 103 458983
 103 482535
 72 482544
 72 482544
 72 491533
 72 491592
 13 507658
 13 507658
 13 491552
 13 491552
 32 518669
 32 518744
 32 519958
 32 519958
 -58 519958
 -58 519968
 -58 524037
 -58 524037
 -123 512198
 -123 512131
 -123 497178
 -123 497157
 123 479995
 123 479898
 123 459003
 123 459003
 26 462362
 26 462383
 26 462362
 26 458778
 -119 458778
 -119 462362
 -119 458505
 -119 444777
 -133 444681
 -133 444681
 -133 425979
 -133 418811
 -98 418698
 -98 392990
 -98 373849
 -98 373790
 6 322720
 6 322694
 6 295046
 6 271766
 150 271860
 150 271766
 150 262294
 150 219773
 125 219773
 125 219683
 125 196733
 125 170498
 2 170547
 2 170498
 2 163842
 2 131695
 111 131695
 111 131679
 111 131183
 111 109206
 150 109283
 150 109206
 150 98454
 150 98454
 6 109206
 6 109283
 6 109446
 6 109532
 -21 121995
 -21 121995
 -21 122091
 -21 131051
 127 131051
 127 122091
 127 131142
 127 131327
 70 136128
 70 136128
 70 131142
 70 131142
 197 149062
 197 149062
 197 149112
 197 160325
 188 160366
 188 160366
 188 163900
 188 164040
 72 171014
 72 171014
 72 164040
 72 164040
 113 182160
 113 182160
 113 182160
 113 192567
 89 192625
 89 192625
 89 196697
 89 196703
 95 201787
 95 201787
 95 197038
 95 197038
 302 210515
 302 210515
 302 197038
 302 197038
 253 219054
 253 219054
 253 219074
 253 227544
 184 227581
 184 227581
 184 229432
 184 229624
 120 236302
 120 236344
 120 245651
 120 245752
 -10 254878
 -10 254878
 -10 254966
 -10 262134
 203 262134
 203 254966
 203 262161
 203 262219
 145 263755
 145 263755
 145 262161
 145 262161
 145 272401
 145 272401
 145 272425
 145 283921
 151 284008
 151 284008
 151 294935
 151 304919
 65 304959
 65 304959
 65 327873
 65 343185
 28 343233
 28 360604
 28 391580
 28 391669
 -89 439430
 -89 439463
 -89 458663
 -89 479790
 -82 479767
 -82 479767
 -82 479790
 -82 491310
 151 491310
 151 479790
 151 491543
 151 491640
 120 505869
 120 505869
 120 491640
 120 491640
 108 517920
 108 517920
 108 491628
 108 491628
 74 512557
 74 512557
 74 491594
 74 491594
 183 497975
 183 497975
 183 491575
 183 481076
 180 481076
 180 481076
 180 481076
 180 481074
 -24 481074
 -24 481076
 -24 481074
 -24 463724
 -56 463720
 -56 463720
 -56 458696
 -56 446152
 -126 446123
 -126 446123
 -126 425858
 -126 421292
 -18 421250
 -18 421250
 -18 393070
 -18 377966
 -45 377890
 -45 377890
 -45 327635
 -45 326611
 -85 326542
 -85 326542
 -85 294699
 -85 275791
 -90 275755
 -90 275755
 -90 229286
 -90 223918
 -173 223910
 -173 223910
 -173 196563
 -173 174335
 -172 174291
 -172 174291
 -172 163668
 -172 134522
 -91 134484
 -91 134484
 -91 130981
 -91 130842
 -230 110298
 -230 110245
 -230 109177
 -230 109177
 39 109177
 39 109082
 39 109177
 39 120999
 201 121002
 201 131273
 201 135339
 201 135369
 -26 148198
 -26 148198
 -26 148198
 -26 148219
 71 148219
 71 148219
 71 159405
 71 159431
 -36 170332
 -36 170332
 -36 170332
 -36 170363
 136 170363
 136 170332
 136 163893
 136 163893
 181 181512
 181 181512
 181 181549
 181 192005
 197 192053
 197 192053
 197 196654
 197 196677
 46 201270
 46 201270
 46 196654
 46 196654
 3 210211
 3 210222
 3 218627
 3 218658
 -73 227112
 -73 227112
 -73 227127
 -73 229175
 142 229175
 142 229390
 142 236046
 142 236146
 -106 245249
 -106 245270
 -106 261910
 -106 261910
 -103 254659
 -103 254617
 -103 254659
 -103 262041
 144 262041
 144 254659
 144 262227
 144 262288
 83 263568
 83 263568
 83 262285
 83 262285
 141 271955
 141 271995
 141 283021
 141 283052
 -24 302993
 -24 303080
 -24 327656
 -24 340147
 -77 340147
 -77 340184
 -77 360371
 -77 388644
 -92 388644
 -92 388644
 -92 388669
 -92 392996
 40 392996
 40 388669
 40 426024
 40 436520
 152 436570
 152 436570
 152 458776
 152 477464
 40 477559
 40 491560
 40 504616
 40 504662
 -4 517810
 -4 517884
 -4 524108
 -4 524108
 -52 520527
 -52 520527
 -52 524108
 -52 524108
 -139 520527
 -139 520527
 -139 524086
 -139 524086
 -74 513909
 -74 513883
 -74 499807
 -74 499766
 23 482839
 23 482835
 23 458890
 23 458890
 138 465290
 138 465290
 138 458890
 138 447809
 321 447867
 321 447809
 321 426305
 321 424499
 51 424562
 51 424562
 51 424499
 51 393267
 -259 393267
 -259 424499
 -259 392957
 -259 382717
 -283 382657
 -283 382657
 -283 360165
 -283 330981
 -184 330920
 -184 330920
 -184 294728
 -184 279648
 -186 279624
 -186 279624
 -186 229318
 -186 227782
 -13 227774
 -13 196467
 -13 177779
 -13 177762
 35 137254
 35 137251
 35 131107
 35 111840
 224 111840
 224 111840
 224 111840
 224 111780
 -147 111780
 -147 111840
 -147 130912
 -147 130912
 -160 120160
 -160 120160
 -160 130912
 -160 134301
 -227 134301
 -227 134326
 -227 163692
 -227 163692
 -148 147564
 -148 147564
 -148 163672
 -148 163672
 -40 158808
 -40 158746
 -40 158808
 -40 163672
 8 163672
 8 158808
 8 163976
 8 163978
 138 169608
 138 169608
 138 163978
 138 163978
 178 180618
 178 180727
 178 190983
 178 191026
 -117 200331
 -117 200369
 -117 229220
 -117 229220
 -28 209252
 -28 209181
 -28 209181
 -28 209252
 61 209252
 61 209181
 61 196871
 61 196871
 263 217789
 263 217789
 263 217834
 263 226311
 264 226329
 264 229768
 264 235144
 264 235249
 -63 244872
 -63 244872
 -63 244872
 -63 244929
 114 244929
 114 244929
 114 253703
 114 253810
 -110 262546
 -110 262579
 -110 294802
 -110 294802
 -61 270531
 -61 270530
 -61 270530
 -61 270531
 35 270531
 35 270530
 35 270530
 35 281251
 91 281308
 91 281308
 91 295131
 91 300696
 203 300763
 203 300763
 203 327883
 203 336539
 225 336587
 225 336587
 225 360545
 225 384609
 36 384632
 36 426148
 36 432804
 36 432821
 -88 474792
 -88 474824
 -88 491432
 -88 503001
 -167 502971
 -167 502971
 -167 502971
 -167 503001
 55 503001
 55 503001
 55 516919
 55 516989
 -27 520514
 -27 520514
 -27 520514
 -27 520514
 226 514676
 226 514658
 226 491619
 226 491619
 99 500805
 99 500835
 99 500805
 99 491619
 -71 491619
 -71 500805
 -71 491449
 -71 491300
 -92 484329
 -92 484329
 -92 484329
 -92 467062
 -100 466980
 -100 466980
 -100 458594
 -100 458524
 -158 449633
 -158 449564
 -158 427106
 -158 427028
 66 385917
 66 385917
 66 385858
 66 360514
 -209 360514
 -209 385858
 -209 360367
 -209 334512
 -292 334511
 -292 294492
 -292 283519
 -292 283484
 14 231750
 14 231750
 14 231694
 14 229390
 -190 229390
 -190 196546
 -190 181200
 -190 181186
 86 139734
 86 139685
 86 131286
 86 112400
 16 112428
 16 112400
 16 98432
 16 98432
 128 107648
 128 107648
 128 98496
 128 98496
 64 107648
 64 107711
 64 118976
 64 118980
 -123 132997
 -123 133113
 -123 163717
 -123 163717
 -17 146159
 -17 146159
 -17 163823
 -17 163823
 -1 157695
 -1 157695
 -1 163839
 -1 168548
 -28 168483
 -28 168548
 -28 196394
 -28 196394
 -86 180010
 -86 180010
 -86 196394
 -86 196394
 -23 190569
 -23 190566
 -23 190569
 -23 196457
 172 196457
 172 190569
 172 196780
 172 196891
 283 199852
 283 199852
 283 196891
 283 196891
 51 208667
 51 208667
 51 196791
 51 196791
 55 217523
 55 217559
 55 226177
 55 226231
 -81 234927
 -81 234927
 -81 234927
 -81 234991
 181 234991
 181 234927
 181 229581
 181 229581
 77 244021
 77 244021
 77 229581
 77 229581
 6 253133
 6 253133
 6 253171
 6 262022
 132 262029
 132 262029
 132 262148
 132 262318
 46 270084
 46 270084
 46 270141
 46 280238
 19 280312
 19 280312
 19 294931
 19 298515
 29 298575
 29 327709
 29 332829
 29 332900
 -99 380829
 -99 380829
 -99 380924
 -99 393117
 100 393117
 100 380924
 100 426212
 100 429791
 70 429796
 70 429796
 70 458950
 70 472498
 103 472518
 103 472518
 103 491751
 103 491786
 266 501914
 266 501991
 266 516870
 266 516874
 -61 521283
 -61 521289
 -61 524099
 -61 524099
 -167 521289
 -167 521289
 -167 524121
 -167 524121
 -28 516185
 -28 516152
 -28 503032
 -28 503012
 164 486356
 164 486308
 164 458916
 164 458916
 251 468835
 251 468835
 251 458875
 251 451384
 56 451384
 56 451340
 56 426194
 56 426194
 82 429778
 82 429794
 82 429778
 82 426194
 -26 426194
 -26 429778
 -26 393062
 -26 390502
 -239 390437
 -239 390437
 -239 360209
 -239 339055
 -88 338961
 -88 338961
 -88 294824
 -88 287656
 -59 287654
 -59 262085
 -59 235973
 -59 235916
 49 185009
 49 184981
 49 164017
 49 142423
 87 142423
 87 142385
 87 131159
 87 113799
 7 113918
 7 113799
 7 98439
 7 98439
 146 107538
 146 107538
 146 98450
 146 98450
 146 107538
 146 107627
 146 117906
 146 118012
 -147 132374
 -147 132374
 -147 132374
 -147 132461
 5 132461
 5 132461
 5 145541
 5 145574
 -80 156976
 -80 156981
 -80 163632
 -80 167554
 -126 167554
 -126 167575
 -126 196417
 -126 196417
 -63 178801
 -63 178801
 -63 196417
 -63 196417
 -144 189424
 -144 189365
 -144 189424
 -144 196592
 99 196592
 99 189424
 99 196624
 99 196835
 16 198843
 16 198843
 16 196624
 16 196624
 128 207888
 128 207888
 128 196741
 128 196741
 133 216576
 133 216576
 133 216652
 133 224901
 91 225019
 91 225019
 91 229467
 91 229575
 71 233756
 71 233819
 71 243073
 71 243143
 -179 252365
 -179 252370
 -179 262093
 -179 262093
 -148 261359
 -148 261359
 -148 262124
 -148 269676
 -276 269613
 -276 269676
 -276 294508
 -276 294508
 -89 279678
 -89 279591
 -89 279678
 -89 294695
 211 294695
 211 279678
 211 295123
 211 296915
 302 296925
 302 296925
 302 328110
 302 329902
 360 329948
 360 329948
 360 360936
 360 377551
 387 377576
 387 377576
 387 426243
 387 426499
 141 426562
 141 426562
 141 458893
 141 470157
 178 470200
 178 491570
 178 500786
 178 500838
 -168 516524
 -168 516568
 -168 524080
 -168 524080
 -80 521520
 -80 521504
 -80 521504
 -80 521504
 116 517236
 116 517159
 116 491636
 116 491636
 213 504405
 213 504405
 213 491605
 213 487818
 138 487929
 138 487818
 138 458908
 138 458908
 28 470684
 28 470692
 28 470684
 28 458908
 -129 458908
 -129 470684
 -129 458623
 -129 458622
 -2 453503
 -2 453420
 -2 432510
 -2 432477
 139 394782
 139 394782
 139 394763
 139 393227
 -145 393227
 -145 394763
 -145 360303
 -145 343919
 -51 343818
 -51 343818
 -51 294733
 -51 292429
 -140 292406
 -140 292406
 -140 262004
 -140 240500
 -18 240475
 -18 240475
 -18 196462
 -18 189294
 -158 189259
 -158 189259
 -158 163682
 -158 145762
 -36 145703
 -36 130908
 -36 115574
 -36 115548
 89 107740
 89 107737
 89 98521
 89 98521
 58 107737
 58 107737
 58 107740
 58 117433
 185 117434
 185 117434
 185 131231
 185 131257
 159 131463
 159 131513
 159 144287
 159 144357
 -80 155824
 -80 155824
 -80 155890
 -80 163760
 86 163760
 86 163926
 86 166742
 86 166750
 -41 178353
 -41 178391
 -41 196517
 -41 196517
 -91 188916
 -91 188916
 -91 196517
 -91 198185
 -215 198185
 -215 198195
 -215 229161
 -215 229161
 -96 207346
 -96 207346
 -96 229280
 -96 229280
 -61 216003
 -61 216003
 -61 229314
 -61 229314
 -62 224450
 -62 224415
 -62 224450
 -62 229314
 123 229314
 123 224450
 123 229566
 123 229627
 62 233367
 62 233467
 62 242846
 62 242878
 -177 252111
 -177 252130
 -177 262065
 -177 262065
 -79 261063
 -79 261041
 -79 261063
 -79 262065
 66 262065
 66 261063
 66 262210
 66 262249
 105 269368
 105 269378
 105 278805
 105 278889
 -7 295616
 -7 295673
 -7 327327
 -7 327583
 -353 327556
 -353 327327
 -353 327556
 -353 327583
 177 327583
 177 327583
 177 360497
 177 374833
 137 374877
 137 374877
 137 393353
 137 423817
 216 423842
 216 423842
 216 458968
 216 468133
 201 468184
 201 468184
 201 491686
 201 491721
 166 499401
 166 499401
 166 491686
 166 491686
 169 516006
 169 516006
 169 491663
 169 491663
 15 517775
 15 517807
 15 517807
 15 517775
 -50 517775
 -50 517775
 -50 505166
 -50 505094
 197 488517
 197 488459
 197 458895
 197 458895
 15 471183
 15 471183
 15 458895
 15 454044
 156 454048
 156 454044
 156 426140
 156 426140
 132 433796
 132 433796
 132 426116
 132 397527
 87 397527
 87 397499
 87 393431
 87 346771
 147 346821
 147 346821
 147 346771
 147 327827
 -245 327827
 -245 346771
 -245 327435
 -245 295463
 -184 295435
 -184 261960
 -184 243528
 -184 243472
 15 191871
 15 191871
 15 191759
 15 163855
 -171 163855
 -171 191759
 -171 163669
 -171 147797
 -6 147754
 -6 131066
 -6 116730
 -6 116673
 156 107292
 156 107292
 156 107292
 156 107292
 -81 116143
 -81 116186
 -81 130876
 -81 130876
 -68 130174
 -68 130174
 -68 130876
 -68 143807
 -65 143802
 -65 143807
 -65 163625
 -65 163625
 -215 155443
 -215 155443
 -215 163625
 -215 166384
 -144 166384
 -144 166384
 -144 166384
 -144 166388
 181 166388
 181 166384
 181 164021
 181 164021
 133 177589
 133 177589
 133 177625
 133 188165
 5 188188
 5 188188
 5 196741
 5 196798
 62 197509
 62 197624
 62 206504
 62 206526
 -38 215384
 -38 215384
 -38 215384
 -38 215386
 47 215386
 47 215384
 47 215384
 47 223648
 73 223663
 73 223663
 73 229562
 73 229577
 58 232137
 58 232137
 58 229562
 58 229562
 171 241594
 171 241612
 171 251155
 171 251179
 -52 260290
 -52 260300
 -52 262092
 -52 268994
 -190 268957
 -190 268994
 -190 294850
 -190 294850
 -32 278270
 -32 278270
 -32 294844
 -32 294844
 -68 294332
 -68 294332
 -68 294844
 -68 324899
 -93 324893
 -93 324893
 -93 324899
 -93 327459
 281 327459
 281 324899
 281 360729
 281 371481
 204 371481
 204 371481
 204 393292
 204 420410
 115 420428
 115 420428
 115 458995
 115 464786
 170 464883
 170 464883
 170 491562
 170 491648
 0 497194
 0 497194
 0 491744
 0 491744
 96 514944
 96 514944
 96 491744
 96 491744
 11 518539
 11 518539
 11 491659
 11 491659
 15 506383
 15 506383
 15 491535
 15 490193
 209 490202
 209 490193
 209 458961
 209 458961
 159 472607
 159 472672
 159 472607
 159 458783
 -21 458783
 -21 472607
 -21 458731
 -21 458313
 -311 455403
 -311 455403
 -311 455309
 -311 435785
 -282 435762
 -282 435762
 -282 425574
 -282 402022
 -68 401966
 -68 401966
 -68 360252
 -68 355668
 -126 355644
 -126 355644
 -126 327554
 -126 315360
 -126 327554
 -126 315266
 -126 315360
 -5 8355707
 -5 294779
 -5 275835
 -5 275831
