 -55 -32932
 -36 -52900
 -36 -52900
 -36 -33233
 -36 -33233
 -337 -35227
 -337 -35227
 -337 -33233
 -337 -33233
 -306 -17970
 -306 -17940
 -306 -310
 -306 -310
 -310 -2358
 -310 -2358
 -310 -310
 -310 -310
 -8 14289
 -8 14328
 -8 32723
 -8 32723
 -173 31462
 -173 31462
 -173 32723
 -173 49814
 -106 49814
 -106 49881
 -106 65430
 -106 71394
 -30 71368
 -30 71368
 -30 71368
 -30 71394
 105 71394
 105 71394
 105 95006
 105 95081
 -100 119823
 -100 119836
 -100 130844
 -100 145785
 -7 145731
 -7 145785
 -7 163705
 -7 171364
 -28 171325
 -28 171325
 -28 171364
 -28 196452
 16 196452
 16 171364
 16 196624
 16 200720
 253 200747
 253 200747
 253 229501
 253 258114
 54 258173
 54 258173
 54 360630
 54 368052
 14 368054
 14 368054
 14 491534
 14 516366
 22 516429
 22 516429
 22 655510
 22 669581
 307 669590
 307 669590
 307 819635
 307 823987
 182 824000
 182 824000
 182 917558
 182 947254
 71 947306
 71 1015879
 71 1020487
 71 1020528
 -89 1066784
 -89 1066791
 -89 1081127
 -89 1098395
 -229 1098395
 -229 1098436
 -229 1113931
 -229 1113931
 -181 1100107
 -181 1100107
 -181 1100107
 -181 1100107
 -196 1100088
 -196 1100088
 -196 1081276
 -196 1081086
 -386 1079740
 -386 1079740
 -386 1079691
 -386 1052414
 -348 1052320
 -348 1052320
 -348 1048100
 -348 1023029
 -189 1023012
 -189 1023012
 -189 982851
 -189 979310
 -363 979267
 -363 979267
 -363 884245
 -363 880706
 -484 880661
 -484 880661
 -484 753308
 -484 736954
 -389 736924
 -389 736924
 -389 589563
 -389 587771
 -427 587678
 -427 587678
 -427 425557
 -427 413781
 -566 413772
 -566 413772
 -566 228810
 -566 226276
 -294 226250
 -294 65498
 -294 65481
 -294 65242
 -562 -33458
 -562 -33458
 -562 -33458
 -562 -59826
 -197 -59840
 -197 -59840
 -197 -98306
 -197 -98501
 -130 -114178
 -130 -114181
 -130 -114178
 -130 -98306
 70 -98306
 70 -98234
 70 -96698
 70 -96674
 -135 -80633
 -135 -80519
 -135 -65671
 -135 -65671
 -122 -68161
 -122 -68161
 -122 -65658
 -122 -55760
 -80 -55760
 -80 -55705
 -80 -32976
 -80 -32976
 -31 -37663
 -31 -37663
 -31 -32799
 -31 -32799
 -94 -19678
 -94 -19638
 -94 -222
 -94 -222
 -3 -4227
 -3 -4227
 -3 -131
 -3 -131
 -81 12436
 -81 12463
 -81 32572
 -81 32572
 -68 30012
 -68 30012
 -68 32572
 -68 32897
 129 32897
 129 32897
 129 48257
 129 48282
 -129 69328
 -129 69375
 -129 98197
 -129 98197
 -235 91541
 -235 91541
 -235 98197
 -235 115070
 -386 114997
 -386 115070
 -386 130686
 -386 139999
 -161 139999
 -161 139999
 -161 140020
 -161 163807
 107 163807
 107 140020
 107 163947
 107 164085
 245 165441
 245 165483
 245 195060
 245 195061
 -13 251048
 -13 251048
 -13 251123
 -13 262131
 56 262131
 56 251123
 56 327864
 56 356786
 238 356792
 238 356792
 238 491630
 238 502638
 217 502642
 217 502642
 217 655449
 217 655918
 108 655961
 108 655961
 108 786540
 108 812652
 41 812664
 41 917545
 41 940329
 41 940361
 -142 1017274
 -142 1017330
 -142 1048562
 -142 1065282
 -190 1065258
 -190 1065282
 -190 1081154
 -190 1098856
 -152 1098806
 -152 1098856
 -152 1113729
 -152 1113729
 -383 1102301
 -383 1102301
 -383 1113729
 -383 1113729
 -217 1102301
 -217 1102301
 -217 1102301
 -217 1083047
 -241 1083015
 -241 1081231
 -241 1055921
 -241 1055887
 24 1026617
 24 1026617
 24 1026584
 24 1015832
 -298 1015832
 -298 1026584
 -298 1015382
 -298 984182
 -271 984150
 -271 984150
 -271 917105
 -271 887933
 -376 887921
 -376 887921
 -376 753160
 -376 744812
 -482 744712
 -482 744712
 -482 622238
 -482 595668
 -515 595614
 -515 595614
 -515 425341
 -515 422781
 -567 422765
 -567 422765
 -567 261449
 -567 234825
 -424 234814
 -424 98008
 -424 72948
 -424 72920
 -494 -33134
 -494 -33134
 -494 -33320
 -494 -54863
 -552 -54894
 -552 -54894
 -552 -98501
 -552 -98856
 -197 -117032
 -197 -117032
 -197 -98508
 -197 -98508
 -76 -99276
 -76 -99276
 -76 -98508
 -76 -81830
 -38 -81830
 -38 -81818
 -38 -65702
 -38 -65702
 -26 -68506
 -26 -68506
 -26 -65690
 -26 -56235
 -43 -56306
 -43 -56235
 -43 -32964
 -43 -32964
 -68 -38794
 -68 -38794
 -68 -32964
 -68 -32964
 -74 -20682
 -74 -20682
 -74 -20682
 -74 -20653
 107 -20653
 107 -20653
 107 -4885
 107 -4868
 36 36
 36 36
 36 12068
 36 12151
 -29 29890
 -29 29923
 -29 32739
 -29 48185
 -199 48184
 -199 48185
 -199 65337
 -199 68603
 -133 68571
 -133 68603
 -133 98299
 -133 98299
 -131 90621
 -131 90621
 -131 98301
 -131 114005
 -43 114001
 -43 114005
 -43 130901
 -43 138955
 -181 138936
 -181 138955
 -181 163787
 -181 164083
 -13 164044
 -13 164083
 -13 196595
 -13 196595
 -7 192761
 -7 192666
 -7 192761
 -7 196601
 21 196601
 21 192761
 21 229525
 21 246421
 265 246427
 265 246427
 265 328073
 265 348809
 198 348871
 198 348871
 198 491590
 198 494150
 228 494166
 228 494166
 228 622692
 228 647524
 397 647537
 397 647537
 397 786701
 397 804877
 266 804888
 266 804888
 266 917898
 266 934794
 82 934801
 82 983122
 82 1013842
 82 1013877
 -19 1062659
 -19 1062765
 -19 1081197
 -19 1097376
 -224 1097376
 -224 1097408
 -224 1114016
 -224 1114016
 -69 1103089
 -69 1103089
 -69 1114043
 -69 1114043
 -24 1103089
 -24 1103089
 -24 1103089
 -24 1084392
 -264 1084370
 -264 1084370
 -264 1080952
 -264 1057400
 -357 1057356
 -357 1057356
 -357 1048091
 -357 1028123
 -358 1028104
 -358 1028104
 -358 1015322
 -358 987732
 -116 987674
 -116 987674
 -116 917388
 -116 895372
 -263 895368
 -263 895368
 -263 753401
 -263 753145
 -448 753067
 -448 753067
 -448 622272
 -448 604405
 -899 604352
 -899 604352
 -899 457853
 -899 433789
 -656 433759
 -656 433759
 -656 261616
 -656 245744
 -368 245652
 -368 97936
 -368 82064
 -368 82062
 -241 -32881
 -241 -32881
 -241 -33008
 -241 -48241
 -112 -48248
 -112 -48248
 -112 -98540
 -112 -98544
 -236 -115399
 -236 -115399
 -236 -98540
 -236 -98540
 -217 -100697
 -217 -100706
 -217 -100697
 -217 -98393
 71 -98393
 71 -98105
 71 -82508
 71 -82489
 -58 -69104
 -58 -69050
 -58 -65722
 -58 -57090
 -258 -57197
 -258 -57090
 -258 -33026
 -258 -33026
 -71 -39714
 -71 -39751
 -71 -39714
 -71 -32839
 227 -32839
 227 -39714
 227 -32541
 227 -32484
 284 -21064
 284 -21021
 284 -5366
 284 -5348
 -21 11366
 -21 11371
 -21 32619
 -21 32619
 -143 29297
 -143 29297
 -143 32625
 -143 47127
 -105 47127
 -105 47127
 -105 47138
 -105 65303
 13 65303
 13 65677
 13 67213
 13 67300
 -146 89477
 -146 89582
 -146 98286
 -146 112981
 -43 112959
 -43 112981
 -43 130901
 -43 137665
 -191 137657
 -191 137665
 -191 163777
 -191 163777
 -185 162759
 -185 162749
 -185 162759
 -185 163783
 81 163783
 81 162759
 81 163921
 81 190469
 50 190545
 50 190545
 50 229426
 50 241970
 47 241982
 47 241982
 47 327727
 47 341807
 35 341840
 35 341840
 35 458787
 35 485632
 501 485667
 501 485667
 501 623093
 501 638115
 317 638197
 317 638197
 317 786877
 317 795522
 92 795581
 92 917596
 92 928348
 92 928371
 -121 1010055
 -121 1010164
 -121 1015687
 -121 1059772
 -68 1059772
 -68 1059793
 -68 1081276
 -68 1095113
 -55 1095090
 -55 1095090
 -55 1095090
 -55 1095113
 107 1095113
 107 1095113
 107 1102562
 107 1102562
 -109 1102562
 -109 1102571
 -109 1102562
 -109 1085096
 -305 1085075
 -305 1085075
 -305 1081039
 -305 1058255
 -287 1058250
 -287 1058250
 -287 1048161
 -287 1028961
 -178 1028937
 -178 1028937
 -178 1015630
 -178 990030
 -263 989989
 -263 989989
 -263 917113
 -263 902009
 -608 901989
 -608 901989
 -608 785824
 -608 760809
 -518 760736
 -518 760736
 -518 621946
 -518 612474
 -496 612367
 -496 612367
 -496 458256
 -496 443224
 -475 443152
 -475 443152
 -475 261669
 -475 254757
 -639 254748
 -639 97537
 -639 89464
 -639 89345
 -196 -32836
 -196 -32836
 -196 -32953
 -196 -43073
 -185 -43076
 -185 -43076
 -185 -98348
 -185 -98489
 -172 -114361
 -172 -114361
 -172 -98730
 -172 -98730
 -298 -102058
 -298 -102058
 -298 -98730
 -298 -84142
 -46 -84183
 -46 -84142
 -46 -65954
 -46 -65954
 -290 -70562
 -290 -70562
 -290 -65954
 -290 -58441
 -201 -58441
 -201 -58425
 -201 -32986
 -201 -32986
 -218 -41178
 -218 -41178
 -218 -32986
 -218 -32986
 -282 -22810
 -282 -22790
 -282 -430
 -282 -430
 -302 -6830
 -302 -6830
 -302 -430
 -302 -430
 8 136
 8 136
 8 250
 8 250
 122 9352
 122 9418
 122 27296
 122 27386
 -106 45206
 -106 45278
 -106 65430
 -106 65430
 -80 65200
 -80 65200
 -80 65456
 -80 87181
 -243 87181
 -243 87285
 -243 98189
 -243 110643
 -205 110601
 -205 110643
 -205 130867
 -205 135091
 -77 135091
 -77 135113
 -77 163763
 -77 163763
 -170 160243
 -170 160243
 -170 163798
 -170 188018
 -270 187924
 -270 187924
 -270 188018
 -270 196210
 5 196210
 5 188018
 5 229381
 5 237573
 335 237598
 335 237598
 335 328015
 335 333647
 302 333657
 302 333657
 302 459054
 302 475678
 151 475694
 151 622615
 151 628247
 151 628313
 -156 786588
 -156 786588
 -156 786660
 -156 819172
 53 819172
 53 786660
 53 917685
 53 922033
 69 922037
 69 922037
 69 983237
 69 1006246
 118 1006277
 118 1048822
 118 1056746
 118 1056758
 -209 1092143
 -209 1092150
 -209 1113635
 -209 1113635
 -349 1098585
 -349 1098585
 -349 1098585
 -349 1098585
 -125 1098531
 -125 1081091
 -125 1080408
 -125 1080323
 101 1053157
 101 1053157
 101 1053149
 101 1048805
 -154 1048805
 -154 1053149
 -154 1048422
 -154 1023356
 -81 1023334
 -81 1023334
 -81 1015599
 -81 985135
 -400 985108
 -400 985108
 -400 917104
 -400 900720
 -420 900705
 -420 900705
 -420 786012
 -420 762460
 -294 762438
 -294 762438
 -294 622170
 -294 615514
 -490 615480
 -490 615480
 -490 458390
 -490 449983
 -363 449942
 -363 449942
 -363 261879
 -363 261781
 -316 261781
 -316 97988
 -316 93124
 -316 93094
 -222 -32990
 -222 -32990
 -222 -33211
 -222 -41900
 -315 -41950
 -315 -41950
 -315 -98563
 -315 -98747
 -259 -115629
 -259 -115629
 -259 -98699
 -259 -98699
 -267 -107147
 -267 -107147
 -267 -98699
 -267 -90951
 -71 -90994
 -71 -90951
 -71 -65684
 -71 -65684
 -20 -78996
 -20 -78996
 -20 -65684
 -20 -65684
 -114 -68652
 -114 -68652
 -114 -65650
 -114 -53427
 -435 -53427
 -435 -53382
 -435 -33203
 -435 -33203
 -249 -36086
 -249 -36086
 -249 -33017
 -249 -33017
 -103 -21479
 -103 -21479
 -103 -21479
 -103 -21450
 1 -21450
 1 -21450
 1 -6015
 1 -5977
 -267 10729
 -267 10741
 -267 32476
 -267 32476
 -420 27612
 -420 27612
 -420 32476
 -420 46892
 -212 46873
 -212 46873
 -212 46892
 -212 65324
 97 65324
 97 46892
 97 65633
 97 65714
 50 69130
 50 69217
 50 93344
 50 93362
 -269 119375
 -269 119411
 -269 130675
 -269 146660
 -28 146606
 -28 146606
 -28 146660
 -28 163812
 96 163812
 96 146660
 96 163936
 96 174919
 62 174944
 62 196798
 62 222135
 62 222142
 -36 315868
 -36 315868
 -36 315881
 -36 327644
 58 327644
 58 315881
 58 426042
 58 456250
 209 456299
 209 456299
 209 589905
 209 606499
 258 606545
 258 606545
 258 753922
 258 762112
 14 762114
 14 762114
 14 884878
 14 898181
 8 898190
 8 983176
 8 984200
 8 984254
 -91 1035301
 -91 1035301
 -91 1048357
 -91 1071476
 -12 1071449
 -12 1071476
 -12 1081204
 -12 1081978
 -6 1081863
 -6 1081978
 -6 1081978
 -6 1081978
 -188 1081863
 -188 1081863
 -188 1081156
 -188 1065540
 -183 1065493
 -183 1065493
 -183 1048393
 -183 1039945
 -213 1039941
 -213 1015595
 -213 1014114
 -213 1014059
 16 981595
 16 981595
 16 981520
 16 950288
 -53 950288
 -53 981520
 -53 917323
 -53 904575
 -376 904523
 -376 904523
 -376 786056
 -376 770230
 -527 770184
 -527 770184
 -527 654705
 -527 626545
 -394 626477
 -394 626477
 -394 491126
 -394 467318
 -559 467315
 -559 467315
 -559 294353
 -559 287199
 -422 287185
 -422 130650
 -422 124506
 -422 124450
 -385 -257
 -385 -257
 -385 -257
 -385 -11521
 -244 -11555
 -244 -32999
 -244 -65652
 -244 -92453
 -231 -92532
 -231 -92532
 -231 -92453
 -231 -87841
 -161 -87841
 -161 -87840
 -161 -65839
 -161 -65839
 -303 -70191
 -303 -70191
 -303 -65839
 -303 -57609
 -265 -57671
 -265 -57609
 -265 -33033
 -265 -33033
 -223 -47450
 -223 -47450
 -223 -32863
 -223 -32863
 -93 -32349
 -93 -32306
 -93 -296
 -93 -296
 -296 -14632
 -296 -14632
 -296 -296
 -296 -296
 -286 549
 -286 610
 -286 32354
 -286 32354
 -87 16216
 -87 16216
 -87 32553
 -87 33311
 -225 33311
 -225 33321
 -225 65311
 -225 65311
 -110 50668
 -110 50668
 -110 65426
 -110 70134
 -138 70089
 -138 70134
 -138 98225
 -138 98225
 -79 92118
 -79 92081
 -79 92118
 -79 98225
 61 98225
 61 98493
 61 115645
 61 115649
 -101 140187
 -101 140238
 -101 163739
 -101 166517
 -11 166510
 -11 166517
 -11 196400
 -11 196400
 -80 193328
 -80 193328
 -80 196400
 -80 238021
 -59 238021
 -59 238021
 -59 238071
 -59 262085
 221 262085
 221 238071
 221 327901
 221 328119
 123 328157
 123 328157
 123 458875
 123 467067
 157 467071
 157 467071
 157 589853
 157 616733
 84 616825
 84 616825
 84 753876
 84 772774
 36 772820
 36 772820
 36 884900
 36 911010
 27 911012
 27 911012
 27 983067
 27 999707
 118 999720
 118 999720
 118 1048694
 118 1052188
 62 1052278
 62 1081406
 62 1090563
 62 1090622
 -332 1104564
 -332 1104602
 -332 1113780
 -332 1113780
 -97 1104602
 -97 1104564
 -97 1090248
 -97 1090207
 82 1064146
 82 1064146
 82 1064090
 82 1048786
 -45 1048786
 -45 1064090
 -45 1048403
 -45 1034579
 -444 1034513
 -444 1034513
 -444 1015364
 -444 999293
 -622 999236
 -622 999236
 -622 949650
 -622 922329
 -353 922258
 -353 922258
 -353 818847
 -353 787650
 -276 787615
 -276 787615
 -276 654956
 -276 640620
 -331 640530
 -331 640530
 -331 491061
 -331 477782
 -565 477749
 -565 477749
 -565 294219
 -565 289355
 -465 289316
 -465 130735
 -465 116677
 -465 116655
 -313 -441
 -313 -441
 -313 -22916
 -313 -22969
 -43 -32811
 -43 -98347
 -43 -105746
 -43 -105771
 52 -118220
 52 -118220
 52 -118220
 52 -118220
 -3 -103464
 -3 -103427
 -3 -98307
 -3 -86326
 -54 -86345
 -54 -86345
 -54 -86345
 -54 -86326
 12 -86326
 12 -86326
 12 -73204
 12 -73155
 -21 -62229
 -21 -62210
 -21 -32906
 -21 -32906
 -138 -46986
 -138 -46986
 -138 -32906
 -138 -32906
 -138 -28682
 -138 -28676
 -138 -175
 -138 -175
 -175 -11695
 -175 -11695
 -175 -175
 -175 -175
 14 14
 14 14
 14 4622
 14 4721
 -177 22321
 -177 22351
 -177 32591
 -177 39539
 -269 39519
 -269 39539
 -269 65139
 -269 65139
 -245 59387
 -245 59387
 -245 65419
 -245 81326
 -82 81326
 -82 81340
 -82 98222
 -82 105298
 -174 105298
 -174 105298
 -174 105321
 -174 130898
 45 130898
 45 131117
 45 131117
 45 131199
 -210 156974
 -210 156974
 -210 156988
 -210 163630
 26 163630
 26 163866
 26 183066
 26 183091
 -38 226119
 -38 226119
 -38 226138
 -38 229210
 192 229210
 192 226138
 192 294976
 192 313408
 37 313429
 37 313429
 37 426149
 37 450981
 61 451012
 61 451012
 61 590013
 61 601277
 203 601332
 203 601332
 203 753867
 203 757195
 279 757223
 279 757223
 279 885015
 279 898327
 75 898371
 75 983115
 75 990539
 75 990546
 -144 1044176
 -144 1044208
 -144 1048560
 -144 1082612
 -140 1082575
 -140 1082575
 -140 1082575
 -140 1082612
 92 1082612
 92 1082612
 92 1096972
 92 1096972
 -24 1096972
 -24 1097052
 -24 1096972
 -24 1083240
 -226 1083231
 -226 1083231
 -226 1081118
 -226 1058634
 -308 1058590
 -308 1058590
 -308 1048268
 -308 1030604
 -537 1030582
 -537 1030582
 -537 1015271
 -537 996327
 -515 996265
 -515 996265
 -515 949629
 -515 922749
 -423 922677
 -423 922677
 -423 818777
 -423 790105
 -345 790097
 -345 790097
 -345 655015
 -345 643763
 -329 643751
 -329 643751
 -329 491063
 -329 483127
 -391 483102
 -391 483102
 -391 294649
 -391 294649
 -486 294624
 -486 130714
 -486 120992
 -486 120986
 -449 -449
 -449 -449
 -449 -20360
 -449 -20417
 -179 -32947
 -179 -32947
 -179 -98403
 -179 -98483
 -99 -107905
 -99 -107955
 -99 -123491
 -99 -123491
 188 -123491
 188 -123491
 188 -109380
 188 -109349
 -66 -92133
 -66 -92098
 -66 -65730
 -66 -65730
 -151 -78103
 -151 -78103
 -151 -65690
 -151 -65690
 -154 -66970
 -154 -66970
 -154 -65690
 -154 -52049
 -81 -52051
 -81 -52049
 -81 -32849
 -81 -32849
 -57 -33593
 -57 -33655
 -57 -33593
 -57 -32825
 166 -32825
 166 -32602
 166 -17525
 166 -17498
 -293 -1833
 -293 -1829
 -293 -293
 -293 -293
 -321 15551
 -321 15597
 -321 32447
 -321 33260
 -20 33172
 -20 33172
 -20 33172
 -20 33260
 156 33260
 156 33172
 156 33172
 156 52892
 278 52975
 278 65942
 278 75670
 278 75745
 -38 100023
 -38 100058
 -38 130869
 -38 130869
 -75 124725
 -75 124698
 -75 124725
 -75 130869
 116 130869
 116 124725
 116 131316
 116 150434
 256 150516
 256 150516
 256 164224
 256 176512
 196 176549
 196 176549
 196 196804
 196 218013
 37 218052
 37 218052
 37 295077
 37 301730
 313 301733
 313 301733
 313 426425
 313 437689
 262 437722
 262 437722
 262 557446
 262 588166
 345 588264
 345 588264
 345 721241
 345 744009
 223 744025
 223 884959
 223 887258
 223 887263
 -56 982820
 -56 982856
 -56 982856
 -56 1038431
 -161 1038378
 -161 1038431
 -161 1048415
 -161 1077706
 -54 1077706
 -54 1077706
 -54 1077719
 -54 1081290
 0 1081290
 0 1077719
 0 1081344
 0 1081362
 18 1081618
 18 1081707
 18 1081618
 18 1081362
 -118 1081362
 -118 1081098
 -118 1056266
 -118 1056260
 63 1027822
 63 1027775
 63 1015999
 63 994788
 356 994788
 356 994695
 356 983524
 356 925492
 52 925492
 52 925492
 52 925444
 52 917556
 -304 917556
 -304 925444
 -304 818768
 -304 795216
 -240 795161
 -240 795161
 -240 655248
 -240 648080
 -263 648075
 -263 648075
 -263 491129
 -263 488313
 -160 488287
 -160 488287
 -160 327648
 -160 300512
 -414 300486
 -414 130658
 -414 124514
 -414 124440
 -449 -449
 -449 -449
 -449 -18625
 -449 -18651
 -311 -33207
 -311 -33207
 -311 -98412
 -311 -98743
 -236 -109751
 -236 -109751
 -236 -98469
 -236 -98469
 -37 -113317
 -37 -113317
 -37 -98469
 -37 -95994
 -250 -95994
 -250 -95886
 -250 -65786
 -250 -65786
 -247 -82227
 -247 -82227
 -247 -65655
 -247 -65655
 -185 -70705
 -185 -70705
 -185 -65593
 -185 -55735
 -55 -55740
 -55 -55735
 -55 -33069
 -55 -33069
 -301 -37165
 -301 -37165
 -301 -33069
 -301 -33069
 -207 -20943
 -207 -20918
 -207 -225
 -207 -225
 -225 -5037
 -225 -5037
 -225 -225
 -225 -225
 -60 12356
 -60 12356
 -60 12356
 -60 12407
 91 12407
 91 12407
 91 29851
 91 29915
 101 32997
 101 32997
 101 49597
 101 49637
 -20 72044
 -20 72050
 -20 97994
 -20 97994
 -310 95456
 -310 95456
 -310 97994
 -310 120169
 -23 120126
 -23 120169
 -23 130921
 -23 145743
 -49 145743
 -49 145743
 -49 145764
 -49 163663
 79 163663
 79 163919
 79 171059
 79 171087
 -91 211237
 -91 211237
 -91 211324
 -91 229157
 235 229157
 235 211324
 235 262379
 235 292054
 371 292075
 371 292075
 371 393587
 371 425750
 226 425843
 226 557282
 226 576938
 226 576994
 -54 733386
 -54 733417
 -54 753610
 -54 877918
 -34 877872
 -34 877918
 -34 884574
 -34 976096
 -32 976096
 -32 976104
 -32 983008
 -32 1033578
 -22 1033540
 -22 1033578
 -22 1048426
 -22 1074438
 -122 1074438
 -122 1074472
 -122 1081094
 -122 1092765
 -227 1092765
 -227 1092767
 -227 1092767
 -227 1092767
 -232 1092765
 -232 1092765
 -232 1081283
 -232 1081240
 -61 1081074
 -61 1081074
 -61 1081074
 -61 1056195
 -31 1056195
 -31 1056195
 -31 1048417
 -31 1027937
 -255 1027867
 -255 1027867
 -255 1015681
 -255 995205
 -325 995201
 -325 995201
 -325 949819
 -325 929646
 -487 929595
 -487 929595
 -487 818713
 -487 801842
 -268 801817
 -268 801817
 -268 654964
 -268 654964
 -566 654904
 -566 654904
 -566 523722
 -566 496842
 -477 496798
 -477 496798
 -477 327331
 -477 309941
 -300 309923
 -300 163540
 -300 132593
 -300 132564
 -271 -399
 -271 -399
 -271 -12431
 -271 -12439
 -345 -33241
 -345 -33241
 -345 -98425
 -345 -98777
 -121 -107943
 -121 -107943
 -121 -98432
 -121 -98432
 -128 -115218
 -128 -115218
 -128 -98432
 -128 -97068
 -44 -97077
 -44 -97077
 -44 -97077
 -44 -97068
 33 -97068
 33 -97068
 33 -83196
 33 -83167
 -48 -71728
 -48 -71728
 -48 -71699
 -48 -65584
 43 -65584
 43 -65493
 43 -57301
 43 -57218
 -140 -38602
 -140 -38540
 -140 -32908
 -140 -32908
 -3 -22388
 -3 -22275
 -3 -154
 -3 -154
 -154 -6298
 -154 -6298
 -154 -154
 -154 -154
 129 1
 129 1
 129 11009
 129 11129
 -144 28436
 -144 28528
 -144 32624
 -144 47461
 -27 47461
 -27 47461
 -27 47482
 -27 65381
 76 65381
 76 65740
 76 69836
 76 69848
 -52 93078
 -52 93132
 -52 98252
 -52 117842
 -174 117842
 -174 117874
 -174 130898
 -174 143782
 -474 143782
 -474 143783
 -474 163494
 -474 169452
 -20 169360
 -20 169360
 -20 169452
 -20 196588
 141 196588
 141 196621
 141 207629
 141 207641
 -16 285242
 -16 285296
 -16 294768
 -16 416761
 -7 416696
 -7 416696
 -7 416761
 -7 425977
 242 425977
 242 416761
 242 557298
 242 567178
 266 567282
 266 567282
 266 721290
 266 723338
 40 723450
 40 852008
 40 869928
 40 869970
 -289 971423
 -289 971487
 -289 982751
 -289 1030421
 -107 1030421
 -107 1030421
 -107 1030438
 -107 1048341
 80 1048341
 80 1048784
 80 1071798
 80 1071824
 -52 1091916
 -52 1091916
 -52 1091916
 -52 1091916
 66 1081154
 66 1081147
 66 1048642
 66 1048642
 34 1056546
 34 1056602
 34 1056546
 34 1048610
 -136 1048610
 -136 1056546
 -136 1048440
 -136 1028216
 -255 1028190
 -255 1028190
 -255 1015553
 -255 995389
 -379 995329
 -379 995329
 -379 949893
 -379 932819
 -331 932741
 -331 932741
 -331 818869
 -331 808380
 -327 808373
 -327 808373
 -327 687673
 -327 661561
 -586 661507
 -586 661507
 -586 523574
 -586 504896
 -503 504886
 -503 504886
 -503 327177
 -503 318564
 -373 318473
 -373 163467
 -373 139505
 -373 139403
 -395 -267
 -395 -267
 -395 -7435
 -395 -7518
 -380 -33148
 -380 -33148
 -380 -98507
 -380 -98684
 -203 -106842
 -203 -106842
 -203 -98709
 -203 -98709
 -277 -118165
 -277 -118165
 -277 -98709
 -277 -98709
 -282 -100634
 -282 -100634
 -282 -98586
 -282 -86441
 -425 -86494
 -425 -86441
 -425 -65961
 -425 -65961
 -207 -75215
 -207 -75215
 -207 -65743
 -207 -60861
 -61 -60904
 -61 -60861
 -61 -32957
 -61 -32957
 -59 -42380
 -59 -42380
 -59 -32955
 -59 -32955
 -114 -25970
 -114 -25897
 -114 -114
 -114 -114
 -99 -9996
 -99 -9996
 -99 -99
 -99 -99
 -68 7228
 -68 7292
 -68 32572
 -68 32572
 -182 24445
 -182 24445
 -182 32586
 -182 43307
 -85 43307
 -85 43324
 -85 65323
 -85 65323
 -170 65238
 -170 65238
 -170 65494
 -170 89104
 -368 89104
 -368 89126
 -368 97808
 -368 113864
 -312 113847
 -312 113864
 -312 130760
 -312 139585
 -63 139585
 -63 139602
 -63 163649
 -63 165370
 -6 165329
 -6 165329
 -6 165370
 -6 196602
 20 196602
 20 196756
 20 202644
 20 202662
 -97 277535
 -97 277535
 -97 277588
 -97 294687
 336 294687
 336 277588
 336 393680
 336 406429
 182 406480
 182 406480
 182 524342
 182 555830
 317 555898
 317 555898
 317 688445
 317 709949
 115 709991
 115 852211
 115 858056
 115 858099
 -108 962324
 -108 962324
 -108 962363
 -108 982804
 37 982804
 37 1015845
 37 1022757
 37 1022839
 -88 1064461
 -88 1064461
 -88 1064488
 -88 1081128
 5 1081128
 5 1081477
 5 1081477
 5 1081477
 -124 1081477
 -124 1086341
 -124 1081220
 -124 1081192
 -152 1077134
 -152 1077134
 -152 1077134
 -152 1053032
 -273 1052967
 -273 1052967
 -273 1048303
 -273 1024751
 -341 1024713
 -341 1024713
 -341 1015467
 -341 993011
 -215 992939
 -215 992939
 -215 950057
 -215 932662
 -378 932649
 -378 932649
 -378 818694
 -378 810361
 -407 810246
 -407 810246
 -407 687721
 -407 664937
 -498 664909
 -498 664909
 -498 523918
 -498 511468
 -640 511374
 -640 511374
 -640 327424
 -640 327424
 -517 326912
 -517 163323
 -517 146427
 -517 146311
 -436 -308
 -436 -308
 -436 -2868
 -436 -2912
 -132 -32772
 -132 -32772
 -132 -98308
 -132 -106244
 -41 -106305
 -41 -106305
 -41 -106305
 -41 -123728
 -208 -123728
 -208 -123666
 -208 -98634
 -208 -98634
 -330 -106046
 -330 -106046
 -330 -98634
 -330 -91728
 -80 -91728
 -80 -91728
 -80 -91728
 -80 -91707
 201 -91707
 201 -91707
 201 -80183
 201 -80162
 -138 -66206
 -138 -66186
 -138 -65674
 -138 -47882
 -138 -47927
 -138 -47882
 -138 -32778
 -138 -32778
 -9 -31625
 -9 -31622
 -9 -137
 -9 -137
 -5 -16389
 -5 -16389
 -5 -5
 -5 -5
 -117 651
 -117 740
 -117 32651
 -117 32651
 -34 17886
 -34 17886
 -34 32734
 -34 36781
 -211 36781
 -211 36836
 -211 65282
 -211 65282
 -254 58720
 -254 58626
 -254 58720
 -254 65282
 67 65282
 67 65603
 67 82456
 67 82499
 -118 107914
 -118 107961
 -118 130954
 -118 134543
 -241 134533
 -241 134543
 -241 163698
 -241 163698
 -142 160114
 -142 160114
 -142 163698
 -142 195692
 -20 195662
 -20 195662
 -20 195692
 -20 196460
 150 196460
 150 195692
 150 262294
 150 267670
 196 267686
 196 267686
 196 393412
 196 393412
 96 393422
 96 393422
 96 524512
 96 541826
 292 541920
 292 541920
 292 688548
 292 695972
 190 696016
 190 696016
 190 819390
 190 845493
 195 845502
 195 845502
 195 950339
 195 953623
 100 953667
 100 1016036
 100 1016775
 100 1016804
 -87 1059456
 -87 1059497
 -87 1081257
 -87 1082819
 -61 1082819
 -61 1082862
 -61 1082862
 -61 1082862
 -186 1082819
 -186 1082819
 -186 1081286
 -186 1081169
 -175 1074900
 -175 1074900
 -175 1074900
 -175 1051217
 -504 1051173
 -504 1051173
 -504 1048072
 -504 1022503
 -393 1022472
 -393 1022472
 -393 1015543
 -393 991223
 -359 991212
 -359 991212
 -359 949913
 -359 933879
 -511 933785
 -511 933785
 -511 818689
 -511 814179
 -565 814081
 -565 814081
 -565 687563
 -565 668667
 -538 668619
 -538 668619
 -538 523750
 -538 516582
 -594 516515
 -594 516515
 -594 359854
 -594 334264
 -291 334254
 -291 334254
 -291 163421
 -291 152157
 -446 152094
 -446 32450
 -446 1218
 -446 1188
 -358 -33254
 -358 -33254
 -358 -98790
 -358 -105958
 -142 -105970
 -142 -131086
 -142 -131086
 -142 -131086
 7 -131086
 7 -138254
 7 -131065
 7 -130937
 135 -128506
 135 -128505
 135 -110969
 135 -110870
 -77 -96077
 -77 -96077
 -77 -96077
 -77 -96061
 21 -96061
 21 -96077
 21 -98122
 21 -98122
 54 -84971
 54 -84971
 54 -84938
 54 -71532
 163 -71498
 163 -71498
 163 -65501
 163 -65357
 51 -53226
 51 -53226
 51 -53226
 51 -36687
 130 -36685
 130 -32638
 130 -21374
 130 -21298
 -114 -4594
 -114 -4506
 -114 -242
 -114 -242
 -154 12902
 -154 12910
 -154 32614
 -154 32614
 -58 31726
 -58 31726
 -58 32710
 -58 32829
 61 32829
 61 32829
 61 53564
 61 53565
 -16 76908
 -16 76912
 -16 98160
 -16 101838
 -178 101838
 -178 101851
 -178 131014
 -178 131014
 -58 128485
 -58 128454
 -58 128485
 -58 131014
 23 131014
 23 128485
 23 131223
 23 154263
 123 154350
 123 154350
 123 164091
 123 188558
 20 188667
 20 188667
 20 229524
 20 257684
 237 257720
 237 257720
 237 360557
 237 380969
 134 381037
 134 381037
 134 524422
 134 529542
 296 529600
 296 529600
 296 655656
 296 683557
 83 683560
 83 819411
 83 834732
 83 834771
 -83 945069
 -83 945116
 -83 950189
 -83 1009327
 -209 1009327
 -209 1009327
 -209 1009396
 -209 1015727
 97 1015727
 97 1009396
 97 1048673
 97 1048769
 65 1053025
 65 1053046
 65 1078721
 65 1078721
 -383 1078721
 -383 1078779
 -383 1080833
 -383 1080833
 -443 1072766
 -443 1072766
 -443 1072766
 -443 1049669
 -300 1049656
 -300 1049656
 -300 1048276
 -300 1021396
 -331 1021382
 -331 1021382
 -331 1015477
 -331 990204
 -176 990133
 -176 990133
 -176 950096
 -176 935266
 -201 935248
 -201 935248
 -201 851767
 -201 819255
 -530 819235
 -530 819235
 -530 687470
 -530 674158
 -533 674147
 -533 674147
 -533 523755
 -533 523243
 -580 523194
 -580 523194
 -580 359740
 -580 342076
 -519 342034
 -519 342034
 -519 163321
 -519 158457
 -628 158445
 -628 32012
 -628 5429
 -628 5388
 -448 -33216
 -448 -33216
 -448 -98752
 -448 -105652
 -258 -105664
 -258 -105664
 -258 -131213
 -258 -131458
 -141 -132749
 -141 -132850
 -141 -132749
 -141 -131213
 79 -131213
 79 -132749
 79 -131027
 79 -130865
 45 -115025
 45 -114993
 45 -100051
 45 -99993
 -205 -88403
 -205 -88397
 -205 -65613
 -205 -65613
 -179 -75059
 -179 -75059
 -179 -65587
 -179 -56895
 -191 -56895
 -191 -56835
 -191 -32961
 -191 -32961
 -65 -39873
 -65 -39894
 -65 -39873
 -65 -32961
 78 -32961
 78 -39873
 78 -32749
 78 -32690
 19 -24273
 19 -24242
 19 -7149
 19 -7072
 -96 10272
 -96 10295
 -96 32544
 -96 32544
 -155 28921
 -155 28921
 -155 32741
 -155 32911
 15 32911
 15 32911
 15 50828
 15 50831
 -181 74699
 -181 74699
 -181 74718
 -181 98251
 74 98251
 74 74718
 74 98483
 74 98506
 51 99274
 51 99288
 51 125107
 51 125107
 -122 150534
 -122 150534
 -122 150542
 -122 163590
 23 163590
 23 150542
 23 163991
 23 183959
 86 184021
 86 184021
 86 229462
 86 250442
 118 250454
 118 250454
 118 360566
 118 370806
 26 370807
 26 370807
 26 491546
 26 518938
 412 519025
 412 519025
 412 655772
 412 671900
 154 671942
 154 671942
 154 819226
 154 823834
 11 823839
 11 917515
 11 937483
 11 937565
 -89 1004455
 -89 1004455
 -89 1004487
 -89 1015719
 131 1015719
 131 1048707
 131 1049475
 131 1049533
 -14 1076766
 -14 1076850
 -14 1081202
 -14 1081202
 -90 1076850
 -90 1076850
 -90 1081254
 -90 1081254
 -159 1072038
 -159 1072028
 -159 1049313
 -159 1049270
 26 1020963
 26 1020963
 26 1020954
 26 1015834
 -145 1015834
 -145 1020954
 -145 1015791
 -145 990703
 -261 990611
 -261 990611
 -261 950011
 -261 938235
 -214 938219
 -214 938219
 -214 851754
 -214 825727
 -178 825642
 -178 825642
 -178 687950
 -178 680526
 -430 680503
 -430 680503
 -430 556626
 -430 529514
 -461 529490
 -461 529490
 -461 360115
 -461 349650
 -325 349619
 -325 349619
 -325 196155
 -325 164954
 -198 164923
 -198 32570
 -198 10298
 -198 10255
 -54 -32822
 -54 -32822
 -54 -98358
 -54 -103222
 -67 -103282
 -67 -103282
 -67 -131139
 -67 -131280
 -80 -135094
 -80 -135094
 -80 -131280
 -80 -117451
 -75 -117451
 -75 -117451
 -75 -117451
 -75 -117411
 81 -117411
 81 -117411
 81 -102191
 81 -102159
 -25 -90468
 -25 -90393
 -25 -65572
 -25 -65572
 -164 -77604
 -164 -77604
 -164 -65572
 -164 -59762
 -242 -59762
 -242 -59683
 -242 -32912
 -242 -32912
 -16 -42384
 -16 -42384
 -16 -32912
 -16 -32912
 -89 -26841
 -89 -26816
 -89 -217
 -89 -217
 -142 -9102
 -142 -9102
 -142 -142
 -142 -142
 -4 8001
 -4 8060
 -4 32534
 -4 32534
 -106 26452
 -106 26452
 -106 32534
 -106 33011
 115 33011
 115 33011
 115 33011
 115 48045
 36 48115
 36 48115
 36 65572
 36 65767
 103 71427
 103 71460
 103 95719
 103 95736
 -104 121361
 -104 121368
 -104 130840
 -104 146669
 -19 146669
 -19 146669
 -19 146673
 -19 163821
 85 163821
 85 146673
 85 164053
 85 179112
 50 179157
 50 179157
 50 229554
 50 243378
 101 243419
 101 243419
 101 360549
 101 360805
 207 360826
 207 360826
 207 491727
 207 508853
 202 508879
 202 508879
 202 655434
 202 662346
 181 662376
 181 662376
 181 786613
 181 815277
 12 815285
 12 917644
 12 931467
 12 931468
 -244 999692
 -244 999759
 -244 1015564
 -244 1045483
 -149 1045483
 -149 1045489
 -149 1048555
 -149 1074386
 -46 1074375
 -46 1074375
 -46 1074375
 -46 1074375
 48 1070952
 48 1070952
 48 1070952
 48 1070896
 -366 1070896
 -366 1070952
 -366 1070952
 -366 1048984
 -413 1048978
 -413 1048978
 -413 1048163
 -413 1021283
 -50 1021195
 -50 1021195
 -50 1015630
 -50 990562
 -135 990542
 -135 990542
 -135 950137
 -135 940409
 -447 940346
 -447 940346
 -447 851649
 -447 831169
 -575 831112
 -575 831112
 -575 687553
 -575 686785
 -469 686729
 -469 686729
 -469 556587
 -469 537387
 -397 537375
 -397 537375
 -397 360051
 -397 359539
 -323 359493
 -323 359493
 -323 196285
 -323 173757
 -199 173728
 -199 32697
 -199 17135
 -199 17081
 -117 -32885
 -117 -32885
 -117 -98421
 -117 -100614
 -177 -100725
 -177 -131249
 -177 -145073
 -177 -145073
 14 -145073
 14 -145083
 14 -145083
 14 -138482
 47 -138431
 47 -130897
 47 -120657
 47 -120652
 -35 -105032
 -35 -104995
 -35 -98339
 -35 -93395
 -211 -93439
 -211 -93439
 -211 -93439
 -211 -93395
 86 -93395
 86 -93395
 86 -80824
 86 -80810
 -63 -62911
 -63 -62872
 -63 -32959
 -63 -32959
 -24 -45336
 -24 -45336
 -24 -32792
 -24 -32792
 -139 -29999
 -139 -29999
 -139 -29999
 -139 -29963
 68 -29963
 68 -29963
 68 -12995
 68 -12988
 -29 4415
 -29 4451
 -29 32611
 -29 32611
 -25 22770
 -25 22770
 -25 32743
 -25 44409
 -135 44290
 -135 44409
 -135 65401
 -135 67706
 -134 67663
 -134 67663
 -134 67663
 -134 67706
 53 67706
 53 67706
 53 92188
 53 92213
 -9 117811
 -9 117811
 -9 117879
 -9 130935
 113 130935
 113 131185
 113 143389
 113 143473
 -116 174336
 -116 174336
 -116 174348
 -116 196364
 201 196364
 201 174348
 201 229449
 201 235849
 153 235851
 153 235851
 153 327705
 153 350233
 139 350306
 139 350306
 139 491531
 139 498176
 197 498187
 197 498187
 197 622661
 197 650778
 168 650821
 168 650821
 168 786472
 168 804904
 89 804968
 89 917593
 89 924454
 89 924505
 -24 994653
 -24 994653
 -24 994664
 -24 1015656
 20 1015656
 20 1015828
 20 1040916
 20 1041014
 -149 1071204
 -149 1071211
 -149 1080887
 -149 1080887
 -329 1071211
 -329 1071211
 -329 1071204
 -329 1069124
 -198 1069111
 -198 1048506
 -198 1047247
 -198 1047226
 14 1019406
 14 1019406
 14 1019403
 14 1015822
 -26 1015822
 -26 1015782
 -26 989670
 -26 989597
 7 942110
 7 942110
 7 942087
 7 917511
 -467 917511
 -467 942087
 -467 851501
 -467 836400
 -485 836397
 -485 836397
 -485 720539
 -485 692210
 -268 692123
 -268 692123
 -268 556788
 -268 543229
 -253 543220
 -253 543220
 -253 392963
 -253 366389
 -477 366339
 -477 366339
 -477 196131
 -477 179775
 -349 179747
 -349 32291
 -349 21539
 -349 21539
 -354 -33122
 -354 -33122
 -354 -98591
 -354 -98658
 -156 -98658
 -156 -98658
 -156 -131100
 -156 -131249
 -49 -140977
 -49 -140977
 -49 -131249
 -49 -123477
 -213 -123477
 -213 -123417
 -213 -98389
 -213 -98389
 -2 -107778
 -2 -107854
 -2 -107778
 -2 -98306
 57 -98306
 57 -107778
 57 -98247
 57 -98061
 115 -95997
 115 -95943
 115 -83837
 115 -83725
 -153 -66302
 -153 -66201
 -153 -65689
 -153 -48939
 -171 -48963
 -171 -48939
 -171 -32811
 -171 -32811
 -16 -33296
 -16 -33394
 -16 -33296
 -16 -32784
 142 -32784
 142 -32754
 142 -16370
 142 -16330
 25 25
 25 25
 25 1049
 25 1071
 -10 19390
 -10 19446
 -10 32758
 -10 40586
 -118 40586
 -118 40586
 -118 40586
 -118 40592
 112 40592
 112 40586
 112 40592
 112 64328
 83 64368
 83 65619
 83 89161
 83 89171
 -22 114922
 -22 114936
 -22 131050
 -22 140099
 -61 140086
 -61 140099
 -61 163651
 -61 170800
 -208 170800
 -208 170800
 -208 170834
 -208 196400
 63 196400
 63 170834
 63 229567
 63 230317
 68 230335
 68 230335
 68 327876
 68 342174
 145 342212
 145 342212
 145 458897
 145 489096
 149 489105
 149 489105
 149 622741
 149 641429
 81 641440
 81 641440
 81 786513
 81 795427
 283 795473
 283 795473
 283 885019
 283 917002
 143 917019
 143 917019
 143 983055
 143 989199
 23 989304
 23 1015831
 23 1035799
 23 1035887
 -151 1067044
 -151 1067044
 -151 1067044
 -151 1067044
 4 1066970
 4 1066884
 4 1048708
 4 1046313
 41 1046343
 41 1046313
 41 1015982
 41 1015982
 46 1018762
 46 1018798
 46 1018762
 46 1015982
 -166 1015982
 -166 1018762
 -166 1015642
 -166 989018
 -441 988998
 -441 988998
 -441 949959
 -441 943830
 -547 943815
 -547 943815
 -547 851293
 -547 842845
 -266 842793
 -266 842793
 -266 720630
 -266 699382
 -378 699278
 -378 699278
 -378 556550
 -378 550755
 -544 550662
 -544 550662
 -544 392672
 -544 376569
 -404 376544
 -404 376544
 -404 196332
 -404 189676
 -337 189634
 -337 32303
 -337 29267
 -337 29231
 -400 -400
 -400 -400
 -400 -65936
 -400 -94096
 -188 -94136
 -188 -94136
 -188 -131096
 -188 -131260
 -24 -143640
 -24 -143640
 -24 -131096
 -24 -126518
 -54 -126531
 -54 -126531
 -54 -126531
 -54 -126518
 4 -126518
 4 -126518
 4 -110716
 4 -110607
 -62 -98110
 -62 -98070
 -62 -65630
 -62 -65630
 -222 -86281
 -222 -86366
 -222 -86366
 -222 -86281
 12 -86281
 12 -86366
 12 -86281
 12 -69108
 152 -69081
 152 -69081
 152 -65530
 152 -65384
 6 -51816
 6 -51713
 6 -36346
 6 -36315
 -75 -19915
 -75 -19853
 -75 -203
 -75 -203
 -151 -2711
 -151 -2711
 -151 -151
 -151 -151
 -128 15104
 -128 15176
 -128 32512
 -128 32785
 17 32785
 17 32785
 17 36113
 17 36171
 -36 59356
 -36 59356
 -36 59366
 -36 65500
 85 65500
 85 59366
 85 65621
 85 83797
 16 83809
 16 83809
 16 98448
 16 109968
 28 109996
 28 131228
 28 136087
 28 136092
 -26 166118
 -26 166118
 -26 166127
 -26 196582
 119 196582
 119 166127
 119 196727
 119 223052
 396 223095
 396 223095
 396 328076
 396 330636
 405 330640
 405 330640
 405 459029
 405 475925
 400 475927
 400 475927
 400 622864
 400 627984
 92 628090
 92 628090
 92 753884
 92 784036
 26 784092
 26 784092
 26 884890
 26 909210
 41 909286
 41 983081
 41 984103
 41 984105
 -57 1031485
 -57 1031495
 -57 1048391
 -57 1063917
 -19 1063917
 -19 1063924
 -19 1081316
 -19 1081316
 -28 1065188
 -28 1065188
 -28 1065188
 -28 1065188
 -354 1065128
 -354 1065128
 -354 1048363
 -354 1048094
 -213 1044595
 -213 1044510
 -213 1016875
 -213 1016845
 117 987381
 117 987281
 117 983285
 117 944707
 67 944707
 67 944707
 67 944663
 67 917571
 -74 917571
 -74 944663
 -74 851766
 -74 847702
 -108 847670
 -108 847670
 -108 720660
 -108 704788
 -245 704787
 -245 704787
 -245 556939
 -245 556519
 -275 556427
 -275 556427
 -275 392813
 -275 383597
 -72 383544
 -72 196408
 -72 195423
 -72 195384
 138 33547
 138 33546
 138 32778
 138 32778
 229 -92434
 229 -92443
 229 -98075
 229 -148915
 205 -148915
 205 -148938
 205 -163628
 205 -163628
 84 -148938
 84 -148938
 84 -148938
 84 -147756
 246 -147723
 246 -147723
 246 -130826
 246 -130603
 543 -130570
 543 -130570
 543 -130529
 543 -130464
 608 -114401
 608 -114401
 608 -114321
 608 -102304
 584 -102277
 584 -102277
 584 -97768
 584 -97720
 536 -90857
 536 -90857
 536 -90857
 536 -73704
 545 -73613
 545 -73613
 545 -65191
 545 -64991
 473 -56052
 473 -56052
 473 -56052
 473 -40921
 653 -40871
 653 -40871
 653 -32243
 653 -32215
 681 -24563
 681 -24464
 681 -7150
 681 -7127
 694 566
 694 566
 694 993
 694 993
 993 10806
 993 10818
 993 31633
 993 31713
 955 33595
 955 33595
 955 33595
 955 54581
 986 54587
 986 54587
 986 66394
 986 78595
 1044 78682
 1044 78682
 1044 99476
 1044 99565
 1133 104852
 1133 104852
 1133 104885
 1133 130973
 1074 131053
 1074 131053
 1074 132146
 1074 159792
 1189 159794
 1189 159794
 1189 197797
 1189 214437
 1623 214517
 1623 214517
 1623 296663
 1623 318935
 1951 318959
 1951 318959
 1951 460703
 1951 463775
 2049 463821
 2049 463821
 2049 592001
 2049 616065
 1950 616137
 1950 616137
 1950 755486
 1950 772126
 2019 772201
 2019 772201
 2019 886627
 2019 899683
 2218 899711
 2218 899711
 2218 952490
 2218 976810
 2369 976814
 2369 976814
 2369 1018177
 2369 1025345
 2264 1025355
 2264 1025355
 2264 1050840
 2264 1050995
 2419 1059267
 2419 1059267
 2419 1050995
 2419 1043166
 2782 1043166
 2782 1043127
 2782 1018902
 2782 1018590
 3094 1018590
 3094 1015855
 3094 1015830
 3094 986334
 3166 986334
 3166 986334
 3166 986300
 3166 944959
 3263 945015
 3263 944959
 3263 920639
 3263 851605
 3477 851705
 3477 851605
 3477 822677
 3477 709818
 3642 709837
 3642 709818
 3642 691898
 3642 562340
 3748 562419
 3748 562340
 3748 560804
 3748 391519
 4063 391519
 4063 391448
 4063 364383
 4063 203543
 4631 203559
 4631 203543
 4631 201239
 4631 39868
 5052 39909
 5052 39868
 5052 37820
 5052 37820
 5415 -89177
 5415 -89208
 5415 -92761
 5415 -150865
 5935 -150794
 5935 -150865
 5935 -157695
 5935 -157695
 6273 -151551
 6273 -151551
 6273 -156917
 6273 -156917
 6923 -151551
 6923 -151551
 6923 -151501
 6923 -135157
 7338 -135077
 7338 -135077
 7338 -123862
 7338 -123430
 7514 -118742
 7514 -118742
 7514 -118693
 7514 -106320
 8221 -106278
 8221 -106278
 8221 -94947
 8221 -94900
 8778 -90083
 8778 -94900
 8778 -89526
 8778 -78006
 9622 -77987
 9622 -77987
 9622 -60266
 9622 -60244
 10251 -55914
 10251 -60244
 10251 -55285
 10251 -45045
 10850 -44997
 10850 -44997
 10850 -28534
 10850 -28446
 11582 -21790
 11582 -21058
 11582 -11330
 11582 -11318
 12244 6146
 12244 6228
 12244 12116
 12244 12116
 13115 13115
 13115 13115
 13115 26683
 13115 26694
 13996 46636
 13996 46636
 13996 46636
 13996 49452
 14883 49503
 14883 49503
 14883 73763
 14883 73817
 15830 80419
 15830 73817
 15830 98432
 15830 100004
 17158 100054
 17158 100004
 17158 100004
 17158 126080
 18090 126195
 18090 126195
 18090 149162
 18090 154538
 19277 154566
 19277 154566
 19277 206982
 19277 207053
 20578 216013
 20578 207053
 20578 308432
 20578 308450
 21768 315618
 21768 308450
 21768 447752
 21768 451592
 23073 451646
 23073 451646
 23073 602657
 23073 602750
 24506 612897
 24506 602750
 24506 759214
 24506 759226
 25816 778170
 25816 759226
 25816 889560
 25816 889584
 27114 910552
 27114 889584
 27114 968606
 27114 968682
 28982 977386
 28982 968682
 28982 1017270
 28982 1017315
 30606 1044918
 30606 1017315
 30606 1052558
 30606 1052610
 32269 1058189
 32269 1052610
 32269 1052610
 32269 1039521
 34209 1039521
 34209 1039508
 34209 1017249
 34209 1012133
 36005 1012186
 36005 1012133
 36005 986277
 36005 982989
 38093 983037
 38093 982989
 38093 955597
 38093 942794
 40522 942794
 40522 942777
 40522 925386
 40522 861995
 42795 861995
 42795 852554
 42795 852523
 42795 711951
 44943 711990
 44943 711951
 44943 700175
 44943 571572
 47284 571572
 47284 564404
 47284 564364
 47284 410214
 49894 410214
 49894 394854
 49894 394811
 49894 216548
 52708 216548
 52708 205796
 52708 205770
 52708 55728
 55600 55728
 55600 55728
 55600 40145
 55600 40112
 58758 -72314
 58758 -91165
 58758 -91258
 58758 -134615
 61993 -134615
 61993 -157869
 61993 -157869
 61993 -157911
 65355 -157911
 65355 -160949
 65355 -160949
 65355 -160949
 68782 -160722
 68782 -160722
 68782 -144850
 68782 -144846
 -1327126 73675
 -1327126 73706
 -1327126 73706
 -1327126 81898
 -1340783 81898
 -1340783 94609
 -1340783 94631
 -1340783 117782
 -1353194 117762
 -1353194 117782
 -1353194 121366
 -1353194 142456
 -1364872 142456
 -1364872 143480
 -1364872 143480
 -1364872 164944
 -1375152 164944
 -1375152 170537
 -1375152 170576
 -1375152 199533
 -1384467 199523
 -1384467 199533
 -1384467 213013
 -1384467 221037
 -1392619 221037
 -1392619 229125
 -1392619 229141
 -1392619 238640
 -1399632 238640
 -1399632 258351
 -1399632 258352
 -1399632 298505
 -1405431 298505
 -1405431 302343
 -1405431 302345
 -1405431 387330
 -1410302 387330
 -1410302 387349
 -1410302 391938
 -1410302 518985
 -1414199 518985
 -1414199 523849
 -1414199 523879
 -1414199 675398
 -1416762 675389
 -1416762 675398
 -1416762 680262
 -1416762 833104
 -1418416 833095
 -1418416 833104
 -1418416 842576
 -1418416 972779
 -1419413 972779
 -1419413 979945
 -1419413 979947
 -1419413 1070888
 -1419352 1070888
 -1419352 1078809
 -1419352 1078824
 -1419352 1137532
 -1418244 1137433
 -1418244 1137532
 -1418244 1137532
 -1418244 1179782
 -1416058 1179782
 -1416058 1179788
 -1416058 1205382
 -1416058 1205382
 -1413153 1198440
 -1413153 1198440
 -1413153 1208159
 -1413153 1208159
 -1409227 1198440
 -1409227 1198440
 -1409227 1198440
 -1409227 1186741
 -1404097 1186733
 -1404097 1186733
 -1404097 1162967
 -1404097 1162943
 -1398402 1151935
 -1398402 1162943
 -1398402 1135998
 -1398402 1135953
 -1391820 1124734
 -1391820 1135953
 -1391820 1103838
 -1391820 1103796
 -1384502 1098676
 -1384502 1103796
 -1384502 1040202
 -1384502 1036142
 -1376414 1036106
 -1376414 1036106
 -1376414 917346
 -1376414 908899
 -1367305 908898
 -1367305 908898
 -1367305 764535
 -1367305 764500
 -1357500 762487
 -1357500 764500
 -1357500 608708
 -1357500 606683
 -1347183 606660
 -1347183 606660
 -1347183 422161
 -1347183 420376
 -1336006 420369
 -1336006 420369
 -1336006 244582
 -1336006 244538
 -1323930 236858
 -1323930 244538
 -1323930 117990
 -1323930 100853
 -1311569 100838
 -1311569 31791
 -1311569 9044
 -1311569 9007
 -1298396 -9361
 -1298396 -9361
 -1298396 -9361
 -1298396 -9361
 -1284810 4250
 -1284810 4278
 -1284810 6958
 -1284810 21294
 -1270866 21294
 -1270866 21294
 -1270866 21357
 -1270866 35014
 -1255994 35014
 -1255994 35055
 -1255994 36968
 -1255994 46184
 -1240856 46140
 -1240856 46140
 -1240856 46184
 -1240856 52990
 -1224962 52990
 -1224962 60319
 -1224962 60414
 -1224962 69170
 -1208654 69170
 -1208654 78130
 -1208654 78141
 -1208654 85477
 -1192475 85477
 -1192475 94088
 -1192475 94181
 -1192475 102312
 -1175768 102312
 -1175768 109480
 -1175768 109534
 -1175768 119500
 -1158580 119500
 -1158580 126133
 -1158580 126156
 -1158580 136882
 -1141070 136882
 -1141070 142765
 -1141070 142770
 -1141070 154811
 -1123141 154811
 -1123141 161211
 -1123141 161211
 -1123141 172984
 -1104968 172984
 -1104968 182455
 -1104968 182456
 -1104968 205121
 -1086655 205072
 -1086655 205121
 -1086655 224065
 -1086655 229468
 -1068068 229427
 -1068068 229468
 -1068068 242524
 -1068068 254628
 -1049436 254628
 -1049436 254637
 -1049436 261284
 -1049436 279738
 -1030470 279738
 -1030470 279762
 -1030470 280250
 -1030470 299243
 -1011477 299243
 -1011477 318682
 -1011477 318699
 -1011477 397451
 -992245 397451
 -992245 397554
 -992245 416907
 -992245 528654
 -972658 528654
 -972658 528726
 -972658 534542
 -972658 676312
 -953256 676312
 -953256 676332
 -953256 685272
 -953256 829332
 -933868 829332
 -933868 829344
 -933868 835732
 -933868 953131
 -914645 953131
 -914645 973577
 -914645 973611
 -914645 1070835
 -895373 1070835
 -895373 1071601
 -895373 1071603
 -895373 1122839
 -875881 1122839
 -875881 1127703
 -875881 1127735
 -875881 1167101
 -856579 1167000
 -856579 1167101
 -856579 1175037
 -856579 1184244
 -837260 1184176
 -837260 1184244
 -837260 1184244
 -837260 1184244
 -818194 1184176
 -818194 1184176
 -818194 1170798
 -818194 1170698
 -798955 1147758
 -798955 1170698
 -798955 1144306
 -798955 1144213
 -779854 1134485
 -779854 1144213
 -779854 1120690
 -779854 1114328
 -761042 1114290
 -761042 1114290
 -761042 1079982
 -761042 1079972
 -742054 1074094
 -742054 1079972
 -742054 1012698
 -742054 1012693
 -723304 994778
 -723304 1012693
 -723304 915096
 -723304 885183
 -705041 885144
 -705041 885144
 -705041 738159
 -705041 738113
 -686635 736623
 -686635 738113
 -686635 579447
 -686635 579413
 -668461 558421
 -668461 579413
 -668461 391536
 -668461 391507
 -650382 379987
 -650382 391507
 -650382 212338
 -650382 212249
 -632626 201586
 -632626 64846
 -632626 64787
 -632626 55374
 -614919 -33031
 -614919 -33077
 -614919 -40537
 -614919 -57177
 -597593 -57177
 -597593 -57177
 -597593 -57177
 -597593 -57177
 -580419 -56131
 -580419 -57177
 -580419 -56131
 -580419 -46204
 -563689 -46147
 -563689 -46147
 -563689 -30825
 -563689 -30724
 -547033 -22745
 -547033 -30724
 -547033 -22745
 -547033 -18393
 -530587 -18349
 -530587 -8987
 -530587 -8980
 -530587 -6171
 -514545 3087
 -514545 3120
 -514545 9743
 -514545 19408
 -498736 19408
 -498736 19436
 -498736 25552
 -498736 34018
 -483230 33939
 -483230 34018
 -483230 41186
 -483230 47791
 -467921 47747
 -467921 47791
 -467921 47791
 -467921 56495
 -452956 56495
 -452956 63012
 -452956 63035
 -452956 78620
 -438372 78620
 -438372 78664
 -438372 78664
 -438372 85788
 -424100 85788
 -424100 96265
 -424100 96348
 -424100 114421
 -409995 114421
 -409995 116455
 -409995 116469
 -409995 138184
 -396216 138117
 -396216 138184
 -396216 141326
 -396216 160968
 -382962 160968
 -382962 161550
 -382962 161616
 -382962 186617
 -369927 186546
 -369927 186617
 -369927 187129
 -369927 200142
 -356914 200142
 -356914 210638
 -356914 210678
 -356914 245663
 -344289 245663
 -344289 247199
 -344289 247263
 -344289 322158
 -331922 322110
 -331922 322158
 -331922 323438
 -331922 433457
 -320079 433457
 -320079 450072
 -320079 450097
 -320079 597172
 -308428 597133
 -308428 597172
 -308428 609204
 -308428 749823
 -297217 749734
 -297217 749823
 -297217 751359
 -297217 893231
 -286289 893231
 -286289 895791
 -286289 895815
 -286289 997450
 -275638 997450
 -275638 997477
 -275638 1002314
 -275638 1055837
 -265251 1055837
 -265251 1055865
 -265251 1078109
 -265251 1088262
 -255098 1088262
 -255098 1095942
 -255098 1095987
 -255098 1115556
 -245468 1115542
 -245468 1115556
 -245468 1115556
 -245468 1115556
 -235886 1115542
 -235886 1115542
 -235886 1107474
 -235886 1103668
 -226674 1103634
 -226674 1103634
 -226674 1077814
 -226674 1077774
 -217768 1051150
 -217768 1077774
 -217768 1048024
 -217768 1048009
 -209078 1027544
 -209078 1048009
 -209078 1014730
 -209078 1014711
 -200809 1003466
 -200809 1014711
 -200809 978711
 -200809 951352
 -192802 951319
 -192802 951319
 -192802 826078
 -192802 826041
 -184708 823006
 -184708 826041
 -184708 679676
 -184708 679634
 -177066 667388
 -177066 679634
 -177066 523228
 -177066 523222
 -169726 511190
 -169726 523222
 -169726 354690
 -169726 336835
 -162468 336770
 -162468 336770
 -162468 156380
 -162468 156343
 -155655 132572
 -155655 8057
 -155655 7545
 -155655 7503
 -148783 -83375
 -148783 -93615
 -148783 -93638
 -148783 -109339
 -142235 -109339
 -142235 -119835
 -142235 -119835
 -142235 -119835
 -136053 -109339
 -136053 -108917
 -136053 -108878
 -136053 -103285
 -130138 -97370
 -130138 -97370
 -130138 -92506
 -130138 -92454
 -124261 -91493
 -124261 -91493
 -124261 -85984
 -124261 -85984
 -118624 -79205
 -118624 -79205
 -118624 -79152
 -118624 -69088
 -113221 -69061
 -113221 -69061
 -113221 -56517
 -113221 -56500
 -108086 -47813
 -108086 -56500
 -108086 -42678
 -108086 -38905
 -103392 -38838
 -103392 -38838
 -103392 -23405
 -103392 -23392
 -98532 -8804
 -98532 -8804
 -98532 -8802
 -98532 -100
 -93788 4388
 -93788 7460
 -93788 7474
 -93788 9094
 -89338 9094
 -89338 23686
 -89338 23799
 -89338 41682
 -85166 41672
 -85166 41682
 -85166 46034
 -85166 49851
 -81221 49851
 -81221 62651
 -81221 62666
 -81221 85288
 -77144 85253
 -77144 85288
 -77144 86568
 -77144 109425
 -73615 109425
 -73615 109433
 -73615 122993
 -73615 135288
 -70152 135288
 -70152 135295
 -70152 159096
 -70152 160709
 -66747 160709
 -66747 160713
 -66747 162757
 -66747 166363
 -63141 166363
 -63141 196507
 -63141 196571
 -63141 267609
 -59943 267609
 -59943 269858
 -59943 269913
 -59943 397141
 -56875 397107
 -56875 397141
 -56875 401749
 -56875 535614
 -54082 535614
 -54082 545832
 -54082 545854
 -54082 698545
 -51407 698545
 -51407 698603
 -51407 702385
 -51407 836038
 -48698 836038
 -48698 846278
 -48698 846301
 -48698 951693
 -46323 951683
 -46323 951693
 -46323 969613
 -46323 1004491
 -44213 1004491
 -44213 1012171
 -44213 1012199
 -44213 1053459
 -41965 1053459
 -41965 1053527
 -41965 1072147
 -41965 1074226
 -39758 1074226
 -39758 1075250
 -39758 1075256
 -39758 1075256
 -37670 1075250
 -37670 1075256
 -37670 1075256
 -37670 1065946
 -35665 1065918
 -35665 1065918
 -35665 1045679
 -35665 1041583
 -33681 1041573
 -33681 1041573
 -33681 1015023
 -33681 1012975
 -31941 1012884
 -31941 1012884
 -31941 980714
 -31941 980667
 -30409 951227
 -30409 980667
 -30409 920759
 -30409 920741
 -28906 919991
 -28906 920741
 -28906 799282
 -28906 799254
 -27354 790294
 -27354 799254
 -27354 653921
 -27354 653862
 -25878 628006
 -25878 653862
 -25878 500458
 -25878 500420
 -24497 498410
 -24497 500420
 -24497 316908
 -24497 316879
 -23111 303311
 -23111 140601
 -23111 135489
 -23111 135481
 -21727 -14724
 -21727 -14815
 -21727 -21727
 -21727 -21727
 -20537 -53433
 -20537 -53433
 -20537 -118948
 -20537 -118969
 -19374 -118969
 -19374 -118969
 -19374 -148775
 -19374 -148775
 -18194 -148775
 -18194 -138225
 -18194 -138130
 -18194 -120854
 -17046 -120854
 -17046 -120853
 -17046 -115222
 -17046 -114498
 -16194 -114498
 -16194 -106562
 -16194 -106556
 -16194 -95664
 -15280 -95664
 -15280 -95625
 -15280 -80816
 -15280 -80816
 -14455 -82204
 -14455 -82204
 -14455 -79991
 -14455 -63937
 -13633 -64000
 -13633 -63937
 -13633 -46529
 -13633 -46529
 -12749 -48157
 -12749 -48157
 -12749 -45389
 -12749 -45389
 -12017 -44657
 -12017 -44657
 -12017 -33137
 -12017 -33082
 -11406 -16152
 -11406 -16142
 -11406 -11278
 -11406 -11278
 -10685 401
 -10685 451
 -10685 22211
 -10685 22211
 -9989 18683
 -9989 18683
 -9989 22779
 -9989 40009
 -9399 40009
 -9399 40054
 -9399 56137
 -9399 56714
 -8950 56714
 -8950 63370
 -8950 63378
 -8950 88301
 -8339 88251
 -8339 88301
 -8339 90093
 -8339 114416
 -7952 114416
 -7952 114425
 -7952 123120
 -7952 140474
 -7622 140451
 -7622 140474
 -7622 156346
 -7622 175796
 -7244 175796
 -7244 175821
 -7244 189364
 -7244 246349
 -6707 246349
 -6707 246386
 -6707 255309
 -6707 370898
 -6318 370828
 -6318 370898
 -6318 387026
 -6318 518626
 -5790 518626
 -5790 519095
 -5790 519138
 -5790 671879
 -5497 671879
 -5497 671911
 -5497 682631
 -5497 821574
 -5178 821559
 -5178 821574
 -5178 846662
 -5178 930072
 -5096 930072
 -5096 930145
 -5096 945176
 -5096 993267
 -4749 993217
 -4749 993267
 -4749 1011187
 -4749 1035911
 -4601 1035911
 -4601 1035970
 -4601 1044103
 -4601 1059698
 -4366 1059690
 -4366 1059698
 -4366 1076850
 -4366 1076850
 -4157 1059698
 -4157 1059698
 -4157 1059690
 -4157 1052099
 -3951 1052041
 -3951 1052041
 -3951 1044625
 -3951 1028824
 -3674 1028753
 -3674 1028753
 -3674 1012006
 -3674 1001038
 -3244 1000998
 -3244 1000998
 -3244 979796
 -3244 969812
 -3220 969743
 -3220 969743
 -3220 914284
 -3220 912748
 -3176 912722
 -3176 912722
 -3176 816024
 -3176 794572
 -2973 794520
 -2973 794520
 -2973 652515
 -2973 649443
 -2741 649405
 -2741 649405
 -2741 521547
 -2741 496724
 -2516 496715
 -2516 496715
 -2516 325164
 -2516 313900
 -2448 313881
 -2448 161392
 -2448 131696
 -2448 131649
 -2583 -2711
 -2583 -2711
 -2583 -19351
 -2583 -19425
 -2431 -35327
 -2431 -35327
 -2431 -100863
 -2431 -126405
 -2123 -126463
 -2123 -126463
 -2123 -132978
 -2123 -133195
 -2034 -149359
 -2034 -149359
 -2034 -132978
 -2034 -132967
 -1895 -132967
 -1895 -131967
 -1895 -131943
 -1895 -117721
 -1625 -117721
 -1625 -117678
 -1625 -100057
 -1625 -100057
 -1465 -106553
 -1465 -106553
 -1465 -99641
 -1465 -93925
 -1253 -93925
 -1253 -93916
 -1253 -66789
 -1253 -66789
 -1204 -76199
 -1204 -76199
 -1204 -66740
 -1204 -59627
 -1259 -59627
 -1259 -59558
 -1259 -34050
 -1259 -34050
 -1282 -43778
 -1282 -43778
 -1282 -34050
 -1282 -34050
 -1360 -26832
 -1360 -26780
 -1360 -1488
 -1360 -1488
 -1143 -9346
 -1143 -9346
 -1143 -1271
 -1143 -1271
 -985 8999
 -985 9006
 -985 31783
 -985 31783
 -873 30413
 -873 30413
 -873 31895
 -873 53536
 -864 53536
 -864 53548
 -864 64544
 -864 78247
 -729 78247
 -729 78251
 -729 97703
 -729 104139
 -693 104139
 -693 104143
 -693 130237
 -693 130237
 -835 129999
 -835 129999
 -835 130237
 -835 164557
 -819 164545
 -819 164557
 -819 195789
 -819 232438
 -650 232361
 -650 232438
 -650 261622
 -650 354055
 -505 354055
 -505 354141
 -505 359943
 -505 502664
 -376 502664
 -376 502733
 -376 523912
 -376 655969
 -287 655926
 -287 655969
 -287 687713
 -287 806386
 -398 806341
 -398 806386
 -398 818930
 -398 917176
 -456 917176
 -456 917432
 -456 917467
 -456 982426
 -614 982426
 -614 982426
 -614 982474
 -614 1026197
 -491 1026197
 -491 1026240
 -491 1048213
 -491 1051638
 -394 1051551
 -394 1051638
 -394 1051638
 -394 1051638
 -317 1051551
 -317 1051551
 -317 1048131
 -317 1048036
 -540 1045059
 -540 1045059
 -540 1045009
 -540 1022692
 -656 1022648
 -656 1022648
 -656 1015280
 -656 995070
 -615 995056
 -615 995056
 -615 982297
 -615 963910
 -463 963865
 -463 963865
 -463 917041
 -463 909361
 -627 909328
 -627 909328
 -627 818445
 -627 794450
 -654 794381
 -654 794381
 -654 654706
 -654 651122
 -798 651062
 -798 651062
 -798 523362
 -798 500322
 -739 500261
 -739 500261
 -739 326941
 -739 319517
 -841 319489
 -841 162871
 -841 136564
 -841 136503
 -725 -725
 -725 -725
 -725 -16298
 -725 -16341
 -712 -33352
 -712 -33414
 -712 -98888
 -712 -127799
 -518 -127816
 -518 -127816
 -518 -131627
 -518 -156459
 -555 -156469
 -555 -156459
 -555 -131627
 -555 -131627
 -400 -138640
 -400 -138640
 -400 -131472
 -400 -123874
 -354 -123874
 -354 -123803
 -354 -98786
 -354 -98786
 -437 -112547
 -437 -112547
 -437 -98928
 -437 -98928
 -624 -99129
 -624 -99129
 -624 -98928
 -624 -80749
 -365 -80749
 -365 -80656
 -365 -65901
 -365 -64749
 -237 -64749
 -237 -64653
 -237 -33044
 -237 -33044
 -276 -49684
 -276 -49684
 -276 -33044
 -276 -33044
 -243 -32755
 -243 -32653
 -243 -348
 -243 -348
 -476 -14939
 -476 -14939
 -476 -348
 -476 -348
 -126 3458
 -126 3550
 -126 32509
 -126 32509
 -259 24829
 -259 24829
 -259 32509
 -259 48678
 -346 48678
 -346 48738
 -346 65062
 -346 73608
 -632 73608
 -632 73629
 -632 97672
 -632 99420
 -420 99420
 -420 99442
 -420 130652
 -420 130652
 -382 124333
 -382 124333
 -382 130690
 -382 157285
 -283 157229
 -283 157285
 -283 163429
 -283 223184
 -48 223116
 -48 223116
 -48 223184
 -48 229328
 180 229328
 180 327860
 180 342196
 180 342238
 -165 489910
 -165 489947
 -165 491483
 -165 642630
 -58 642630
 -58 642630
 -58 642674
 -58 655174
 43 655174
 43 786603
 43 794507
 43 794539
 -111 909201
 -111 909297
 -111 917393
 -111 976671
 -225 976671
 -225 976686
 -225 982815
 -225 1021348
 -220 1021348
 -220 1021370
 -220 1048104
 -220 1048104
 -344 1048104
 -344 1048104
 -344 1048191
 -344 1048191
 -355 1048104
 -355 1048191
 -355 1048191
 -355 1048144
 -304 1043958
 -304 1043958
 -304 1043958
 -304 1021776
 -214 1021716
 -214 1021716
 -214 1015594
 -214 994167
 -549 994090
 -549 994090
 -549 982491
 -549 963822
 -744 963803
 -744 963803
 -744 916760
 -744 911730
 -493 911640
 -493 911640
 -493 818835
 -493 799980
 -468 799891
 -468 799891
 -468 687660
 -468 655472
 -311 655404
 -311 655404
 -311 523977
 -311 505561
 -498 505545
 -498 505545
 -498 327310
 -498 326574
 -748 326542
 -748 163220
 -748 142066
 -748 141972
 -403 -275
 -403 -275
 -403 -12307
 -403 -12416
 -151 -32919
 -151 -33203
 -151 -98455
 -151 -126103
 -307 -126169
 -307 -126169
 -307 -131649
 -307 -160065
 -577 -160065
 -577 -160065
 -577 -131649
 -577 -131649
 -339 -142722
 -339 -142722
 -339 -131539
 -339 -127494
 -134 -127526
 -134 -127494
 -134 -98487
 -134 -98487
 -55 -116366
 -55 -116366
 -55 -98760
 -55 -98760
 -328 -104329
 -328 -104329
 -328 -98760
 -328 -85986
 -226 -85986
 -226 -85909
 -226 -65947
 -226 -65947
 -283 -68507
 -283 -68507
 -283 -65947
 -283 -53070
 -78 -53070
 -78 -53043
 -78 -33024
 -78 -33024
 -256 -36079
 -256 -36079
 -256 -33024
 -256 -33024
 -326 -19063
 -326 -19014
 -326 -326
 -326 -326
 -73 -969
 -73 -969
 -73 -201
 -73 -201
 -88 19880
 -88 19910
 -88 32680
 -88 42666
 -214 42666
 -214 42733
 -214 65450
 -214 67263
 -193 67263
 -193 67271
 -193 98155
 -193 98155
 -149 93803
 -149 93803
 -149 98155
 -149 119920
 -144 119838
 -144 119920
 -144 130928
 -144 152451
 -125 152451
 -125 152573
 -125 163715
 -125 215566
 -114 215566
 -114 215566
 -114 215592
 -114 229134
 63 229134
 63 327871
 63 331406
 63 331455
 -12 478104
 -12 478104
 -12 478196
 -12 491508
 143 491508
 143 622735
 143 630159
 143 630242
 -47 783255
 -47 783313
 -47 786385
 -47 900766
 -98 900747
 -98 900766
 -98 917406
 -98 970071
 -297 970071
 -297 970085
 -297 982615
 -297 1014833
 -335 1014833
 -335 1014898
 -335 1015345
 -335 1043259
 -325 1043234
 -325 1043259
 -325 1048123
 -325 1048123
 -96 1043259
 -96 1043259
 -96 1048214
 -96 1048214
 -362 1040061
 -362 1040061
 -362 1040061
 -362 1018518
 -184 1018502
 -184 1018502
 -184 1015624
 -184 990830
 -208 990792
 -208 990792
 -208 982832
 -208 960607
 -307 960560
 -307 960560
 -307 917197
 -307 911334
 -430 911309
 -430 911309
 -430 818770
 -430 803418
 -758 803410
 -758 803410
 -758 687370
 -758 659323
 -687 659210
 -687 659210
 -687 523601
 -687 510555
 -642 510545
 -642 510545
 -642 359934
 -642 333310
 -422 333275
 -422 163418
 -422 148063
 -422 148058
 -467 -339
 -467 -339
 -467 -8019
 -467 -8052
 -340 -33236
 -340 -33236
 -340 -98772
 -340 -124846
 -355 -124884
 -355 -164195
 -355 -169545
 -355 -169545
 98 -169545
 98 -169545
 98 -163998
 98 -163986
 -270 -146735
 -270 -146702
 -270 -131373
 -270 -131373
 -301 -131629
 -301 -131629
 -301 -131373
 -301 -119858
 -50 -119931
 -50 -119858
 -50 -98409
 -50 -98409
 -105 -107625
 -105 -107625
 -105 -98409
 -105 -89887
 -287 -89934
 -287 -89887
 -287 -65882
 -287 -65882
 -346 -72748
 -346 -72748
 -346 -65882
 -346 -57348
 -260 -57450
 -260 -57348
 -260 -33028
 -260 -33028
 -112 -40687
 -112 -40687
 -112 -33008
 -112 -33008
 -235 -23659
 -235 -23623
 -235 -455
 -235 -455
 -327 -5770
 -327 -5770
 -327 -455
 -327 -455
 -218 15142
 -218 15148
 -218 32550
 -218 38407
 -249 38407
 -249 38451
 -249 65287
 -249 65287
 -161 63071
 -161 63071
 -161 65375
 -161 89173
 -43 89173
 -43 89186
 -43 98133
 -43 114760
 -56 114760
 -56 114804
 -56 130888
 -56 146386
 -430 146342
 -430 146386
 -430 163538
 -430 207272
 -88 207272
 -88 207272
 -88 207296
 -88 229288
 89 229288
 89 207296
 89 295129
 89 320467
 200 320473
 200 320473
 200 458824
 200 467016
 17 467032
 17 589841
 17 618497
 17 618513
 -157 771877
 -157 771939
 -157 786275
 -157 892171
 -117 892171
 -117 892171
 -117 892231
 -117 917259
 71 917259
 71 950343
 71 963339
 71 963399
 -269 1008391
 -269 1008499
 -269 1015411
 -269 1037755
 -325 1037755
 -325 1037770
 -325 1048251
 -325 1048251
 -126 1037770
 -126 1037770
 -126 1048171
 -126 1048171
 -277 1036784
 -277 1036784
 -277 1036784
 -277 1016171
 -273 1016130
 -273 1016130
 -273 1015407
 -273 989039
 -520 988938
 -520 988938
 -520 982392
 -520 959608
 -403 959490
 -403 959490
 -403 917101
 -403 913005
 -389 912935
 -389 912935
 -389 818811
 -389 808827
 -193 808798
 -193 808798
 -193 687935
 -193 665919
 -427 665894
 -427 665894
 -427 523989
 -427 516845
 -551 516821
 -551 516821
 -551 359897
 -551 340953
 -541 340881
 -541 163299
 -541 154595
 -541 154549
 -455 -455
 -455 -455
 -455 -3731
 -455 -3783
 -435 -33075
 -435 -33075
 -435 -98611
 -435 -123699
 -247 -123745
 -247 -123745
 -247 -163998
 -247 -164087
 -158 -168080
 -158 -168080
 -158 -163998
 -158 -150768
 -112 -150768
 -112 -150754
 -112 -131312
 -112 -131312
 -146 -135058
 -146 -135058
 -146 -131218
 -146 -123181
 -173 -123208
 -173 -123181
 -173 -98378
 -173 -98378
 -202 -110857
 -202 -110857
 -202 -98378
 -202 -93567
 -255 -93567
 -255 -93479
 -255 -65663
 -255 -65663
 -250 -76313
 -250 -76313
 -250 -65658
 -250 -60956
 -156 -60983
 -156 -60956
 -156 -33274
 -156 -33274
 -378 -44203
 -378 -44203
 -378 -33274
 -378 -33274
 -387 -26602
 -387 -26499
 -387 -387
 -387 -387
 -198 -8774
 -198 -8774
 -198 -70
 -198 -70
 -58 12097
 -58 12102
 -58 32582
 -58 32781
 13 32781
 13 32781
 13 32815
 13 32815
 47 35591
 47 35597
 47 59951
 47 59953
 -63 85569
 -63 85619
 -63 98113
 -63 111698
 -174 111631
 -174 111698
 -174 130898
 -174 142359
 -233 142359
 -233 142445
 -233 163607
 -233 200900
 -60 200890
 -60 200900
 -60 229316
 -60 310989
 -307 310920
 -307 310989
 -307 327373
 -307 457045
 -299 457045
 -299 457072
 -299 458325
 -299 607927
 -73 607907
 -73 607907
 -73 607927
 -73 622519
 58 622519
 58 753722
 58 761402
 58 761450
 -245 884107
 -245 884122
 -245 884619
 -245 957450
 -246 957450
 -246 957471
 -246 982794
 -246 1003679
 -353 1003679
 -353 1003687
 -353 1015455
 -353 1034558
 -66 1034558
 -66 1034564
 -66 1048288
 -66 1048288
 -288 1036000
 -288 1036000
 -288 1048273
 -288 1048273
 -431 1036000
 -431 1036000
 -431 1035958
 -431 1016017
 2139061839 1015943
 2139061839 1015943
 2139061839 1015375
 2139061839 989007
 -336 988978
 -336 988978
 -336 982704
 -336 959701
 -380 959664
 -380 959664
 -380 916996
 -380 915036
 -604 914948
 -604 914948
 -604 818468
 -604 814689
 -520 814628
 -520 814628
 -520 687608
 -520 672504
 -619 672394
 -619 672394
 -619 524240
 -619 524181
 -484 523669
 -484 524181
 -484 359964
 -484 350054
 -573 349980
 -573 349980
 -573 163267
 -573 163011
 -479 162970
 -479 32289
 -479 3398
 -479 3361
 -466 -33106
 -466 -33106
 -466 -98642
 -466 -119634
 -309 -119655
 -309 -119655
 -309 -164149
 -309 -164171
 -331 -170275
 -331 -170275
 -331 -164171
 -331 -153250
 -34 -153255
 -34 -153250
 -34 -131234
 -34 -131234
 -223 -137551
 -223 -137551
 -223 -131167
 -223 -125525
 -469 -125537
 -469 -125525
 -469 -98697
 -469 -98697
 -393 -113545
 -393 -113545
 -393 -98697
 -393 -96339
 -211 -96339
 -211 -96314
 -211 -65932
 -211 -65932
 -396 -78476
 -396 -78476
 -396 -65932
 -396 -63333
 -229 -63333
 -229 -63249
 -229 -32997
 -229 -32997
 -229 -46292
 -229 -46292
 -229 -32997
 -229 -32997
 -55 -28855
 -55 -28843
 -55 -263
 -55 -263
 -391 -11271
 -391 -11271
 -391 -263
 -391 -263
 -327 9401
 -327 9401
 -327 9401
 -327 9404
 33 9404
 33 9404
 33 32289
 33 32372
 51 32947
 51 32947
 51 56499
 51 56508
 -88 82472
 -88 82522
 -88 98088
 -88 108516
 -540 108457
 -540 108516
 -540 130532
 -540 138438
 -442 138438
 -442 138447
 -442 163526
 -442 194424
 -8 194330
 -8 194330
 -8 194424
 -8 196472
 149 196472
 149 294933
 149 300309
 149 300326
 -81 445339
 -81 445339
 -81 445359
 -81 458671
 63 458671
 63 589887
 63 596771
 63 596799
 -5 751382
 -5 751483
 -5 753531
 -5 877889
 -63 877888
 -63 877889
 -63 884545
 -63 954360
 -264 954322
 -264 954360
 -264 982776
 -264 1001674
 -182 1001674
 -182 1001721
 -182 1015754
 -182 1034457
 -295 1034457
 -295 1034481
 -295 1048281
 -295 1048281
 -256 1036110
 -256 1036110
 -256 1048320
 -256 1048320
 -207 1036110
 -207 1036110
 -207 1036110
 -207 1015857
 -320 1015837
 -320 1015837
 -320 1015488
 -320 988608
 -263 988604
 -263 988604
 -263 982649
 -263 959097
 -236 959011
 -236 959011
 -236 917268
 -236 916056
 -387 915988
 -387 915988
 -387 851709
 -387 819709
 -563 819702
 -563 819702
 -563 687437
 -563 678245
 -691 678221
 -691 678221
 -691 556493
 -691 531405
 -776 531358
 -776 531358
 -776 359544
 -776 359032
 -399 358948
 -399 358948
 -399 196337
 -399 170993
 -356 170979
 -356 32284
 -356 9273
 -356 9244
 -444 -33084
 -444 -33234
 -444 -98620
 -444 -115992
 -338 -116028
 -338 -116028
 -338 -163946
 -338 -164306
 -234 -172906
 -234 -172906
 -234 -163946
 -234 -155603
 -211 -155646
 -211 -155603
 -211 -131487
 -211 -131487
 -287 -139423
 -287 -139423
 -287 -131487
 -287 -127285
 -181 -127316
 -181 -127285
 -181 -98485
 -181 -98485
 -53 -115855
 -53 -115855
 -53 -98552
 -53 -98552
 -120 -98712
 -120 -98712
 -120 -98552
 -120 -81035
 -139 -81145
 -139 -81145
 -139 -81145
 -139 -81035
 180 -81035
 180 -81035
 180 -66265
 180 -66252
 -85 -50150
 -85 -50133
 -85 -32981
 -85 -32981
 -306 -32736
 -306 -32690
 -306 -459
 -306 -459
 -459 -14795
 -459 -14795
 -459 -459
 -459 -459
 -158 5253
 -158 5346
 -158 32347
 -158 32347
 -293 27770
 -293 27770
 -293 32347
 -293 52106
 -246 52106
 -246 52156
 -246 65418
 -246 78550
 -298 78550
 -298 78581
 -298 98006
 -298 104633
 -71 104580
 -71 104633
 -71 131001
 -71 134090
 -310 134046
 -310 134090
 -310 163530
 -310 188262
 -410 188197
 -410 188197
 -410 188262
 -410 196198
 2 196198
 2 188262
 2 262146
 2 291330
 393 291366
 393 291366
 393 426249
 393 435465
 284 435544
 284 557340
 284 586012
 284 586076
 -59 740659
 -59 740677
 -59 753477
 -59 869025
 -95 869025
 -95 869102
 -95 884641
 -95 947435
 -149 947435
 -149 947441
 -149 950251
 -149 995176
 -24 995176
 -24 995193
 -24 1015656
 -24 1028539
 -69 1028539
 -69 1028598
 -69 1048449
 -69 1048449
 -255 1032937
 -255 1032937
 -255 1032937
 -255 1032937
 -386 1032833
 -386 1032833
 -386 1015721
 -386 1015422
 -87 1014398
 -87 1014398
 -87 1014288
 -87 987561
 -70 987555
 -70 987555
 -70 982842
 -70 958266
 -258 958260
 -258 958260
 -258 917246
 -258 917246
 -363 917156
 -363 917156
 -363 851605
 -363 824024
 -218 823957
 -218 823957
 -218 688038
 -218 683686
 -182 683676
 -182 683676
 -182 557002
 -182 537546
 -143 537495
 -143 537495
 -143 393201
 -143 367345
 -324 367331
 -324 367331
 -324 196156
 -324 178796
 -466 178748
 -466 32302
 -466 15150
 -466 15127
 -427 -33067
 -427 -33067
 -427 -98603
 -427 -112939
 -119 -113024
 -119 -113024
 -119 -163926
 -119 -163959
 -86 -174710
 -86 -174710
 -86 -163926
 -86 -159839
 -95 -159839
 -95 -159783
 -95 -131170
 -95 -131170
 -226 -143177
 -226 -143177
 -226 -131170
 -226 -130779
 -219 -130779
 -219 -130779
 -219 -130779
 -219 -130701
 55 -130701
 55 -130779
 55 -130864
 55 -130864
 80 -119521
 80 -119497
 80 -102714
 80 -102704
 -180 -85183
 -180 -85183
 -180 -85183
 -180 -85172
 61 -85172
 61 -85172
 61 -69955
 61 -69929
 -12 -53558
 -12 -53516
 -12 -32982
 -12 -32982
 -214 -36300
 -214 -36300
 -214 -32982
 -214 -32982
 -206 -18686
 -206 -18638
 -206 -206
 -206 -206
 -326 1419
 -326 1466
 -326 32289
 -326 32289
 -479 24368
 -479 24368
 -479 32289
 -479 32786
 18 32786
 18 32786
 18 48914
 18 48939
 -19 75025
 -19 75117
 -19 98157
 -19 100790
 -74 100790
 -74 100792
 -74 130787
 -74 130787
 -285 128995
 -285 128995
 -285 130787
 -285 180863
 -129 180821
 -129 180821
 -129 180863
 -129 196479
 13 196479
 13 180863
 13 262285
 13 280461
 181 280463
 181 280463
 181 393397
 181 423081
 152 423093
 152 423093
 152 557208
 152 573592
 63 573664
 63 573664
 63 721087
 63 729761
 240 729791
 240 729791
 240 852080
 240 861272
 159 861296
 159 917535
 159 942348
 159 942367
 -163 991378
 -163 991453
 -163 1015773
 -163 1025710
 -210 1025710
 -210 1025719
 -210 1048436
 -210 1048436
 -140 1031540
 -140 1031540
 -140 1031540
 -140 1031540
 -221 1031452
 -221 1031452
 -221 1015756
 -221 1015715
 -52 1013239
 -52 1013239
 -52 1013239
 -52 986586
 -353 986572
 -353 986572
 -353 982687
 -353 957370
 -246 957343
 -246 957343
 -246 950026
 -246 917799
 -235 917770
 -235 917770
 -235 851861
 -235 828309
 -183 828295
 -183 828295
 -183 720713
 -183 688479
 -419 688457
 -419 688457
 -419 556637
 -419 543581
 -578 543516
 -578 543516
 -578 392510
 -578 375614
 -664 375570
 -664 375570
 -664 195944
 -664 187240
 -314 187170
 -314 32454
 -314 21958
 -314 21942
 -252 -32892
 -252 -33176
 -252 -98428
 -252 -108668
 -280 -108671
 -280 -108671
 -280 -163843
 -280 -164248
 -131 -175239
 -131 -175239
 -131 -163843
 -131 -162602
 -42 -162630
 -42 -162602
 -42 -131114
 -42 -131114
 -18 -146450
 -18 -146450
 -18 -131124
 -18 -131124
 -180 -133684
 -180 -133755
 -180 -133684
 -180 -131124
 43 -131124
 43 -130901
 43 -122197
 43 -122190
 -127 -106111
 -127 -106018
 -127 -98431
 -127 -88115
 -51 -88188
 -51 -88115
 -51 -65611
 -51 -65611
 -203 -72982
 -203 -72982
 -203 -65611
 -203 -56717
 -13 -56751
 -13 -56717
 -13 -32909
 -13 -32909
 -206 -38734
 -206 -38734
 -206 -32846
 -206 -32846
 -230 -20730
 -230 -20710
 -230 -230
 -230 -230
 -190 -958
 -190 -958
 -190 -190
 -190 -190
 -83 21154
 -83 21165
 -83 32685
 -83 45065
 -119 45065
 -119 45109
 -119 65289
 -119 71190
 -106 71190
 -106 71243
 -106 98049
 -106 98049
 -127 97379
 -127 97379
 -127 98049
 -127 125528
 -40 125453
 -40 125528
 -40 130904
 -40 175705
 -39 175684
 -39 175684
 -39 175705
 -39 196441
 59 196441
 59 175705
 59 262203
 59 272699
 285 272764
 285 272764
 285 393501
 285 414493
 268 414515
 268 414515
 268 557452
 268 564364
 244 564475
 244 688372
 244 719012
 244 719092
 -25 852517
 -25 852583
 -25 884583
 -25 936127
 -65 936127
 -65 936162
 -65 950207
 -65 986832
 -176 986832
 -176 986869
 -176 1015760
 -176 1022371
 -93 1022371
 -93 1022422
 -93 1048483
 -93 1048483
 -164 1029596
 -164 1029596
 -164 1029596
 -164 1029596
 -192 1029539
 -192 1029539
 -192 1015705
 -192 1015616
 -103 1012090
 -103 1012090
 -103 1012090
 -103 985785
 -83 985753
 -83 985753
 -83 982829
 -83 956980
 -196 956973
 -196 956973
 -196 950204
 -196 918460
 -208 918429
 -208 918429
 -208 851888
 -208 833459
 -437 833456
 -437 833456
 -437 720587
 -437 696267
 -448 696201
 -448 696201
 -448 556608
 -448 550976
 -490 550967
 -490 550967
 -490 392726
 -490 384790
 -593 384769
 -593 384769
 -593 196152
 -593 196143
 -508 195887
 -508 32388
 -508 28911
 -508 28804
 -499 -33267
 -499 -33267
 -499 -98803
 -499 -104179
 -165 -104181
 -165 -104181
 -165 -163877
 -165 -164058
 -90 -174373
 -90 -174464
 -90 -179416
 -90 -179416
 60 -179416
 60 -179416
 60 -164036
 60 -163997
 -196 -148036
 -196 -147974
 -196 -131572
 -196 -131572
 -372 -135634
 -372 -135634
 -372 -131572
 -372 -124156
 -124 -124156
 -124 -124058
 -124 -98591
 -124 -98591
 -287 -107807
 -287 -107807
 -287 -98591
 -287 -89918
 -318 -89918
 -318 -89912
 -318 -65854
 -318 -65854
 -136 -73736
 -136 -73844
 -136 -73736
 -136 -65544
 217 -65544
 217 -73736
 217 -65447
 217 -65356
 52 -57789
 52 -57767
 52 -40815
 52 -40780
 -139 -23733
 -139 -23691
 -139 -331
 -139 -331
 -459 -3899
 -459 -3899
 -459 -331
 -459 -331
 -378 18693
 -378 18694
 -378 32262
 -378 42728
 -152 42678
 -152 42678
 -152 42728
 -152 65512
 70 65512
 70 65734
 70 69062
 70 69093
 -270 95423
 -270 95474
 -270 98034
 -270 122407
 -345 122369
 -345 122407
 -345 130599
 -345 169849
 -7 169805
 -7 169805
 -7 169849
 -7 196473
 58 196473
 58 169849
 58 262202
 58 263226
 40 263258
 40 263258
 40 393384
 40 403112
 52 403144
 52 403144
 52 524340
 52 552500
 116 552542
 116 688244
 116 708385
 116 708468
 -294 845402
 -294 845412
 -294 851546
 -294 932130
 -94 932116
 -94 932130
 -94 950050
 -94 983475
 -77 983441
 -77 983475
 -77 1015731
 -77 1019772
 -132 1019685
 -132 1019772
 -132 1048076
 -132 1048076
 -372 1029389
 -372 1029389
 -372 1029389
 -372 1029389
 -199 1029388
 -199 1029388
 -199 1015609
 -199 1015606
 -74 1012286
 -74 1012286
 -74 1012286
 -74 986224
 -140 986166
 -140 986166
 -140 982900
 -140 958068
 -518 957996
 -518 957996
 -518 949626
 -518 920698
 -758 920646
 -758 920646
 -758 851210
 -758 837978
 -396 837898
 -396 837898
 -396 720628
 -396 701428
 -335 701393
 -335 701393
 -335 556721
 -335 556209
 -679 556197
 -679 556197
 -679 392665
 -679 391385
 -506 391339
 -506 391339
 -506 228998
 -506 202965
 -449 202886
 -449 65087
 -449 35135
 -449 35121
 -368 -33136
 -368 -33136
 -368 -98672
 -368 -99417
 -114 -99440
 -114 -99440
 -114 -163954
 -114 -164062
 -222 -174888
 -222 -174888
 -222 -164104
 -222 -164104
 -264 -167688
 -264 -167688
 -264 -164104
 -264 -151251
 -83 -151296
 -83 -151251
 -83 -131283
 -83 -131283
 -1 -138497
 -1 -138497
 -1 -131073
 -1 -126668
 -204 -126668
 -204 -126650
 -204 -98508
 -204 -98508
 -228 -110649
 -228 -110649
 -228 -98404
 -228 -92995
 -195 -92995
 -195 -92974
 -195 -65680
 -195 -65680
 -144 -77456
 -144 -77514
 -144 -77456
 -144 -65680
 48 -65680
 48 -77456
 48 -65518
 48 -65360
 18 -61520
 18 -61468
 18 -44014
 18 -43964
 -176 -27069
 -176 -27056
 -176 -241
 -176 -241
 -113 -6842
 -113 -6842
 -113 -241
 -113 -241
 -41 16335
 -41 16343
 -41 32727
 -41 39764
 -172 39707
 -172 39764
 -172 65364
 -172 65364
 -11 64885
 -11 64885
 -11 65397
 -11 90724
 -284 90681
 -284 90724
 -284 97892
 -284 117938
 -206 117932
 -206 117938
 -206 130994
 -206 163525
 -59 163525
 -59 163525
 -59 163561
 -59 163781
 99 163781
 99 163561
 99 229475
 99 254261
 157 254307
 157 254307
 157 393373
 157 394113
 182 394141
 182 394141
 182 524342
 182 543798
 133 543858
 133 543858
 133 688261
 133 698501
 116 698510
 116 819444
 116 836323
 116 836340
 -170 925486
 -170 925526
 -170 950102
 -170 977813
 -235 977813
 -235 977830
 -235 982933
 -235 1015629
 -179 1015610
 -179 1015629
 -179 1015629
 -179 1028109
 -115 1028109
 -115 1028109
 -115 1028109
 -115 1028109
 42 1012023
 42 1012023
 42 1012023
 42 1012010
 -7 1012010
 -7 1012023
 -7 1012023
 -7 986105
 -191 986032
 -191 986032
 -191 982977
 -191 957377
 -280 957336
 -280 957336
 -280 949864
 -280 921704
 -350 921697
 -350 921697
 -350 851490
 -350 842564
 -424 842530
 -424 842530
 -424 720472
 -424 707672
 -569 707655
 -569 707655
 -569 589255
 -569 563455
 -625 563399
 -625 563399
 -625 425231
 -625 401935
 -426 401921
 -426 401921
 -426 229078
 -426 213718
 -485 213715
 -485 65179
 -485 42405
 -485 42395
 -411 -411
 -411 -33012
 -411 -65947
 -411 -95131
 -244 -95226
 -244 -164084
 -244 -175021
 -244 -175092
 39 -185396
 39 -185433
 39 -196441
 39 -196441
 100 -185433
 100 -185396
 100 -169687
 100 -169628
 -182 -152533
 -182 -152502
 -182 -131254
 -182 -131254
 -47 -139695
 -47 -139695
 -47 -131247
 -47 -129040
 -144 -129077
 -144 -129040
 -144 -98328
 -144 -98328
 -24 -113682
 -24 -113688
 -24 -113682
 -24 -98328
 82 -98328
 82 -98094
 82 -95278
 82 -95276
 -106 -79339
 -106 -79338
 -106 -65770
 -106 -63073
 -353 -63073
 -353 -63048
 -353 -33121
 -353 -33121
 -174 -45358
 -174 -45362
 -174 -45358
 -174 -32814
 3 -32814
 3 -45358
 3 -32695
 3 -32637
 73 -28285
 73 -28245
 73 -9143
 73 -9094
 -133 13421
 -133 13435
 -133 32635
 -133 32940
 44 32940
 44 32940
 44 32940
 44 32940
 21 37292
 21 37292
 21 37353
 21 62101
 98 62201
 98 65762
 98 88450
 98 88546
 -149 115204
 -149 115307
 -149 130923
 -149 159211
 -277 159117
 -277 159117
 -277 159211
 -277 163563
 16 163563
 16 159211
 16 229520
 16 245648
 226 245718
 226 360674
 226 382172
 226 382178
 -54 531786
 -54 531818
 -54 556874
 -54 686843
 -5 686820
 -5 686820
 -5 686843
 -5 688123
 115 688123
 115 819315
 115 827480
 115 827507
 -46 920530
 -46 920530
 -46 920558
 -46 950226
 30 950226
 30 950302
 30 975112
 30 975134
 -120 1013256
 -120 1013342
 -120 1015560
 -120 1026004
 -300 1026004
 -300 1026041
 -300 1026041
 -300 1026041
 -285 1026004
 -285 1015395
 -285 1011811
 -285 1011746
 94 986590
 94 986590
 94 986546
 94 983262
 -57 983262
 -57 986546
 -57 982983
 -57 958151
 -257 958105
 -257 958105
 -257 949887
 -257 923775
 -141 923775
 -141 923775
 -141 851827
 -141 850035
 -242 849921
 -242 849921
 -242 720654
 -242 717089
 -409 717070
 -409 717070
 -409 589415
 -409 570471
 -643 570453
 -643 570453
 -643 425469
 -643 408829
 -612 408790
 -612 408790
 -612 228764
 -612 221092
 -717 221084
 -717 64819
 -717 48750
 -717 48691
 -264 -392
 -264 -32833
 -264 -65928
 -264 -89992
 -193 -90052
 -193 -90052
 -193 -163905
 -193 -164109
 -269 -173622
 -269 -173622
 -269 -164279
 -269 -164279
 -311 -171703
 -311 -171703
 -311 -164279
 -311 -155383
 -247 -155383
 -247 -155276
 -247 -131319
 -247 -131319
 -227 -141637
 -227 -141637
 -227 -131171
 -227 -130628
 -68 -130653
 -68 -130628
 -68 -98416
 -68 -98416
 -240 -115503
 -240 -115503
 -240 -98416
 -240 -96569
 -185 -96631
 -185 -96569
 -185 -65937
 -185 -65937
 -273 -80514
 -273 -80514
 -273 -65937
 -273 -64776
 -8 -64889
 -8 -64776
 -8 -33024
 -8 -33024
 -128 -48126
 -128 -48126
 -128 -33024
 -128 -33024
 -221 -31092
 -221 -31069
 -221 -93
 -221 -93
 -154 -11034
 -154 -11034
 -154 -26
 -154 -26
 -125 11267
 -125 11370
 -125 32515
 -125 34935
 -265 34881
 -265 34935
 -265 65143
 -265 65143
 -196 59989
 -196 59989
 -196 65340
 -196 85843
 -45 85839
 -45 85843
 -45 98131
 -45 111989
 -11 111965
 -11 111965
 -11 111989
 -11 130933
 166 130933
 166 111989
 166 131110
 166 153638
 105 153696
 105 153696
 105 229609
 105 237482
 113 237545
 113 237545
 113 360561
 113 372308
 170 372337
 170 372337
 170 491562
 170 522250
 310 522282
 310 522282
 310 655798
 310 678020
 79 678070
 79 819279
 79 820481
 79 820559
 -53 915388
 -53 915403
 -53 917451
 -53 970690
 -190 970633
 -190 970690
 -190 982978
 -190 1009511
 -153 1009413
 -153 1009511
 -153 1015655
 -153 1025109
 -171 1025087
 -171 1025109
 -171 1025109
 -171 1025109
 -193 1025087
 -193 1025087
 -193 1015743
 -193 1015558
 -122 1012191
 -122 1012191
 -122 1012191
 -122 987245
 -368 987142
 -368 987142
 -368 982544
 -368 959077
 -374 958992
 -374 958992
 -374 949898
 -374 925094
 -300 925066
 -300 925066
 -300 884436
 -300 853730
 -143 853716
 -143 853716
 -143 753521
 -143 723569
 -619 723504
 -619 723504
 -619 589205
 -619 577986
 -505 577941
 -505 577941
 -505 425479
 -505 419409
 -464 419335
 -464 419335
 -464 261680
 -464 231984
 -600 231953
 -600 64808
 -600 57640
 -600 57612
 -395 -395
 -395 -32948
 -395 -65931
 -395 -83339
 -52 -83345
 -52 -83345
 -52 -163859
 -52 -164020
 -19 -171444
 -19 -171444
 -19 -163956
 -19 -163956
 -116 -173684
 -116 -173684
 -116 -163956
 -116 -156387
 -99 -156387
 -99 -156373
 -99 -131490
 -99 -131490
 -290 -142498
 -290 -142498
 -290 -131490
 -290 -131490
 -142 -131598
 -142 -131598
 -142 -131086
 -142 -116780
 -44 -116803
 -44 -116803
 -44 -116803
 -44 -116780
 13 -116780
 13 -116780
 13 -98675
 13 -98561
 -302 -82639
 -302 -82606
 -302 -65966
 -302 -65966
 -220 -67163
 -220 -67163
 -220 -65628
 -220 -49793
 -129 -49851
 -129 -49793
 -129 -32897
 -129 -32897
 -40 -32552
 -40 -32516
 -40 -164
 -40 -164
 -164 -12708
 -164 -12708
 -164 -164
 -164 -164
 19 147
 19 147
 19 9861
 19 9875
 -39 33672
 -39 33672
 -39 33672
 -39 33753
 30 33753
 30 33672
 30 33672
 30 58142
 151 58209
 151 65559
 151 83975
 151 83991
 -175 109864
 -175 109864
 -175 109905
 -175 130897
 104 130897
 104 109905
 104 131304
 104 150238
 129 150248
 129 150248
 129 229505
 129 231041
 44 231100
 44 231100
 44 360492
 44 364332
 161 364403
 161 364403
 161 491681
 161 514465
 196 514472
 196 655428
 196 668932
 196 668996
 -9 812478
 -9 812535
 -9 819191
 -9 910072
 -8 910069
 -8 910069
 -8 910072
 -8 917496
 38 917496
 38 910072
 38 950438
 38 967334
 8 967370
 8 983048
 8 1007112
 8 1007192
 -140 1024186
 -140 1024244
 -140 1024244
 -140 1024244
 -324 1024186
 -324 1024186
 -324 1015608
 -324 1015356
 -200 1012071
 -200 1012028
 -200 987704
 -200 987687
 105 959465
 105 959362
 105 950505
 105 926150
 70 926150
 70 926150
 70 926108
 70 917702
 -351 917702
 -351 926108
 -351 884257
 -351 858945
 -614 858913
 -614 858913
 -614 752922
 -614 731237
 -452 731162
 -452 731162
 -452 589500
 -452 585944
 -262 585916
 -262 585916
 -262 458362
 -262 428922
 -557 428896
 -557 428896
 -557 261459
 -557 243283
 -491 243232
 -491 97813
 -491 67158
 -491 67093
 -325 -453
 -325 -32956
 -325 -65989
 -325 -76477
 -188 -76485
 -188 -76485
 -188 -164028
 -188 -164068
 -228 -168892
 -228 -168892
 -228 -164068
 -228 -164068
 -235 -175139
 -235 -175139
 -235 -163947
 -235 -158158
 -334 -158158
 -334 -158125
 -334 -131534
 -334 -131534
 -278 -144022
 -278 -144022
 -278 -131478
 -278 -131478
 -171 -132395
 -171 -132395
 -171 -131115
 -171 -118339
 -323 -118399
 -323 -118339
 -323 -98641
 -323 -98641
 -337 -100897
 -337 -100897
 -337 -98641
 -337 -84937
 -329 -84937
 -329 -84885
 -329 -65993
 -329 -65993
 -135 -69127
 -135 -69127
 -135 -65543
 -135 -52344
 -120 -52344
 -120 -52344
 -120 -52344
 -120 -52281
 26 -52281
 26 -52281
 26 -34662
 26 -34594
 -231 -15463
 -231 -15427
 -231 -103
 -231 -103
 -74 6196
 -74 6198
 -74 32566
 -74 32566
 -252 29150
 -252 29150
 -252 32644
 -252 32908
 12 32908
 12 32908
 12 32908
 12 54156
 78 54240
 78 65614
 78 81174
 78 81230
 -99 107549
 -99 107579
 -99 130845
 -99 146705
 -111 146703
 -111 146705
 -111 163601
 -111 225132
 -20 225068
 -20 225068
 -20 225132
 -20 229228
 206 229228
 206 327886
 206 355022
 206 355069
 -139 501848
 -139 501848
 -139 501877
 -139 524149
 55 524149
 55 501877
 55 655415
 55 655415
 34 655429
 34 655429
 34 786594
 34 801683
 48 801698
 48 884784
 48 902448
 48 902473
 -289 961289
 -289 961375
 -289 982623
 -289 1002949
 -59 1002949
 -59 1002981
 -59 1015749
 -59 1022551
 -169 1022509
 -169 1022551
 -169 1022551
 -169 1022551
 -70 1022509
 -70 1022509
 -70 1015807
 -70 1015610
 -129 1011011
 -129 1011011
 -129 1011011
 -129 986367
 -126 986279
 -126 986279
 -126 982914
 -126 958359
 -184 958338
 -184 958338
 -184 950216
 -184 926152
 -217 926105
 -217 926105
 -217 884519
 -217 861823
 -84 861735
 -84 861735
 -84 753580
 -84 737230
 -372 737196
 -372 737196
 -372 622220
 -372 591760
 -632 591760
 -632 591756
 -632 458219
 -632 436203
 -632 436203
 -632 261384
 -632 250398
 -355 250376
 -355 97949
 -355 72670
 -355 72605
 -439 -311
 -439 -32877
 -439 -65847
 -439 -72193
 -237 -72247
 -237 -72247
 -237 -163949
 -237 -163967
 -127 -168813
 -127 -168813
 -127 -164051
 -127 -164051
 -83 -178899
 -83 -178899
 -83 -164051
 -83 -161976
 -184 -161976
 -184 -161976
 -184 -161976
 -184 -161976
 56 -161976
 56 -161976
 56 -148090
 56 -148040
 -135 -136960
 -135 -136839
 -135 -131207
 -135 -122636
 -140 -122752
 -140 -122636
 -140 -98479
 -140 -98479
 -47 -104603
 -47 -104603
 -47 -98479
 -47 -87862
 -54 -87925
 -54 -87862
 -54 -65878
 -54 -65878
 -342 -71510
 -342 -71510
 -342 -65878
 -342 -54701
 -173 -54702
 -173 -54701
 -173 -33014
 -173 -33014
 -118 -37835
 -118 -37835
 -118 -33014
 -118 -33014
 -14 -19143
 -14 -19086
 -14 -142
 -14 -142
 202 202
 202 202
 202 2498
 202 2506
 -204 25908
 -204 25952
 -204 32564
 -204 50988
 -212 50988
 -212 50996
 -212 65324
 -212 78049
 -31 77967
 -31 78049
 -31 98273
 -31 104148
 -44 104065
 -44 104148
 -44 131028
 -44 141095
 -89 141061
 -89 141061
 -89 141095
 -89 163623
 23 163623
 23 141095
 23 196631
 23 215310
 138 215319
 138 215319
 138 327690
 138 342794
 232 342829
 232 342829
 232 458856
 232 491112
 4 491135
 4 622596
 4 644612
 4 644675
 -124 793092
 -124 793136
 -124 818948
 -124 898028
 -148 897990
 -148 898028
 -148 917484
 -148 958060
 -148 958050
 -148 958060
 -148 982892
 -148 999113
 -55 999113
 -55 999154
 -55 1015753
 -55 1020649
 -279 1020589
 -279 1020589
 -279 1020589
 -279 1020589
 9 1010893
 9 1010893
 9 1010893
 9 1010825
 -256 1010825
 -256 1010893
 -256 1010893
 -256 986499
 -177 986496
 -177 986496
 -177 982863
 -177 958552
 -164 958543
 -164 958543
 -164 950108
 -164 927602
 -195 927580
 -195 927580
 -195 884669
 -195 867005
 -405 866950
 -405 866950
 -405 753259
 -405 744555
 -331 744480
 -331 744480
 -331 622261
 -331 598969
 -401 598965
 -401 598965
 -401 458351
 -401 446063
 -369 446029
 -369 446029
 -369 294543
 -369 262333
 -519 262287
 -519 97785
 -519 82425
 -519 82398
 -487 -33127
 -487 -33127
 -487 -33127
 -487 -64827
 -213 -64871
 -213 -64871
 -213 -163925
 -213 -164067
 -227 -164931
 -227 -164931
 -227 -164067
 -227 -164067
 -250 -180569
 -250 -180569
 -250 -163962
 -250 -163413
 -85 -163413
 -85 -163329
 -85 -131157
 -85 -131157
 -65 -149043
 -65 -149043
 -65 -131162
 -65 -131162
 -90 -137780
 -90 -137818
 -90 -137780
 -90 -131162
 234 -131162
 234 -137780
 234 -131024
 234 -130966
 48 -124054
 48 -124054
 48 -124050
 48 -105424
 8 -105348
 8 -98296
 8 -89080
 8 -89070
 -58 -74101
 -58 -74101
 -58 -74042
 -58 -65594
 9 -65594
 9 -65527
 9 -57335
 9 -57290
 -39 -40231
 -39 -40220
 -39 -32807
 -39 -32807
 -213 -21462
 -213 -21461
 -213 -213
 -213 -213
 -248 392
 -248 434
 -248 32555
 -248 32555
 -85 23890
 -85 23890
 -85 32555
 -85 32879
 111 32879
 111 32879
 111 48971
 111 49007
 -88 75688
 -88 75688
 -88 75697
 -88 98216
 78 98216
 78 98510
 78 101052
 78 101070
 -196 136980
 -196 136980
 -196 137020
 -196 163644
 48 163644
 48 137020
 48 196656
 48 209200
 184 209203
 184 209203
 184 327736
 184 334904
 374 334956
 374 459126
 374 482865
 374 482934
 -7 635969
 -7 636025
 -7 655225
 -7 784597
 -43 784597
 -43 784597
 -43 784619
 -43 786389
 178 786389
 178 784619
 178 884786
 178 891423
 168 891442
 168 950440
 168 953482
 168 953512
 -1 995469
 -1 995583
 -1 1015807
 -1 1018086
 -154 1018074
 -154 1018086
 -154 1018086
 -154 1018086
 -128 1018074
 -128 1015552
 -128 1009749
 -128 1009664
 10 986710
 10 986710
 10 986634
 10 983050
 -14 983050
 -14 986634
 -14 983026
 -14 958962
 -391 958884
 -391 958884
 -391 950009
 -391 927481
 -416 927475
 -416 927475
 -416 884320
 -416 869728
 -339 869633
 -339 869633
 -339 753197
 -339 750430
 -185 750381
 -185 750381
 -185 622535
 -185 605413
 -655 605383
 -655 605383
 -655 458225
 -655 452858
 -473 452849
 -473 452849
 -473 294567
 -473 270759
 -322 270720
 -322 97982
 -322 89566
 -322 89534
 -315 -33083
 -315 -33083
 -315 -33083
 -315 -59707
 -275 -59761
 -275 -59761
 -275 -131347
 -275 -163347
 -32 -163455
 -32 -163455
 -32 -163872
 -32 -163893
 -53 -182837
 -53 -182837
 -53 -163893
 -53 -163893
 -38 -166182
 -38 -166182
 -38 -163878
 -38 -151983
 -47 -151983
 -47 -151955
 -47 -131247
 -47 -131247
 -100 -140081
 -100 -140081
 -100 -131172
 -100 -126261
 -181 -126291
 -181 -126261
 -181 -98369
 -181 -98369
 -193 -108550
 -193 -108550
 -193 -98369
 -193 -91971
 -67 -92002
 -67 -91971
 -67 -65673
 -67 -65673
 -137 -76425
 -137 -76425
 -137 -65673
 -137 -59656
 -8 -59711
 -8 -59656
 -8 -32870
 -8 -32870
 -102 -42554
 -102 -42598
 -102 -42554
 -102 -32870
 32 -32870
 32 -42554
 32 -32736
 32 -32634
 134 -23776
 134 -23682
 134 -2170
 134 -2074
 103 103
 103 103
 103 21086
 103 21095
 -67 46132
 -67 46132
 -67 46141
 -67 65341
 15 65341
 15 65551
 15 72463
 15 72564
 -67 98365
 -67 98365
 -67 98378
 -67 130877
 80 130877
 80 98378
 80 131152
 80 132900
 168 132944
 168 132944
 168 196776
 168 202147
 138 202152
 138 202152
 138 294922
 138 324618
 119 324733
 119 458871
 119 472385
 119 472439
 -13 625077
 -13 625077
 -13 625139
 -13 655347
 311 655347
 311 754103
 311 775607
 311 775652
 -83 885805
 -83 885868
 -83 917293
 -83 949277
 -227 949277
 -227 949293
 -227 950045
 -227 991772
 -356 991772
 -356 991796
 -356 1015324
 -356 1016062
 -258 1015940
 -258 1016062
 -258 1016062
 -258 1016062
 -68 1015940
 -68 1015940
 -68 1015612
 -68 1015481
 -327 1009212
 -327 1009212
 -327 1009205
 -327 986041
 -181 986026
 -181 986026
 -181 982859
 -181 958283
 -188 958210
 -188 958210
 -188 950212
 -188 927438
 -127 927428
 -127 927428
 -127 884609
 -127 872359
 -400 872321
 -400 872321
 -400 786032
 -400 756085
 -184 756080
 -184 756080
 -184 622536
 -184 611815
 -299 611784
 -299 611784
 -299 491093
 -299 460629
 -403 460618
 -403 460618
 -403 294509
 -403 279917
 -346 279912
 -346 98173
 -346 98086
 -346 97830
 -213 -32853
 -213 -32853
 -213 -32853
 -213 -52544
 -414 -52565
 -414 -52565
 -414 -131358
 -414 -160542
 -114 -160609
 -114 -160609
 -114 -164025
 -114 -164082
 -57 -185230
 -57 -185230
 -57 -164025
 -57 -164025
 -181 -167987
 -181 -167987
 -181 -163893
 -181 -153584
 -112 -153590
 -112 -153584
 -112 -131312
 -112 -131312
 -62 -142397
 -62 -142397
 -62 -131134
 -62 -129240
 -88 -129240
 -88 -129240
 -88 -129240
 -88 -129236
 112 -129236
 112 -129240
 112 -129236
 112 -111007
 156 -110992
 156 -98276
 156 -94180
 156 -94171
 -243 -78707
 -243 -78614
 -243 -65651
 -243 -61531
 -219 -61545
 -219 -61531
 -219 -32936
 -219 -32936
 -40 -44712
 -40 -44712
 -40 -32936
 -40 -32936
 -62 -26488
 -62 -26430
 -62 -457
 -62 -457
 -329 -5065
 -329 -5065
 -329 -457
 -329 -457
 -246 18314
 -246 18391
 -246 32650
 -246 42997
 -139 42997
 -139 42997
 -139 43005
 -139 65525
 3 65525
 3 65667
 3 69251
 3 69289
 -172 95651
 -172 95700
 -172 98260
 -172 129516
 -148 129417
 -148 129516
 -148 131052
 -148 195329
 -127 195329
 -127 195414
 -127 196353
 -127 314529
 -95 314529
 -95 314529
 -95 314617
 -95 327585
 120 327585
 120 314617
 120 458872
 120 462112
 247 462200
 247 589943
 247 614770
 247 614775
 -184 766104
 -184 766152
 -184 786376
 -184 879021
 -83 879021
 -83 879075
 -83 884653
 -83 944586
 -182 944586
 -182 944625
 -182 950218
 -182 987566
 -338 987566
 -338 987621
 -338 1015470
 -338 1015470
 -252 1013852
 -252 1013852
 -252 1015556
 -252 1015556
 -57 1013852
 -57 1013852
 -57 1015581
 -57 1015581
 -99 1008726
 -99 1008726
 -99 1008726
 -99 986457
 -294 986397
 -294 986397
 -294 982618
 -294 959090
 -141 959066
 -141 959066
 -141 950259
 -141 929011
 -312 928988
 -312 928988
 -312 884296
 -312 876616
 -367 876546
 -367 876546
 -367 786065
 -367 764140
 -428 764049
 -428 764049
 -428 622292
 -428 620244
 -398 620209
 -398 620209
 -398 491122
 -398 470386
 -532 470302
 -532 470302
 -532 294252
 -532 291180
 -614 291168
 -614 130458
 -614 107987
 -614 107930
 -576 -33472
 -576 -33472
 -576 -33472
 -576 -44985
 -247 -44992
 -247 -131191
 -247 -156263
 -247 -156279
 24 -194536
 24 -194536
 24 -194536
 24 -194536
 -202 -186442
 -202 -186393
 -202 -163914
 -202 -163914
 -45 -168749
 -45 -168749
 -45 -163885
 -45 -154294
 -45 -163885
 -45 -168749
 -45 -168807
 -54 -182
 -54 -131254
 -54 -154294
 -54 -154282
