 -152 8355688
 -152 98152
 -152 78184
 -152 78104
 70 198
 70 65734
 70 78534
 70 78587
 16 144
 16 65680
 16 77712
 16 77751
 -296 8355416
 -296 97880
 -296 82008
 -296 81928
 1 129
 1 65665
 1 85889
 1 85988
 55 55
 55 65591
 55 91191
 55 91165
 160 160
 160 65696
 160 96160
 160 96208
 -24 8388456
 -24 130920
 -24 100200
 -24 100120
 -297 8388311
 -297 130775
 -297 102359
 -297 102311
 -347 8388133
 -347 130597
 -347 102693
 -347 102661
 -144 8388464
 -144 130928
 -144 103024
 -144 102980
 -114 8388494
 -114 130958
 -114 101006
 -114 101112
 -313 8355527
 -313 97991
 -313 96199
 -313 96190
 -179 8355661
 -179 98125
 -179 91725
 -179 91755
 -193 8355647
 -193 98111
 -193 90431
 -193 90380
 -105 8355735
 -105 98199
 -105 92055
 -105 92110
 -72 8355768
 -72 98232
 -72 93880
 -72 93865
 139 11
 139 65547
 139 92427
 139 92449
 -255 8355585
 -255 98049
 -255 89601
 -255 89724
 -251 8355717
 -251 98181
 -251 86661
 -251 86730
 -7 8355705
 -7 98169
 -7 82297
 -7 82222
 -219 8355621
 -219 98085
 -219 77349
 -219 77323
 -156 8355684
 -156 98148
 -156 72292
 -156 72279
 -327 8355513
 -327 97977
 -327 69305
 -327 69269
 -321 8355391
 -321 97855
 -321 67391
 -321 67441
 -102 8355738
 -102 98202
 -102 65690
 -102 65671
 40 32808
 40 32808
 40 63272
 40 63281
 -280 8388200
 -280 65128
 -280 60008
 -280 59917
 -195 8388413
 -195 65341
 -195 55869
 -195 55822
 99 32867
 99 32867
 99 51811
 99 51746
 251 32891
 251 32891
 251 49275
 251 49162
 -66 8388414
 -66 65342
 -66 48958
 -66 48938
 -206 8388530
 -206 65458
 -206 49842
 -206 49871
 -415 8388321
 -415 65249
 -415 50913
 -415 50862
 -115 8388365
 -115 65293
 -115 50701
 -115 50705
 -89 8388519
 -89 65447
 -89 48807
 -89 48836
 -273 8388335
 -273 65263
 -273 45807
 -273 45792
 -333 8388275
 -333 65203
 -333 42419
 -333 42380
 -444 8388164
 -444 65092
 -444 40260
 -444 40260
 -97 8388383
 -97 65311
 -97 39967
 -97 39962
 40 32936
 40 32936
 40 40616
 40 40700
 128 32768
 128 32768
 128 42240
 128 42258
 -183 8388553
 -183 65481
 -183 42697
 -183 42711
 -226 8388382
 -226 65310
 -226 41758
 -226 41855
 3 32899
 3 32899
 3 39555
 3 39588
 36 32932
 36 32932
 36 36772
 36 36772
 -104 8388504
 -104 65432
 -104 34968
 -104 35042
 -202 8388406
 -202 65334
 -202 35126
 -202 35116
 -61 8388419
 -61 65347
 -61 36675
 -61 36687
 -80 8388528
 -80 65456
 -80 38576
 -80 38621
 -122 8388486
 -122 65414
 -122 39814
 -122 39818
 -267 8388341
 -267 65269
 -267 39413
 -267 39331
 -235 8388501
 -235 65429
 -235 37013
 -235 37019
 -247 8388489
 -247 65417
 -247 33929
 -247 33978
 -39 8355801
 -39 32729
 -39 32217
 -39 32215
 -38 8388442
 -38 65370
 -38 32858
 -38 32829
 -131 8388477
 -131 65405
 -131 35197
 -131 35099
 -124 8388356
 -124 65284
 -124 37636
 -124 37673
 -363 8388117
 -363 65045
 -363 39189
 -363 39237
 -251 8388357
 -251 65285
 -251 39429
 -251 39452
 -194 8388542
 -194 65470
 -194 38078
 -194 38053
 69 32837
 69 32837
 69 36165
 69 36208
 22 32790
 22 32790
 22 35606
 22 35611
 -101 8388379
 -101 65307
 -101 36379
 -101 36415
 -5 8388475
 -5 65403
 -5 38523
 -5 38514
 149 32789
 149 32789
 149 40981
 149 41032
 -184 8388552
 -184 65480
 -184 41928
 -184 41893
 -259 8388349
 -259 65277
 -259 40957
 -259 40933
 68 32964
 68 32964
 68 38596
 68 38572
 135 32775
 135 32775
 135 35847
 135 35948
 18 32786
 18 32786
 18 34578
 18 34593
 -97 8388511
 -97 65439
 -97 34719
 -97 34759
 -107 8388501
 -107 65429
 -107 36757
 -107 36858
 -216 8388520
 -216 65448
 -216 39080
 -216 39106
 -72 8388408
 -72 65336
 -72 40504
 -72 40457
 -210 8388526
 -210 65454
 -210 40366
 -210 40442
 -221 8388515
 -221 65443
 -221 38819
 -221 38829
 -118 8388362
 -118 65290
 -118 37130
 -118 37200
 2 32770
 2 32770
 2 36354
 2 36432
 -25 8388455
 -25 65383
 -25 36967
 -25 36916
 -235 8388373
 -235 65301
 -235 39189
 -235 39202
 -316 8388292
 -316 65220
 -316 41156
 -316 41193
 -375 8388105
 -375 65033
 -375 42249
 -375 42265
 -154 8388582
 -154 65510
 -154 42214
 -154 42138
 -3 8388477
 -3 65405
 -3 41085
 -3 40985
 -17 8388463
 -17 65391
 -17 39535
 -17 39528
 -48 8388432
 -48 65360
 -48 38992
 -48 38943
 106 32874
 106 32874
 106 40042
 106 40019
 96 32864
 96 32864
 96 42336
 96 42255
 175 32943
 175 32943
 175 44207
 175 44255
 -34 8388446
 -34 65374
 -34 45150
 -34 45112
 -212 8388396
 -212 65324
 -212 44332
 -212 44369
 -216 8388392
 -216 65320
 -216 42792
 -216 42820
 74 32842
 74 32842
 74 41290
 74 41246
 46 32942
 46 32942
 46 40878
 46 40917
 -96 8388384
 -96 65312
 -96 42016
 -96 42069
 -68 8388540
 -68 65468
 -68 43964
 -68 43948
 -15 8388465
 -15 65393
 -15 45681
 -15 45677
 223 32991
 223 32991
 223 46303
 223 46248
 -29 8388451
 -29 65379
 -29 45411
 -29 45436
 -197 8388539
 -197 65467
 -197 44219
 -197 44221
 -164 8388444
 -164 65372
 -164 43100
 -164 43091
 -126 8388482
 -126 65410
 -126 43138
 -126 43177
 5 32901
 5 32901
 5 44421
 5 44419
 149 32789
 149 32789
 149 46101
 149 46148
 40 32808
 40 32808
 40 47656
 40 47637
 -222 8388514
 -222 65442
 -222 47778
 -222 47828
 -70 8388410
 -70 65338
 -70 46394
 -70 46436
 55 32951
 55 32951
 55 44727
 55 44758
 185 32825
 185 32825
 185 43065
 185 43119
 30 32926
 30 32926
 30 42654
 30 42748
 -85 8388395
 -85 65323
 -85 43819
 -85 43839
 -97 8388511
 -97 65439
 -97 45471
 -97 45491
 268 33036
 268 33036
 268 46604
 268 46702
 347 33243
 347 33243
 347 46811
 347 46744
 -449 8388159
 -449 65087
 -449 45887
 -449 45925
 -500 8388236
 -500 65164
 -500 44428
 -500 44472
 -91 8388517
 -91 65445
 -91 43429
 -91 43400
 -65 8388543
 -65 65471
 -65 43455
 -65 43473
 -186 8388422
 -186 65350
 -186 44358
 -186 44383
 -247 8388489
 -247 65417
 -247 45449
 -247 45542
 -322 8388158
 -322 65086
 -322 46398
 -322 46369
 -79 8388401
 -79 65329
 -79 45873
 -79 45889
 260 33156
 260 33156
 260 44420
 260 44445
 -210 8388526
 -210 65454
 -210 42926
 -210 42937
 -273 8388207
 -273 65135
 -273 42095
 -273 42065
 29 32797
 29 32797
 29 42525
 29 42496
 47 32943
 47 32943
 47 43695
 47 43742
 -208 8388528
 -208 65456
 -208 45488
 -208 45512
 -156 8388580
 -156 65508
 -156 46308
 -156 46246
 -318 8388162
 -318 65090
 -318 45890
 -318 45893
 -81 8388399
 -81 65327
 -81 44591
 -81 44572
 71 32839
 71 32839
 71 43079
 71 43008
 -113 8388495
 -113 65423
 -113 42383
 -113 42408
 -68 8388412
 -68 65340
 -68 42812
 -68 42801
 -274 8388334
 -274 65262
 -274 44270
 -274 44241
 -260 8388220
 -260 65148
 -260 45948
 -260 45859
 -180 8388428
 -180 65356
 -180 46668
 -180 46645
 159 32799
 159 32799
 159 46111
 159 46131
 24 32792
 24 32792
 24 44824
 24 44817
 -84 8388524
 -84 65452
 -84 43692
 -84 43685
 -71 8388409
 -71 65337
 -71 43321
 -71 43320
 3 32899
 3 32899
 3 44163
 3 44257
 -133 8388475
 -133 65403
 -133 45691
 -133 45584
 -205 8388403
 -205 65331
 -205 46899
 -205 46921
 -176 8388560
 -176 65488
 -176 47312
 -176 47276
 -26 8388582
 -26 65510
 -26 46822
 -26 46731
 66 32962
 66 32962
 66 45506
 66 45553
 73 32841
 73 32841
 73 44361
 73 44382
 46 32814
 46 32814
 46 44334
 46 44323
 -113 8388495
 -113 65423
 -113 45199
 -113 45293
 -139 8388469
 -139 65397
 -139 46453
 -139 46412
 -55 8388553
 -55 65481
 -55 47305
 -55 47359
 126 33022
 126 33022
 126 47358
 126 47334
 -57 8388423
 -57 65351
 -57 46407
 -57 46433
 -149 8388587
 -149 65515
 -149 45291
 -149 45184
 -99 8388381
 -99 65309
 -99 44317
 -99 44412
 -213 8388523
 -213 65451
 -213 44459
 -213 44535
 -143 8388465
 -143 65393
 -143 45169
 -143 45068
 -207 8388529
 -207 65457
 -207 46001
 -207 46016
 -113 8388367
 -113 65295
 -113 46863
 -113 46902
 -262 8388346
 -262 65274
 -262 47098
 -262 47085
 -70 8388538
 -70 65466
 -70 46266
 -70 46321
 -220 8388388
 -220 65316
 -220 45348
 -220 45371
 -214 8388522
 -214 65450
 -214 44970
 -214 45019
 -112 8388368
 -112 65296
 -112 45328
 -112 45347
 -22 8388458
 -22 65386
 -22 46442
 -22 46337
 -16 8388464
 -16 65392
 -16 47216
 -16 47215
 -25 8388455
 -25 65383
 -25 47463
 -25 47466
 -28 8388452
 -28 65380
 -28 47204
 -28 47207
 -268 8388340
 -268 65268
 -268 46324
 -268 46255
 32 32928
 32 32928
 32 45472
 32 45456
 14 32782
 14 32782
 14 45070
 14 45169
 -31 8388577
 -31 65505
 -31 45537
 -31 45533
 -154 8388454
 -154 65382
 -154 46182
 -154 46154
 75 32843
 75 32843
 75 46923
 75 46963
 56 32824
 56 32824
 56 47672
 56 47708
 72 32968
 72 32968
 72 47560
 72 47588
 3 32771
 3 32771
 3 46851
 3 46867
 -295 8388313
 -295 65241
 -295 46041
 -295 46032
 -112 8388368
 -112 65296
 -112 45584
 -112 45597
 20 32788
 20 32788
 20 45588
 20 45676
 46 32814
 46 32814
 46 46382
 46 46418
 -448 8388288
 -448 65216
 -448 47040
 -448 47038
 -302 8388306
 -302 65234
 -302 47570
 -302 47518
 -218 8388518
 -218 65446
 -218 47014
 -218 47037
 56 32952
 56 32952
 56 46008
 56 46079
 -83 8388525
 -83 65453
 -83 45485
 -83 45485
 -252 8388484
 -252 65412
 -252 45444
 -252 45489
 -169 8388567
 -169 65495
 -169 45783
 -169 45786
 -217 8388391
 -217 65319
 -217 46631
 -217 46696
 -113 8388495
 -113 65423
 -113 47247
 -113 47309
 -334 8388274
 -334 65202
 -334 47538
 -334 47532
 -174 8388562
 -174 65490
 -174 47058
 -174 46986
 -277 8388331
 -277 65259
 -277 46059
 -277 45994
 -185 8388423
 -185 65351
 -185 45639
 -185 45674
 -188 8388420
 -188 65348
 -188 45636
 -188 45601
 -41 8388439
 -41 65367
 -41 46167
 -41 46087
 -192 8388416
 -192 65344
 -192 46912
 -192 46914
 -172 8388564
 -172 65492
 -172 47572
 -172 47518
 -233 8388375
 -233 65303
 -233 47639
 -233 47653
 108 32876
 108 32876
 108 47468
 108 47462
 -110 8388498
 -110 65426
 -110 46738
 -110 46765
 -354 8388254
 -354 65182
 -354 46238
 -354 46252
 -188 8388548
 -188 65476
 -188 46276
 -188 46271
 185 32825
 185 32825
 185 46393
 185 46438
 -11 8388469
 -11 65397
 -11 46709
 -11 46686
 -235 8388373
 -235 65301
 -235 47125
 -235 47205
 -210 8388526
 -210 65454
 -210 47278
 -210 47345
 -142 8388466
 -142 65394
 -142 47218
 -142 47205
 148 32916
 148 32916
 148 46740
 148 46781
 166 32806
 166 32806
 166 46374
 166 46437
 -201 8388535
 -201 65463
 -201 46263
 -201 46322
 42 32938
 42 32938
 42 46506
 42 46471
 -109 8388499
 -109 65427
 -109 46739
 -109 46725
 -7 8388601
 -7 65529
 -7 47097
 -7 47040
 60 32828
 60 32828
 60 47164
 60 47222
 -11 8388597
 -11 65525
 -11 46837
 -11 46794
 -203 8388533
 -203 65461
 -203 46261
 -203 46318
 -240 8388496
 -240 65424
 -240 45968
 -240 46077
 36 32932
 36 32932
 36 45988
 36 46044
 223 32991
 223 32991
 223 46559
 223 46470
 1 32897
 1 32897
 1 46977
 1 47018
 -216 8388520
 -216 65448
 -216 47528
 -216 47524
 -47 8388433
 -47 65361
 -47 47697
 -47 47735
 -19 8388461
 -19 65389
 -19 47469
 -19 47439
 107 32875
 107 32875
 107 47211
 107 47136
 -108 8388500
 -108 65428
 -108 46740
 -108 46762
 -159 8388449
 -159 65377
 -159 46945
 -159 46905
 -198 8388410
 -198 65338
 -198 47162
 -198 47126
 -158 8388450
 -158 65378
 -158 47714
 -158 47678
 -185 8388423
 -185 65351
 -185 47943
 -185 47975
 -58 8388550
 -58 65478
 -58 48070
 -58 48114
 -57 8388551
 -57 65479
 -57 48071
 -57 48017
 9 32905
 9 32905
 9 47497
 9 47537
 135 32903
 135 32903
 135 47495
 135 47496
 -50 8388430
 -50 65358
 -50 47438
 -50 47438
 -6 8388474
 -6 65402
 -6 47738
 -6 47668
 -302 8388178
 -302 65106
 -302 48210
 -302 48233
 -204 8388532
 -204 65460
 -204 48308
 -204 48376
 1 32897
 1 32897
 1 48001
 1 48022
 -67 8388541
 -67 65469
 -67 47549
 -67 47496
 -478 8388130
 -478 65058
 -478 46882
 -478 46900
 -236 8388500
 -236 65428
 -236 46484
 -236 46467
 92 32860
 92 32860
 92 46684
 92 46710
 25 32921
 25 32921
 25 47513
 25 47508
 54 32822
 54 32822
 54 48182
 54 48184
 -72 8388408
 -72 65336
 -72 48696
 -72 48760
 -98 8388510
 -98 65438
 -98 48798
 -98 48860
 140 32908
 140 32908
 140 48268
 140 48352
 17 32913
 17 32913
 17 47761
 17 47785
 -387 8388349
 -387 65277
 -387 47357
 -387 47297
 -240 8388368
 -240 65296
 -240 47120
 -240 47161
 -121 8388359
 -121 65287
 -121 47367
 -121 47383
 31 32799
 31 32799
 31 47903
 31 47964
 109 33005
 109 33005
 109 48365
 109 48351
 -183 8388425
 -183 65353
 -183 48457
 -183 48409
 -324 8388284
 -324 65212
 -324 48060
 -324 48121
 -199 8388409
 -199 65337
 -199 47673
 -199 47659
 31 32927
 31 32927
 31 47263
 31 47332
 -73 8388407
 -73 65335
 -73 47671
 -73 47627
 -224 8388384
 -224 65312
 -224 47904
 -224 47893
 -199 8388537
 -199 65465
 -199 48057
 -199 48034
 152 32920
 152 32920
 152 48024
 152 48095
 -10 8388598
 -10 65526
 -10 47862
 -10 47840
 -4 8388476
 -4 65404
 -4 47740
 -4 47638
 -274 8388206
 -274 65134
 -274 47470
 -274 47451
 -98 8388510
 -98 65438
 -98 47262
 -98 47331
 -142 8388466
 -142 65394
 -142 47730
 -142 47712
 -194 8388414
 -194 65342
 -194 48190
 -194 48214
 -315 8388293
 -315 65221
 -315 48581
 -315 48600
 -288 8388320
 -288 65248
 -288 49120
 -288 49072
 8 32904
 8 32904
 8 49288
 8 49379
 -133 8388475
 -133 65403
 -133 49275
 -133 49272
 -79 8388401
 -79 65329
 -79 48945
 -79 48962
 -98 8388382
 -98 65310
 -98 49182
 -98 49237
 -88 8388520
 -88 65448
 -88 49064
 -88 49046
 -92 8388388
 -92 65316
 -92 48932
 -92 48974
 -102 8388506
 -102 65434
 -102 49050
 -102 49079
 -113 8388495
 -113 65423
 -113 49039
 -113 49125
 -249 8388359
 -249 65287
 -249 48903
 -249 48973
 -286 8388194
 -286 65122
 -286 48482
 -286 48389
 -111 8388369
 -111 65297
 -111 47889
 -111 47916
 -16 8388464
 -16 65392
 -16 47984
 -16 47955
 28 32924
 28 32924
 28 48284
 28 48321
 -16 8388592
 -16 65520
 -16 49136
 -16 49101
 -246 8388490
 -246 65418
 -246 49546
 -246 49644
 -6 8388474
 -6 65402
 -6 49786
 -6 49733
 78 32846
 78 32846
 78 49742
 78 49717
 103 32999
 103 32999
 103 49383
 103 49306
 -38 8388570
 -38 65498
 -38 49370
 -38 49342
 -150 8388586
 -150 65514
 -150 49386
 -150 49384
 -99 8388381
 -99 65309
 -99 49693
 -99 49734
 -8 8388472
 -8 65400
 -8 50040
 -8 50022
 -205 8388403
 -205 65331
 -205 50227
 -205 50273
 -367 8388241
 -367 65169
 -367 50321
 -367 50404
 -59 8388421
 -59 65349
 -59 49989
 -59 50021
 -129 8388479
 -129 65407
 -129 49791
 -129 49761
 1 32897
 1 32897
 1 49537
 1 49620
 -33 8388447
 -33 65375
 -33 49759
 -33 49697
 -164 8388572
 -164 65500
 -164 50396
 -164 50386
 -53 8388555
 -53 65483
 -53 50891
 -53 50863
 52 32820
 52 32820
 52 51252
 52 51210
 110 33006
 110 33006
 110 51182
 110 51145
 50 32946
 50 32946
 50 50866
 50 50837
 71 32839
 71 32839
 71 50503
 71 50534
 -4 8388604
 -4 65532
 -4 50428
 -4 50337
 149 32789
 149 32789
 149 50453
 149 50484
 -73 8388407
 -73 65335
 -73 50999
 -73 51043
 13 32909
 13 32909
 13 51597
 13 51610
 27 32795
 27 32795
 27 51739
 27 51737
 -24 8388456
 -24 65384
 -24 51816
 -24 51809
 -258 8388350
 -258 65278
 -258 51710
 -258 51604
 -151 8388457
 -151 65385
 -151 51561
 -151 51489
 -172 8388436
 -172 65364
 -172 51540
 -172 51514
 -227 8388509
 -227 65437
 -227 51869
 -227 51840
 -280 8388328
 -280 65256
 -280 52200
 -280 52137
 -172 8388436
 -172 65364
 -172 52308
 -172 52330
 -31 8388577
 -31 65505
 -31 52449
 -31 52394
 -286 8388322
 -286 65250
 -286 52194
 -286 52134
 -201 8388535
 -201 65463
 -201 51639
 -201 51629
 -149 8388459
 -149 65387
 -149 51051
 -149 51041
 133 32773
 133 32773
 133 50949
 133 51025
 -117 8388363
 -117 65291
 -117 51467
 -117 51577
 -90 8388390
 -90 65318
 -90 52006
 -90 52043
 -279 8388201
 -279 65129
 -279 52329
 -279 52285
 -306 8388174
 -306 65102
 -306 52302
 -306 52338
 -202 8388406
 -202 65334
 -202 52278
 -202 52302
 -208 8388400
 -208 65328
 -208 52016
 -208 52040
 -208 8388400
 -208 65328
 -208 51760
 -208 51784
 -412 8388324
 -412 65252
 -412 51684
 -412 51699
 -244 8388364
 -244 65292
 -244 51980
 -244 51996
 -83 8388397
 -83 65325
 -83 52525
 -83 52550
 -50 8388430
 -50 65358
 -50 52558
 -50 52597
 -383 8388097
 -383 65025
 -383 52481
 -383 52582
 -303 8388305
 -303 65233
 -303 52433
 -303 52412
 -116 8388492
 -116 65420
 -116 51852
 -116 51966
 41 32809
 41 32809
 41 51753
 41 51798
 163 32803
 163 32803
 163 52003
 163 52084
 -320 8388160
 -320 65088
 -320 52288
 -320 52226
 -176 8388560
 -176 65488
 -176 52432
 -176 52471
 -121 8388487
 -121 65415
 -121 52615
 -121 52629
 -117 8388491
 -117 65419
 -117 52363
 -117 52409
 -114 8388366
 -114 65294
 -114 52238
 -114 52304
 -27 8388453
 -27 65381
 -27 52069
 -27 52067
 -82 8388526
 -82 65454
 -82 52142
 -82 52124
 120 33016
 120 33016
 120 52216
 120 52186
 136 32776
 136 32776
 136 52488
 136 52533
 -21 8388587
 -21 65515
 -21 52715
 -21 52675
 -224 8388512
 -224 65440
 -224 52384
 -224 52411
 -255 8388353
 -255 65281
 -255 52225
 -255 52231
 99 32995
 99 32995
 99 52195
 99 52149
 358 33126
 358 33126
 358 52070
 358 52076
 209 32977
 209 32977
 209 52177
 209 52138
 -2 8388606
 -2 65534
 -2 52478
 -2 52468
 66 32834
 66 32834
 66 53058
 66 52997
 74 32970
 74 32970
 74 53194
 74 53210
 -189 8388547
 -189 65475
 -189 53187
 -189 53225
 -185 8388423
 -185 65351
 -185 53319
 -185 53273
 -180 8388556
 -180 65484
 -180 52940
 -180 52903
 -98 8388510
 -98 65438
 -98 52382
 -98 52405
 -34 8388446
 -34 65374
 -34 52318
 -34 52251
 147 32787
 147 32787
 147 52243
 147 52317
 -249 8388359
 -249 65287
 -249 52487
 -249 52580
 -143 8388593
 -143 65521
 -143 52721
 -143 52715
 107 32875
 107 32875
 107 52587
 107 52526
 88 32984
 88 32984
 88 52440
 88 52398
 -60 8388420
 -60 65348
 -60 52292
 -60 52299
 -184 8388552
 -184 65480
 -184 52168
 -184 52142
 -137 8388599
 -137 65527
 -137 51959
 -137 51938
 104 32872
 104 32872
 104 51816
 104 51801
 61 32957
 61 32957
 61 51901
 61 51945
 -152 8388584
 -152 65512
 -152 52200
 -152 52206
 -82 8388398
 -82 65326
 -82 52270
 -82 52336
 -92 8388516
 -92 65444
 -92 52132
 -92 52169
 -71 8388409
 -71 65337
 -71 52025
 -71 52013
 -14 8388466
 -14 65394
 -14 50802
 -14 50784
 139 32907
 139 32907
 139 47755
 139 47831
 8 32904
 8 32904
 8 46472
 8 46552
 -375 8388105
 -375 65033
 -375 46857
 -375 46940
 -230 8388378
 -230 65306
 -230 47642
 -230 47715
 59 32827
 59 32827
 59 48443
 59 48447
 -44 8388564
 -44 65492
 -44 48852
 -44 48865
 -360 8388120
 -360 65048
 -360 48920
 -360 48922
 -220 8388516
 -220 65444
 -220 48548
 -220 48589
 108 33004
 108 33004
 108 48364
 108 48335
 312 33208
 312 33208
 312 48568
 312 48596
 167 32807
 167 32807
 167 49191
 167 49268
 57 32825
 57 32825
 57 49465
 57 49494
 -277 8388203
 -277 65131
 -277 49771
 -277 49747
 -233 8388503
 -233 65431
 -233 50071
 -233 50127
 -122 8388486
 -122 65414
 -122 50566
 -122 50663
 -164 8388572
 -164 65500
 -164 51420
 -164 51414
 -162 8388446
 -162 65374
 -162 52318
 -162 52292
 -209 8388527
 -209 65455
 -209 52911
 -209 52873
 11 32907
 11 32907
 11 53131
 11 53230
 36 32804
 36 32804
 36 53796
 36 53835
 -101 8388379
 -101 65307
 -101 54043
 -101 54128
 -204 8388404
 -204 65332
 -204 54324
 -204 54303
 -144 8388464
 -144 65392
 -144 54640
 -144 54587
 -186 8388422
 -186 65350
 -186 54854
 -186 54829
 27 32795
 27 32795
 27 55323
 27 55399
 -17 8388591
 -17 65519
 -17 55535
 -17 55453
 -220 8388388
 -220 65316
 -220 55844
 -220 55824
 -123 8388357
 -123 65285
 -123 56069
 -123 56191
 -149 8388459
 -149 65387
 -149 56427
 -149 56345
 3 32899
 3 32899
 3 56451
 3 56456
 -24 8388456
 -24 65384
 -24 56680
 -24 56698
 -125 8388483
 -125 65411
 -125 56963
 -125 56985
 -81 8388527
 -81 65455
 -81 57263
 -81 57272
 68 32836
 68 32836
 68 57412
 68 57346
 -140 8388596
 -140 65524
 -140 57588
 -140 57545
 -206 8388530
 -206 65458
 -206 57778
 -206 57769
 -73 8388407
 -73 65335
 -73 57911
 -73 57965
 -215 8388393
 -215 65321
 -215 58153
 -215 58121
 -212 8388524
 -212 65452
 -212 58284
 -212 58262
 -28 8388452
 -28 65380
 -28 58212
 -28 58125
 -8 8388600
 -8 65528
 -8 58616
 -8 58560
 -151 8388457
 -151 65385
 -151 59241
 -151 59241
 83 32851
 83 32851
 83 59731
 83 59742
 17 32785
 17 32785
 17 59665
 17 59698
 -188 8388548
 -188 65476
 -188 60100
 -188 60056
 -69 8388411
 -69 65339
 -69 60475
 -69 60511
 30 32798
 30 32798
 30 60446
 30 60511
 -115 8388365
 -115 65293
 -115 60685
 -115 60736
 -365 8388115
 -365 65043
 -365 60947
 -365 61022
 -165 8388443
 -165 65371
 -165 61275
 -165 61233
 -115 8388365
 -115 65293
 -115 61709
 -115 61776
 34 32930
 34 32930
 34 61858
 34 61902
 64 32832
 64 32832
 64 61760
 64 61705
 -72 8388536
 -72 65464
 -72 61880
 -72 61847
 -141 8388467
 -141 65395
 -141 62067
 -141 62051
 -197 8388539
 -197 65467
 -197 62395
 -197 62380
 7 32775
 7 32775
 7 62471
 7 62464
 226 32994
 226 32994
 226 62690
 226 62655
 69 32837
 69 32837
 69 63045
 69 63020
 127 33023
 127 33023
 127 63231
 127 63111
 -56 8388424
 -56 65352
 -56 63048
 -56 62989
 -176 8388432
 -176 65360
 -176 62800
 -176 62747
 -24 8388584
 -24 65512
 -24 62952
 -24 62875
 13 32909
 13 32909
 13 63117
 13 63180
 -32 8388576
 -32 65504
 -32 63712
 -32 63676
 -267 8388341
 -267 65269
 -267 63989
 -267 63904
 -173 8388435
 -173 65363
 -173 64339
 -173 64261
 -74 8388534
 -74 65462
 -74 64438
 -74 64394
 232 32872
 232 32872
 232 64616
 232 64589
 32 32928
 32 32928
 32 64416
 32 64475
 -177 8388559
 -177 65487
 -177 64463
 -177 64443
 -114 8388494
 -114 65422
 -114 64398
 -114 64452
 -289 8388191
 -289 65119
 -289 64607
 -289 64621
 -188 8388420
 -188 65348
 -188 65092
 -188 65105
 -168 8388568
 -168 65496
 -168 65496
 -168 65431
 -209 8355631
 -209 98095
 -209 65839
 -209 65851
 17 145
 17 65681
 17 65937
 17 66034
 -27 8355813
 -27 98277
 -27 66021
 -27 66025
 17 145
 17 65681
 17 65681
 17 65725
 -206 8355762
 -206 98226
 -206 65970
 -206 66033
 -163 8355805
 -163 98269
 -163 66525
 -163 66454
 30 30
 30 65566
 30 66334
 30 66386
 -129 8355711
 -129 98175
 -129 66175
 -129 66172
 -86 8355626
 -86 98090
 -86 66090
 -86 66151
 1 129
 1 65665
 1 66177
 1 66204
 -188 8355780
 -188 98244
 -188 66500
 -188 66516
 -110 8355730
 -110 98194
 -110 66706
 -110 66706
 106 234
 106 65770
 106 67050
 106 66988
 -11 8355829
 -11 98293
 -11 67317
 -11 67289
 -291 8355549
 -291 98013
 -291 67805
 -291 67785
 -187 8355653
 -187 98117
 -187 67909
 -187 67892
 28 28
 28 65564
 28 67868
 28 67903
 -71 8355641
 -71 98105
 -71 68153
 -71 68149
 -135 8355833
 -135 98297
 -135 68345
 -135 68224
 -34 8355678
 -34 98142
 -34 68446
 -34 68372
 -148 8355692
 -148 98156
 -148 68460
 -148 68367
 -12 8355828
 -12 98292
 -12 68596
 -12 68598
 -32 8355808
 -32 98272
 -32 68832
 -32 68788
 -221 8355747
 -221 98211
 -221 68771
 -221 68808
 -264 8355576
 -264 98040
 -264 68856
 -264 68821
 -197 8355643
 -197 98107
 -197 68923
 -197 68987
 94 222
 94 65758
 94 69342
 94 69258
 39 39
 39 65575
 39 69415
 39 69392
 35 163
 35 65699
 35 69539
 35 69559
 -182 8355658
 -182 98122
 -182 69962
 -182 69983
 -139 8355829
 -139 98293
 -139 70133
 -139 70025
 -34 8355806
 -34 98270
 -34 70366
 -34 70291
 -201 8355767
 -201 98231
 -201 70583
 -201 70597
 -99 8355741
 -99 98205
 -99 70813
 -99 70843
 85 85
 85 65621
 85 70997
 85 70915
 266 394
 266 65930
 266 70794
 266 70911
 33 161
 33 65697
 33 71073
 33 71137
 208 80
 208 65616
 208 71504
 208 71501
 -71 8355641
 -71 98105
 -71 71737
 -71 71765
 -199 8355769
 -199 98233
 -199 71865
 -199 71813
 -187 8355781
 -187 98245
 -187 71877
 -187 71906
 63 191
 63 65727
 63 71871
 63 71829
 -45 8355667
 -45 98131
 -45 71763
 -45 71714
 -359 8355481
 -359 97945
 -359 71833
 -359 71860
 -199 8355641
 -199 98105
 -199 72249
 -199 72291
 -92 8355620
 -92 98084
 -92 72484
 -92 72508
 38 166
 38 65702
 38 72870
 38 72925
 -161 8355679
 -161 98143
 -161 73311
 -161 73219
 -131 8355709
 -131 98173
 -131 73341
 -131 73289
 -138 8355702
 -138 98166
 -138 73590
 -138 73589
 33 33
 33 65569
 33 73761
 33 73735
 54 54
 54 65590
 54 73782
 54 73770
 89 217
 89 65753
 89 73945
 89 73922
 -97 8355743
 -97 98207
 -97 73887
 -97 73872
 -269 8355443
 -269 97907
 -269 73843
 -269 73792
 -42 8355670
 -42 98134
 -42 74070
 -42 74079
 161 161
 161 65697
 161 74145
 161 74204
 79 79
 79 65615
 79 74319
 79 74340
 -217 8355623
 -217 98087
 -217 74535
 -217 74510
 -274 8355438
 -274 97902
 -274 74606
 -274 74609
 -80 8355760
 -80 98224
 -80 74416
 -80 74433
 -152 8355816
 -152 98280
 -152 74728
 -152 74637
 -95 8355617
 -95 98081
 -95 74785
 -95 74783
 -109 8355731
 -109 98195
 -109 74643
 -109 74635
 -210 8355630
 -210 98094
 -210 74798
 -210 74768
 -156 8355812
 -156 98276
 -156 74980
 -156 74957
 -74 8355766
 -74 98230
 -74 75190
 -74 75217
 -152 8355688
 -152 98152
 -152 75368
 -152 75318
 -261 8355579
 -261 98043
 -261 75515
 -261 75493
 -203 8355765
 -203 98229
 -203 75701
 -203 75775
 88 216
 88 65752
 88 75736
 88 75743
 -42 8355670
 -42 98134
 -42 75862
 -42 75783
 -97 8355615
 -97 98079
 -97 75807
 -97 75818
 25 25
 25 65561
 25 75545
 25 75546
 -129 8355711
 -129 98175
 -129 75647
 -129 75592
 -389 8355451
 -389 97915
 -389 75899
 -389 75836
 -204 8355636
 -204 98100
 -204 76340
 -204 76319
 -54 8355786
 -54 98250
 -54 76746
 -54 76753
 -243 8355597
 -243 98061
 -243 76813
 -243 76919
 -159 8355681
 -159 98145
 -159 77153
 -159 77073
 19 147
 19 65683
 19 76947
 19 76946
 -164 8355676
 -164 98140
 -164 76892
 -164 76908
 -344 8355368
 -344 97832
 -344 77096
 -344 77060
 -252 8355588
 -252 98052
 -252 77060
 -252 77083
 -149 8355691
 -149 98155
 -149 77163
 -149 77140
 48 48
 48 65584
 48 77104
 48 77127
 140 140
 140 65676
 140 77196
 140 77264
 -109 8355603
 -109 98067
 -109 77331
 -109 77353
 -16 8355824
 -16 98288
 -16 77808
 -16 77721
 -55 8355657
 -55 98121
 -55 78153
 -55 78175
 -85 8355755
 -85 98219
 -85 78507
 -85 78470
 -106 8355734
 -106 98198
 -106 78742
 -106 78836
 -51 8355661
 -51 98125
 -51 78925
 -51 78945
 105 233
 105 65769
 105 79081
 105 79074
 -174 8355666
 -174 98130
 -174 78930
 -174 78927
 -415 8355553
 -415 98017
 -415 78817
 -415 78748
 -158 8355810
 -158 98274
 -158 78562
 -158 78564
 -136 8355704
 -136 98168
 -136 78456
 -136 78429
 -124 8355716
 -124 98180
 -124 78468
 -124 78555
 -169 8355671
 -169 98135
 -169 78935
 -169 78958
 -220 8355620
 -220 98084
 -220 79140
 -220 79151
 -24 8355688
 -24 98152
 -24 79464
 -24 79374
 -48 8355664
 -48 98128
 -48 79184
 -48 79215
 58 186
 58 65722
 58 79290
 58 79335
 -17 8355823
 -17 98287
 -17 79599
 -17 79527
 -67 8355645
 -67 98109
 -67 79933
 -67 79903
 -169 8355671
 -169 98135
 -169 80215
 -169 80196
 -281 8355559
 -281 98023
 -281 80359
 -281 80281
 -63 8355777
 -63 98241
 -63 80321
 -63 80316
 -56 8355656
 -56 98120
 -56 80456
 -56 80446
 21 149
 21 65685
 21 80533
 21 80535
 -268 8355572
 -268 98036
 -268 80884
 -268 80774
 -146 8355694
 -146 98158
 -146 80750
 -146 80732
 -101 8355739
 -101 98203
 -101 80539
 -101 80559
 -276 8355436
 -276 97900
 -276 80748
 -276 80691
 -295 8355545
 -295 98009
 -295 81113
 -295 81056
 -29 8355683
 -29 98147
 -29 81507
 -29 81408
 -219 8355749
 -219 98213
 -219 82085
 -219 82094
 -61 8355779
 -61 98243
 -61 82371
 -61 82338
 -50 8355790
 -50 98254
 -50 82126
 -50 82142
 -370 8355342
 -370 97806
 -370 82190
 -370 82271
 -234 8355734
 -234 98198
 -234 82326
 -234 82356
 -174 8355794
 -174 98258
 -174 82386
 -174 82337
 43 43
 43 65579
 43 82219
 43 82245
 -2 8355838
 -2 98302
 -2 81918
 -2 81847
 180 52
 180 65588
 180 81972
 180 81949
 87 87
 87 65623
 87 82007
 87 82021
 -19 8355693
 -19 98157
 -19 82541
 -19 82511
 -91 8355621
 -91 98085
 -91 82981
 -91 82963
 -49 8355791
 -49 98255
 -49 83407
 -49 83389
 -105 8355735
 -105 98199
 -105 83607
 -105 83590
 -223 8355745
 -223 98209
 -223 83617
 -223 83667
 -50 8355790
 -50 98254
 -50 83662
 -50 83699
 -253 8355587
 -253 98051
 -253 83715
 -253 83755
 -207 8355633
 -207 98097
 -207 83761
 -207 83763
 -270 8355442
 -270 97906
 -270 84082
 -270 83970
 -380 8355332
 -380 97796
 -380 84228
 -380 84228
 -36 8355676
 -36 98140
 -36 84316
 -36 84337
 199 71
 199 65607
 199 84551
 199 84524
 123 123
 123 65659
 123 84859
 123 84829
 -32 8355808
 -32 98272
 -32 84960
 -32 84916
 -176 8355664
 -176 98128
 -176 84816
 -176 84842
 -62 8355650
 -62 98114
 -62 84802
 -62 84759
 -28 8355684
 -28 98148
 -28 85092
 -28 85009
 -278 8355562
 -278 98026
 -278 84970
 -278 84964
 -136 8355832
 -136 98296
 -136 85240
 -136 85211
 -17 8355695
 -17 98159
 -17 85871
 -17 85789
 194 194
 194 65730
 194 85954
 194 85940
 124 124
 124 65660
 124 86140
 124 86090
 -33 8355807
 -33 98271
 -33 86495
 -33 86516
 -164 8355804
 -164 98268
 -164 86492
 -164 86406
 -252 8355588
 -252 98052
 -252 86532
 -252 86568
 -159 8355809
 -159 98273
 -159 86497
 -159 86502
 10 138
 10 65674
 10 86154
 10 86212
 21 21
 21 65557
 21 86293
 21 86396
 182 182
 182 65718
 182 86966
 182 86968
 193 65
 193 65601
 193 87105
 193 87073
 -54 8355658
 -54 98122
 -54 87114
 -54 87106
 -3 8355709
 -3 98173
 -3 87421
 -3 87326
 -264 8355576
 -264 98040
 -264 87544
 -264 87452
 -166 8355674
 -166 98138
 -166 87642
 -166 87676
 -1 8355711
 -1 98175
 -1 87935
 -1 87831
 -12 8355700
 -12 98164
 -12 88180
 -12 88113
 -75 8355637
 -75 98101
 -75 88117
 -75 88169
 -159 8355809
 -159 98273
 -159 88289
 -159 88278
 8 136
 8 65672
 8 88200
 8 88306
 -135 8355833
 -135 98297
 -135 88313
 -135 88306
 -54 8355786
 -54 98250
 -54 88778
 -54 88787
 -172 8355796
 -172 98260
 -172 89300
 -172 89279
 -166 8355674
 -166 98138
 -166 89434
 -166 89464
 34 162
 34 65698
 34 89506
 34 89571
 -107 8355605
 -107 98069
 -107 89365
 -107 89396
 -105 8355735
 -105 98199
 -105 88983
 -105 88995
 -43 8355669
 -43 98133
 -43 88917
 -43 88875
 -37 8355675
 -37 98139
 -37 89179
 -37 89152
 -128 8355584
 -128 98048
 -128 89344
 -128 89430
 -80 8355632
 -80 98096
 -80 89648
 -80 89723
 -138 8355830
 -138 98294
 -138 90102
 -138 90004
 -177 8355663
 -177 98127
 -177 90191
 -177 90204
 -184 8355784
 -184 98248
 -184 90312
 -184 90252
 -36 8355676
 -36 98140
 -36 90204
 -36 90180
 17 145
 17 65681
 17 90001
 17 90109
 13 13
 13 65549
 13 89869
 13 89877
 -120 8355720
 -120 98184
 -120 89736
 -120 89794
 -124 8355588
 -124 98052
 -124 89860
 -124 89902
 -52 8355788
 -52 98252
 -52 90060
 -52 90050
 -130 8355838
 -130 98302
 -130 90110
 -130 90108
 102 102
 102 65638
 102 90214
 102 90118
 31 159
 31 65695
 31 90271
 31 90275
 -171 8355669
 -171 98133
 -171 90197
 -171 90232
 -319 8355393
 -319 97857
 -319 90177
 -319 90113
 -121 8355591
 -121 98055
 -121 90119
 -121 90175
 -81 8355631
 -81 98095
 -81 90159
 -81 90202
 -207 8355761
 -207 98225
 -207 90289
 -207 90257
 -162 8355678
 -162 98142
 -162 90462
 -162 90488
 -265 8355447
 -265 97911
 -265 90487
 -265 90485
 -153 8355687
 -153 98151
 -153 90215
 -153 90189
 -197 8355643
 -197 98107
 -197 90427
 -197 90377
 -25 8355815
 -25 98279
 -25 90599
 -25 90550
 25 153
 25 65689
 25 90521
 25 90615
 -113 8355727
 -113 98191
 -113 91023
 -113 91035
 -3 8355837
 -3 98301
 -3 91133
 -3 91130
 12 12
 12 65548
 12 91148
 12 91195
 -146 8355822
 -146 98286
 -146 91374
 -146 91280
 -245 8355595
 -245 98059
 -245 91147
 -245 91165
 -164 8355676
 -164 98140
 -164 91228
 -164 91197
 140 140
 140 65676
 140 91276
 140 91286
 132 132
 132 65668
 132 91524
 132 91526
 -132 8355708
 -132 98172
 -132 91516
 -132 91443
 -155 8355813
 -155 98277
 -155 91621
 -155 91543
 -349 8355491
 -349 97955
 -349 91811
 -349 91801
 -203 8355765
 -203 98229
 -203 91829
 -203 91857
 -167 8355673
 -167 98137
 -167 92249
 -167 92222
 -130 8355838
 -130 98302
 -130 92158
 -130 92078
 -338 8355374
 -338 97838
 -338 91950
 -338 91979
 -216 8355752
 -216 98216
 -216 92072
 -216 92044
 -142 8355826
 -142 98290
 -142 92402
 -142 92331
 -195 8355645
 -195 98109
 -195 92733
 -195 92688
 -196 8355644
 -196 98108
 -196 92732
 -196 92743
 -206 8355762
 -206 98226
 -206 92594
 -206 92571
 -241 8355727
 -241 98191
 -241 92303
 -241 92326
 -151 8355817
 -151 98281
 -151 92393
 -151 92348
 -102 8355610
 -102 98074
 -102 92442
 -102 92484
 -95 8355745
 -95 98209
 -95 92577
 -95 92655
 -149 8355819
 -149 98283
 -149 92651
 -149 92579
 12 140
 12 65676
 12 92812
 12 92845
 64 64
 64 65600
 64 92992
 64 92942
 -98 8355742
 -98 98206
 -98 92830
 -98 92886
 -237 8355731
 -237 98195
 -237 93075
 -237 93088
 -92 8355620
 -92 98084
 -92 93220
 -92 93248
 -131 8355837
 -131 98301
 -131 93437
 -131 93416
 -77 8355763
 -77 98227
 -77 93619
 -77 93596
 -233 8355607
 -233 98071
 -233 93719
 -233 93738
 -218 8355622
 -218 98086
 -218 93734
 -218 93761
 -6 8355706
 -6 98170
 -6 94074
 -6 93980
 -26 8355814
 -26 98278
 -26 94182
 -26 94098
 -97 8355743
 -97 98207
 -97 93855
 -97 93941
 4 4
 4 65540
 4 93956
 4 94021
 -45 8355795
 -45 98259
 -45 93907
 -45 93838
 -28 8355684
 -28 98148
 -28 94052
 -28 94025
 108 108
 108 65644
 108 94316
 108 94290
 73 73
 73 65609
 73 94537
 73 94465
 8 136
 8 65672
 8 94344
 8 94437
 -38 8355674
 -38 98138
 -38 94554
 -38 94550
 9 9
 9 65545
 9 94729
 9 94759
 19 147
 19 65683
 19 94611
 19 94707
 -62 8355650
 -62 98114
 -62 95042
 -62 95019
 -202 8355638
 -202 98102
 -202 95030
 -202 95095
 -12 8355700
 -12 98164
 -12 95348
 -12 95297
 -201 8355639
 -201 98103
 -201 95543
 -201 95519
 -385 8355455
 -385 97919
 -385 95615
 -385 95598
 -211 8355629
 -211 98093
 -211 95789
 -211 95811
 -116 8355596
 -116 98060
 -116 95756
 -116 95770
 -16 8355824
 -16 98288
 -16 95728
 -16 95724
 -84 8355628
 -84 98092
 -84 95532
 -84 95498
 -26 8355686
 -26 98150
 -26 95590
 -26 95501
 -52 8355660
 -52 98124
 -52 95564
 -52 95494
 -95 8355617
 -95 98081
 -95 95777
 -95 95809
 -149 8355691
 -149 98155
 -149 95851
 -149 95782
 23 151
 23 65687
 23 95639
 23 95703
 31 159
 31 65695
 31 95391
 31 95443
 -137 8355703
 -137 98167
 -137 95607
 -137 95510
 79 207
 79 65743
 79 95695
 79 95737
 55 183
 55 65719
 55 95927
 55 95960
 -1 8355711
 -1 98175
 -1 95871
 -1 95811
 -11 8355701
 -11 98165
 -11 96117
 -11 96117
 37 165
 37 65701
 37 96421
 37 96432
 173 173
 173 65709
 173 96173
 173 96238
 142 142
 142 65678
 142 96398
 142 96438
 129 129
 129 65665
 129 96385
 129 96458
 110 110
 110 65646
 110 96366
 110 96383
 86 214
 86 65750
 86 96470
 86 96432
 87 215
 87 65751
 87 96471
 87 96506
 -32 8355808
 -32 98272
 -32 96480
 -32 96413
 61 61
 61 65597
 61 96573
 61 96578
 136 136
 136 65672
 136 96392
 136 96476
 -23 8355689
 -23 98153
 -23 96617
 -23 96513
 -51 8355789
 -51 98253
 -51 96717
 -51 96767
 233 105
 233 65641
 233 97129
 233 97106
 373 501
 373 66037
 373 97525
 373 97498
 211 83
 211 65619
 211 97619
 211 97591
 183 55
 183 65591
 183 97591
 183 97547
 358 358
 358 65894
 358 97382
 358 97339
 160 32
 160 65568
 160 97312
 160 97323
 250 122
 250 65658
 250 97402
 250 97325
 279 279
 279 65815
 279 97559
 279 97564
 260 260
 260 65796
 260 97540
 260 97574
 215 215
 215 65751
 215 97495
 215 97508
 498 370
 498 65906
 498 97650
 498 97588
 593 721
 593 66257
 593 97745
 593 97719
 394 266
 394 65802
 394 97802
 394 97896
 423 295
 423 65831
 423 97831
 423 97904
 721 593
 721 66129
 721 97873
 721 97874
 628 628
 628 66164
 628 97652
 628 97609
 639 767
 639 66303
 639 97791
 639 97670
 601 601
 601 66137
 601 97881
 601 97883
 778 778
 778 66314
 778 98058
 778 98100
 798 798
 798 66334
 798 97822
 798 97865
 850 978
 850 66514
 850 97746
 850 97703
 764 764
 764 66300
 764 97788
 764 97737
 733 605
 733 66141
 733 97885
 733 97794
 807 807
 807 66343
 807 97831
 807 97793
 1274 1274
 1274 66810
 1274 97786
 1274 97742
 1368 1368
 1368 66904
 1368 97880
 1368 97879
 1176 1048
 1176 66584
 1176 97816
 1176 97867
 1250 1122
 1250 66658
 1250 97890
 1250 97858
 1470 1342
 1470 66878
 1470 97854
 1470 97839
 1965 1837
 1965 67373
 1965 97581
 1965 97546
 1910 2038
 1910 67574
 1910 97270
 1910 97191
 1820 1948
 1820 67484
 1820 96924
 1820 96973
 2169 2169
 2169 67705
 2169 97145
 2169 97042
 2407 2535
 2407 68071
 2407 96999
 2407 96907
 2336 2336
 2336 67872
 2336 96800
 2336 96858
 2487 2359
 2487 67895
 2487 96823
 2487 96879
 2794 2666
 2794 68202
 2794 96874
 2794 96895
 3145 3273
 3145 68809
 3145 96713
 3145 96688
 3322 3322
 3322 68858
 3322 96762
 3322 96665
 3349 3349
 3349 68885
 3349 96533
 3349 96612
 3784 3656
 3784 69192
 3784 96584
 3784 96555
 4140 4268
 4140 69804
 4140 96172
 4140 96210
 4393 4393
 4393 69929
 4393 95785
 4393 95836
 4627 4627
 4627 70163
 4627 95763
 4627 95796
 4949 5077
 4949 70613
 4949 95701
 4949 95660
 5378 5378
 5378 70914
 5378 95490
 5378 95594
 5786 5658
 5786 71194
 5786 95258
 5786 95334
 6123 6123
 6123 71659
 6123 95211
 6123 95160
 6487 6615
 6487 72151
 6487 94935
 6487 94967
 7049 7049
 7049 72585
 7049 94601
 7049 94595
 7528 7656
 7528 73192
 7528 94184
 7528 94130
 7983 8111
 7983 73647
 7983 93871
 7983 93911
 8661 8661
 8661 74197
 8661 93653
 8661 93582
 9055 9055
 9055 74591
 9055 93279
 9055 93282
 9930 9802
 9930 75338
 9930 93002
 9930 93033
 10327 10455
 10327 75991
 10327 92631
 10327 92636
 11044 11172
 11044 76708
 11044 92324
 11044 92321
 11554 11682
 11554 77218
 11554 91810
 11554 91809
 12490 12362
 12490 77898
 12490 91210
 12490 91184
 13386 13514
 13386 79050
 13386 90314
 13386 90282
 14039 13911
 14039 79447
 14039 89431
 14039 89466
 15009 14881
 15009 80417
 15009 88865
 15009 88891
 15924 15924
 15924 81460
 15924 88372
 15924 88375
 16898 16898
 16898 82434
 16898 87554
 16898 87602
 18150 18022
 18150 83558
 18150 87142
 18150 87109
 19248 19248
 19248 84784
 19248 86320
 19248 86306
 20159 20159
 20159 85695
 20159 85183
 20159 85196
 21340 21340
 21340 86876
 21340 84060
 21340 84082
 22954 22826
 22954 88362
 22954 83498
 22954 83517
 24309 24309
 24309 89845
 24309 82677
 24309 82684
 25538 25538
 25538 91074
 25538 81858
 25538 81812
 27190 27318
 27190 92854
 27190 80566
 27190 80613
 28942 28942
 28942 94478
 28942 79630
 28942 79635
 30520 30520
 30520 96056
 30520 78648
 30520 78635
 32281 32409
 32281 97945
 32281 77465
 32281 77454
 34044 1148
 34044 66684
 34044 75644
 34044 75564
 35727 2831
 35727 68367
 35727 73743
 35727 73849
 37875 4979
 37875 70515
 37875 72563
 37875 72527
 40334 7438
 40334 72974
 40334 71438
 40334 71447
 42471 9575
 42471 75111
 42471 69735
 42471 69739
 44928 12160
 44928 77696
 44928 67968
 44928 68091
 47480 14840
 47480 80376
 47480 66552
 47480 66526
 50219 50347
 50219 50347
 50219 64683
 50219 64727
 52853 52981
 52853 52981
 52853 62709
 52853 62689
 55613 55613
 55613 55613
 55613 60221
 55613 60287
 58601 58473
 58601 58473
 58601 57961
 58601 57957
 61621 61493
 61621 61493
 61621 55605
 61621 55630
 65146 65146
 65146 65146
 65146 53114
 65146 53018
 68530 101298
 68530 35762
 68530 50354
 68530 50328
 72148 104916
 72148 39380
 72148 47828
 72148 47817
 75894 108790
 75894 43254
 75894 45302
 75894 45291
 79741 112637
 79741 47101
 79741 42237
 79741 42200
 83780 116676
 83780 51140
 83780 39364
 83780 39401
 87888 120656
 87888 55120
 87888 36176
 87888 36160
 92411 125179
 92411 59643
 92411 33019
 92411 32926
 97058 97186
 97058 31650
 97058 29602
 97058 29637
 101719 68951
 101719 3415
 101719 25943
 101719 25981
 106721 73953
 106721 8417
 106721 22241
 106721 22167
 111935 79295
 111935 13759
 111935 18111
 111935 18137
 117389 84621
 117389 19085
 117389 13965
 117389 14001
 123126 90358
 123126 24822
 123126 9718
 123126 9709
 128862 96094
 128862 30558
 128862 4958
 128862 4886
 134657 134657
 134657 3585
 134657 257
 134657 313
 140937 -8214903
 140937 -22903
 140937 -4471
 140937 -4380
 147487 -8208225
 147487 -16225
 147487 -9569
 147487 -9561
 154309 -8201659
 154309 -9659
 154309 -14779
 154309 -14758
 161303 -8194537
 161303 -2537
 161303 -20201
 161303 -20106
 168684 -8220052
 168684 -28052
 168684 -25492
 168684 -25561
 176076 -8212532
 176076 -20532
 176076 -31284
 176076 -31302
 183629 -8237619
 183629 -45619
 183629 -37427
 183629 -37475
 191439 -8230065
 191439 -38065
 191439 -43697
 191439 -43730
 199651 -8188957
 199651 -62493
 199651 -50205
 199651 -50260
 208553 -8180055
 208553 -53591
 208553 -57175
 208553 -57089
 217165 -8171315
 217165 -44851
 217165 -64051
 217165 -64082
 225953 -8129887
 225953 -68959
 225953 -71263
 225953 -71194
 235418 -8153190
 235418 -92262
 235418 -78438
 235418 -78439
 245073 -8143407
 245073 -82479
 245073 -86319
 245073 -86318
 255062 -8133546
 255062 -72618
 255062 -93866
 255062 -93847
 265307 -8123173
 265307 -127781
 265307 -101925
 265307 -101983
 275773 -8112707
 275773 -117315
 275773 -110659
 275773 -110615
 286398 -8102210
 286398 -106818
 286398 -119362
 286398 -119376
 297661 -8123843
 297661 -128451
 297661 -128451
 297661 -128494
 309137 -8079471
 309137 -149615
 309137 -137839
 309137 -137810
 320852 -8067628
 320852 -137772
 320852 -146988
 320852 -146980
 332882 -8022958
 332882 -158638
 332882 -156846
 332882 -156837
 345242 -8043494
 345242 -179174
 345242 -166886
 345242 -166902
 357640 -8030968
 357640 -166648
 357640 -177144
 357640 -177106
 370634 -8050742
 370634 -186422
 370634 -187702
 370634 -187707
 383951 -8004785
 383951 -206001
 383951 -198577
 383951 -198596
 397320 -7958520
 397320 -225272
 397320 -209912
 397320 -209910
 411072 -7944896
 411072 -211648
 411072 -221376
 411072 -221332
 425333 -7963275
 425333 -230027
 425333 -232843
 425333 -232901
 439760 -7981616
 439760 -248368
 439760 -244784
 439760 -244827
 454517 -7966731
 454517 -233483
 454517 -257547
 454517 -257561
 469358 -7886482
 469358 -284306
 469358 -270482
 469358 -270510
 484720 -7871120
 484720 -268944
 484720 -283280
 484720 -283284
 500532 -7920844
 500532 -318668
 500532 -296652
 500532 -296673
 516598 -7904906
 516598 -302730
 516598 -310410
 516598 -310410
 532723 -7855885
 532723 -319245
 532723 -324109
 532723 -324132
 549277 -7806563
 549277 -335459
 549277 -338275
 549277 -338247
 566057 -7822423
 566057 -351319
 566057 -352599
 566057 -352607
 582940 -7838308
 582940 -367204
 582940 -366948
 582940 -366934
 600180 -7788428
 600180 -382860
 600180 -381836
 600180 -381916
 617575 -7738265
 617575 -398233
 617575 -397209
 617575 -397199
 635131 -7753605
 635131 -413573
 635131 -412549
 635131 -412608
 653431 -7767945
 653431 -427913
 653431 -428169
 653431 -428256
 671474 -7717262
 671474 -442766
 671474 -444302
 671474 -444298
 689738 -7698742
 689738 -489782
 689738 -460342
 689738 -460399
 708197 -7680283
 708197 -471323
 708197 -476699
 708197 -476763
 726879 -7661729
 726879 -518305
 726879 -493217
 726879 -493233
 745829 -7642651
 745829 -499227
 745829 -509979
 745829 -509988
 764732 -7623748
 764732 -545860
 764732 -526916
 764732 -526936
 783899 -7604581
 783899 -526693
 783899 -544101
 783899 -544020
 803318 -7585418
 803318 -573066
 803318 -561290
 803318 -561374
 822774 -7598602
 822774 -586250
 822774 -579082
 822774 -579073
 841972 -7546764
 841972 -599948
 841972 -596876
 841972 -596902
 861488 -7494352
 861488 -613072
 861488 -614864
 861488 -614805
 881003 -7507477
 881003 -626197
 881003 -632597
 881003 -632663
 900535 -7520969
 900535 -639689
 900535 -650441
 900535 -650369
 920285 -7435555
 920285 -685347
 920285 -668451
 920285 -668531
 939971 -7415869
 939971 -665661
 939971 -686653
 939971 -686613
 959501 -7461747
 959501 -711539
 959501 -705139
 959501 -705036
 978932 -7409804
 978932 -725132
 978932 -723340
 978932 -723333
 998255 -7357585
 998255 -738449
 998255 -741521
 998255 -741590
 1017816 -7403560
 1017816 -784424
 1017816 -760360
 1017816 -760417
 1036865 -7384511
 1036865 -765375
 1036865 -778943
 1036865 -778987
 1055813 -7300027
 1055813 -811963
 1055813 -797371
 1055813 -797397
 1074590 -7281378
 1074590 -793314
 1074590 -816098
 1074590 -816018
 1093353 -7328023
 1093353 -839959
 1093353 -834583
 1093353 -834668
 1111785 -7276951
 1111785 -854423
 1111785 -853143
 1111785 -853237
 1130062 -7225650
 1130062 -868658
 1130062 -871474
 1130062 -871426
 1147969 -7273279
 1147969 -916287
 1147969 -889407
 1147969 -889440
 1165624 -7255624
 1165624 -898632
 1165624 -907336
 1165624 -907337
 1182937 -7172903
 1182937 -946983
 1182937 -924967
 1182937 -924966
 1199774 -7156066
 1199774 -930146
 1199774 -942690
 1199774 -942666
 1216293 -7205083
 1216293 -979163
 1216293 -960219
 1216293 -960246
 1232353 -7189023
 1232353 -963103
 1232353 -977695
 1232353 -977711
 1247910 -7107930
 1247910 -1013082
 1247910 -994906
 1247910 -994931
 1263112 -7092728
 1263112 -997880
 1263112 -1012216
 1263112 -1012209
 1277735 -7110745
 1277735 -1015897
 1277735 -1028953
 1277735 -1028950
 1292151 -7129097
 1292151 -1034249
 1292151 -1045257
 1292151 -1045370
 1305785 -7082823
 1305785 -1053511
 1305785 -1061447
 1305785 -1061444
 1318823 -7037017
 1318823 -1073241
 1318823 -1076825
 1318823 -1076742
 1331200 -7057408
 1331200 -1093632
 1331200 -1091840
 1331200 -1091777
 1343105 -7045503
 1343105 -1081727
 1343105 -1106303
 1343105 -1106229
 1353973 -7034635
 1353973 -1136395
 1353973 -1120523
 1353973 -1120589
 1364613 -7024123
 1364613 -1125883
 1364613 -1134843
 1364613 -1134778
 1374262 -7046986
 1374262 -1148746
 1374262 -1148490
 1374262 -1148536
 1383217 -7005263
 1383217 -1172559
 1383217 -1161551
 1383217 -1161538
 1391419 -6997061
 1391419 -1164357
 1391419 -1174341
 1391419 -1174342
 1398788 -6956924
 1398788 -1189756
 1398788 -1186428
 1398788 -1186336
 1405438 -6950530
 1405438 -1183362
 1405438 -1197442
 1405438 -1197536
 1411134 -6977346
 1411134 -1210178
 1411134 -1208386
 1411134 -1208437
 1415800 -7005576
 1415800 -1238408
 1415800 -1218696
 1415800 -1218696
 1419592 -7001656
 1419592 -1234488
 1419592 -1228344
 1419592 -1228329
 1422499 -6999005
 1422499 -1231837
 1422499 -1237469
 1422499 -1237466
 1424385 -6964223
 1424385 -1262591
 1424385 -1245951
 1424385 -1245868
 1425433 -6963047
 1425433 -1261415
 1425433 -1253479
 1425433 -1253496
 1425551 -6963057
 1425551 -1261425
 1425551 -1260401
 1425551 -1260406
 1424599 -6964137
 1424599 -1262505
 1424599 -1266601
 1424599 -1266631
 1422649 -6965831
 1422649 -1264199
 1422649 -1272135
 1422649 -1272121
 1419718 -6968890
 1419718 -1267258
 1419718 -1276474
 1419718 -1276496
 1415619 -7005757
 1415619 -1304125
 1415619 -1280317
 1415619 -1280290
 1410248 -7011256
 1410248 -1309624
 1410248 -1283256
 1410248 -1283308
 1403539 -6985069
 1403539 -1283437
 1403539 -1285485
 1403539 -1285435
 1396177 -6992431
 1396177 -1290799
 1396177 -1286959
 1396177 -1286997
 1387769 -7000967
 1387769 -1299335
 1387769 -1287559
 1387769 -1287646
 1378290 -7010318
 1378290 -1308686
 1378290 -1287182
 1378290 -1287205
 1367452 -7053924
 1367452 -1286756
 1367452 -1285988
 1367452 -1285967
 1355400 -7066104
 1355400 -1298936
 1355400 -1283832
 1355400 -1283788
 1342224 -7046384
 1342224 -1279216
 1342224 -1280752
 1342224 -1280720
 1328115 -7027853
 1328115 -1260685
 1328115 -1276813
 1328115 -1276856
 1312823 -7042889
 1312823 -1275721
 1312823 -1271881
 1312823 -1271922
 1296086 -7092650
 1296086 -1259946
 1296086 -1266090
 1296086 -1266080
 1278559 -7110049
 1278559 -1277345
 1278559 -1259425
 1278559 -1259424
 1259731 -7096109
 1259731 -1263405
 1259731 -1251629
 1259731 -1251701
 1239678 -7181570
 1239678 -1217794
 1239678 -1243138
 1239678 -1243155
 1218803 -7202573
 1218803 -1238797
 1218803 -1233421
 1218803 -1233451
 1196804 -7191676
 1196804 -1227900
 1196804 -1222524
 1196804 -1222467
 1173506 -7214974
 1173506 -1185662
 1173506 -1211006
 1173506 -1210890
 1149316 -7239292
 1149316 -1209980
 1149316 -1198460
 1149316 -1198413
 1123994 -7231974
 1123994 -1202662
 1123994 -1184742
 1123994 -1184664
 1097445 -7323931
 1097445 -1163547
 1097445 -1170203
 1097445 -1170197
 1070029 -7318707
 1070029 -1158323
 1070029 -1154739
 1070029 -1154719
 1041459 -7347021
 1041459 -1121101
 1041459 -1138253
 1041459 -1138236
 1012064 -7343648
 1012064 -1117728
 1012064 -1120800
 1012064 -1120815
 981674 -7439830
 981674 -1082838
 981674 -1102294
 981674 -1102288
 950339 -7470909
 950339 -1113917
 950339 -1082941
 950339 -1082947
 918118 -7437722
 918118 -1080730
 918118 -1062810
 918118 -1062813
 884887 -7536617
 884887 -1048553
 884887 -1041897
 884887 -1041812
 850684 -7570820
 850684 -1017220
 850684 -1019524
 850684 -1019578
 815613 -7540355
 815613 -986755
 815613 -996483
 815613 -996584
 779994 -7641382
 779994 -956710
 779994 -972582
 779994 -972564
 743671 -7612169
 743671 -927497
 743671 -947721
 743671 -947733
 706310 -7682298
 706310 -932090
 706310 -922106
 706310 -922038
 668312 -7720424
 668312 -904680
 668312 -895720
 668312 -895719
 629590 -7759018
 629590 -877738
 629590 -868266
 629590 -868330
 590525 -7798211
 590525 -851395
 590525 -840131
 590525 -840172
 550391 -7805577
 550391 -793225
 550391 -811401
 550391 -811517
 509879 -7911625
 509879 -768201
 509879 -782025
 509879 -782041
 468912 -7886928
 468912 -743504
 468912 -751696
 468912 -751628
 427282 -7993966
 427282 -719470
 427282 -720750
 427282 -720765
 385325 -8035923
 385325 -695891
 385325 -688979
 385325 -688918
 343034 -8012806
 343034 -672774
 343034 -656390
 343034 -656462
 300053 -8121195
 300053 -650091
 300053 -623723
 300053 -623644
 256935 -8131673
 256935 -595033
 256935 -590169
 256935 -590161
 213648 -8142192
 213648 -540016
 213648 -555888
 213648 -555828
 169860 -8251644
 169860 -518396
 169860 -520956
 169860 -520870
 126072 -8262536
 126072 -463752
 126072 -485512
 126072 -485610
 81914 -8306694
 81914 -442374
 81914 -450054
 81914 -450138
 37717 -8350891
 37717 -421035
 37717 -414123
 37717 -414084
 -6342 -38982
 -6342 -366662
 -6342 -377414
 -6342 -377431
 -50601 -17705
 -50601 -345385
 -50601 -340521
 -50601 -340596
 -94741 -127637
 -94741 -324245
 -94741 -303253
 -94741 -303337
 -138643 -138515
 -138643 -269587
 -138643 -265747
 -138643 -265778
 -182406 -149638
 -182406 -215174
 -182406 -227718
 -182406 -227837
 -225749 -258517
 -225749 -192981
 -225749 -189909
 -225749 -189903
 -268680 -268680
 -268680 -137608
 -268680 -151688
 -268680 -151761
 -311494 -311494
 -311494 -114886
 -311494 -113350
 -311494 -113342
 -353856 -353856
 -353856 -91712
 -353856 -74816
 -353856 -74827
 -395829 -428725
 -395829 -35509
 -395829 -36277
 -395829 -36352
 -437440 7951296
 -437440 21440
 -437440 2240
 -437440 2192
 -478510 7910098
 -478510 45778
 -478510 40914
 -478510 40863
 -519090 7869518
 -519090 70734
 -519090 79438
 -519090 79469
 -559050 7862326
 -559050 129078
 -559050 117814
 -559050 117785
 -598242 7757726
 -598242 155550
 -598242 155550
 -598242 155630
 -637245 7784003
 -637245 181827
 -637245 193347
 -637245 193294
 -675194 7713414
 -675194 242310
 -675194 231302
 -675194 231327
 -712557 7676051
 -712557 270483
 -712557 268947
 -712557 268956
 -749187 7639549
 -749187 299517
 -749187 306429
 -749187 306333
 -785132 7603604
 -785132 329108
 -785132 343188
 -785132 343258
 -820368 7601136
 -820368 392176
 -820368 379888
 -820368 379876
 -854405 7501435
 -854405 423547
 -854405 415867
 -854405 415852
 -887934 7533442
 -887934 455554
 -887934 451458
 -887934 451459
 -920811 7435029
 -920811 488213
 -920811 486421
 -920811 486492
 -952466 7469038
 -952466 522222
 -952466 521454
 -952466 521406
 -983028 7405580
 -983028 524300
 -983028 556044
 -983028 556044
 -1013060 7342780
 -1013060 592572
 -1013060 590268
 -1013060 590250
 -1042045 7379203
 -1042045 628995
 -1042045 623875
 -1042045 623976
 -1069875 7285837
 -1069875 666701
 -1069875 656973
 -1069875 656942
 -1096977 7324399
 -1096977 705263
 -1096977 689135
 -1096977 689041
 -1122717 7266019
 -1122717 712419
 -1122717 720611
 -1122717 720627
 -1147706 7240902
 -1147706 752838
 -1147706 751558
 -1147706 751562
 -1171499 7249749
 -1171499 761685
 -1171499 781909
 -1171499 781861
 -1194192 7161776
 -1194192 804784
 -1194192 811440
 -1194192 811427
 -1215785 7205463
 -1215785 848471
 -1215785 840535
 -1215785 840472
 -1236141 7152467
 -1236141 861011
 -1236141 868947
 -1236141 868865
 -1255602 7133006
 -1255602 907086
 -1255602 896078
 -1255602 896090
 -1274085 7081883
 -1274085 921499
 -1274085 922011
 -1274085 922063
 -1291171 7097437
 -1291171 937053
 -1291171 947549
 -1291171 947575
 -1307385 7113991
 -1307385 953607
 -1307385 972551
 -1307385 972615
 -1322684 7033156
 -1322684 1003844
 -1322684 996676
 -1322684 996732
 -1336402 7052078
 -1336402 1022766
 -1336402 1019694
 -1336402 1019669
 -1348924 7072324
 -1348924 1043012
 -1348924 1041732
 -1348924 1041693
 -1360541 7028067
 -1360541 1064291
 -1360541 1063011
 -1360541 1062923
 -1371125 7050379
 -1371125 1086603
 -1371125 1083275
 -1371125 1083299
 -1380746 7007990
 -1380746 1109750
 -1380746 1103094
 -1380746 1103082
 -1388942 6967026
 -1388942 1134322
 -1388942 1121778
 -1388942 1121713
 -1396288 6959552
 -1396288 1126848
 -1396288 1139392
 -1396288 1139361
 -1402224 6986384
 -1402224 1153680
 -1402224 1156240
 -1402224 1156259
 -1407229 6981379
 -1407229 1148675
 -1407229 1172227
 -1407229 1172246
 -1411364 6977116
 -1411364 1209948
 -1411364 1187420
 -1411364 1187379
 -1414623 6974113
 -1414623 1206945
 -1414623 1201569
 -1414623 1201537
 -1416656 7004720
 -1416656 1237552
 -1416656 1214512
 -1416656 1214498
 -1417389 7004115
 -1417389 1236947
 -1417389 1226707
 -1417389 1226695
 -1417347 7004157
 -1417347 1236989
 -1417347 1238013
 -1417347 1237916
 -1416203 6972405
 -1416203 1270773
 -1416203 1248245
 -1416203 1248247
 -1414165 6974315
 -1414165 1272683
 -1414165 1257835
 -1414165 1257824
 -1411307 6977301
 -1411307 1275669
 -1411307 1266453
 -1411307 1266480
 -1407409 6948559
 -1407409 1246927
 -1407409 1274575
 -1407409 1274543
 -1402671 6985809
 -1402671 1284177
 -1402671 1281361
 -1402671 1281299
 -1397146 6991590
 -1397146 1289958
 -1397146 1287142
 -1397146 1287064
 -1390764 6997972
 -1390764 1296340
 -1390764 1291988
 -1390764 1292028
 -1383449 7005159
 -1383449 1303527
 -1383449 1296359
 -1383449 1296286
 -1375258 7046118
 -1375258 1278950
 -1375258 1299686
 -1375258 1299672
 -1366295 7054953
 -1366295 1287785
 -1366295 1302377
 -1366295 1302289
 -1356560 7064688
 -1356560 1297520
 -1356560 1303920
 -1356560 1303839
 -1346085 7075163
 -1346085 1307995
 -1346085 1304667
 -1346085 1304649
 -1334961 7053775
 -1334961 1286607
 -1334961 1305039
 -1334961 1305084
 -1323283 7065197
 -1323283 1298029
 -1323283 1304429
 -1323283 1304434
 -1310956 7077652
 -1310956 1310484
 -1310956 1303060
 -1310956 1303055
 -1298063 7123313
 -1298063 1290609
 -1298063 1300849
 -1298063 1300764
 -1284356 7137020
 -1284356 1304316
 -1284356 1297916
 -1284356 1297904
 -1270247 7118489
 -1270247 1285785
 -1270247 1294233
 -1270247 1294285
 -1255834 7132774
 -1255834 1300070
 -1255834 1290086
 -1255834 1290057
 -1240634 7180614
 -1240634 1282374
 -1240634 1285190
 -1240634 1285244
 -1225175 7196201
 -1225175 1297961
 -1225175 1279785
 -1225175 1279764
 -1209108 7146604
 -1209108 1248364
 -1209108 1273964
 -1209108 1273863
 -1192773 7163067
 -1192773 1264827
 -1192773 1266875
 -1192773 1266828
 -1176127 7212481
 -1176127 1248705
 -1176127 1259457
 -1176127 1259486
 -1158571 7230037
 -1158571 1266261
 -1158571 1251669
 -1158571 1251709
 -1141260 7247220
 -1141260 1217908
 -1141260 1242996
 -1141260 1243004
 -1123675 7264933
 -1123675 1235621
 -1123675 1233829
 -1123675 1233816
 -1105657 7315719
 -1105657 1220871
 -1105657 1224199
 -1105657 1224196
 -1087540 7333708
 -1087540 1238860
 -1087540 1214284
 -1087540 1214290
 -1069237 7286603
 -1069237 1191755
 -1069237 1204043
 -1069237 1204019
 -1050344 7305496
 -1050344 1210648
 -1050344 1193240
 -1050344 1193259
 -1031364 7357244
 -1031364 1196860
 -1031364 1182012
 -1031364 1182066
 -1012479 7376129
 -1012479 1150209
 -1012479 1170689
 -1012479 1170707
 -993443 7395293
 -993443 1169373
 -993443 1158621
 -993443 1158640
 -974273 7414335
 -974273 1122879
 -974273 1146431
 -974273 1146386
 -954743 7433865
 -954743 1142409
 -954743 1133961
 -954743 1133966
 -935698 7420014
 -935698 1128558
 -935698 1120878
 -935698 1120871
 -916358 7505146
 -916358 1082618
 -916358 1107962
 -916358 1107917
 -896998 7524378
 -896998 1101850
 -896998 1094426
 -896998 1094514
 -877563 7478277
 -877563 1055749
 -877563 1080837
 -877563 1080878
 -858213 7497627
 -858213 1075099
 -858213 1066907
 -858213 1066942
 -839014 7549466
 -839014 1061402
 -839014 1052954
 -839014 1053039
 -819727 7601649
 -819727 1048049
 -819727 1039089
 -819727 1039073
 -800644 7588092
 -800644 1034492
 -800644 1024764
 -800644 1024737
 -781663 7606945
 -781663 987809
 -781663 1010081
 -781663 1010095
 -762739 7625869
 -762739 1006733
 -762739 995725
 -762739 995809
 -743958 7644650
 -743958 959978
 -743958 981226
 -743958 981163
 -725253 7663355
 -725253 978683
 -725253 966395
 -725253 966393
 -706796 7714580
 -706796 964372
 -706796 951572
 -706796 951649
 -688336 7700272
 -688336 950064
 -688336 936752
 -688336 936761
 -670350 7685490
 -670350 935282
 -670350 921970
 -670350 921975
 -652326 7769050
 -652326 887770
 -652326 907226
 -652326 907137
 -634536 7786840
 -634536 905560
 -634536 892248
 -634536 892284
 -616959 7739009
 -616959 857729
 -616959 877185
 -616959 877291
 -599703 7756265
 -599703 874985
 -599703 862441
 -599703 862373
 -582851 7838653
 -582851 826301
 -582851 847805
 -582851 847781
 -565950 7855426
 -565950 843074
 -565950 833090
 -565950 833042
 -549187 7806525
 -549187 794173
 -549187 818493
 -549187 818486
 -532945 7822895
 -532945 810543
 -532945 803887
 -532945 803913
 -517062 7871546
 -517062 793658
 -517062 789306
 -517062 789335
 -501320 7920056
 -501320 776632
 -501320 774584
 -501320 774538
 -485843 7902893
 -485843 759469
 -485843 759981
 -485843 759996
 -470566 7885146
 -470566 741722
 -470566 745818
 -470566 745770
 -455538 7933070
 -455538 724110
 -455538 731534
 -455538 731638
 -441000 7980504
 -441000 706008
 -441000 717784
 -441000 717790
 -426851 7994525
 -426851 720029
 -426851 703901
 -426851 703995
 -412872 7975736
 -412872 701240
 -412872 690488
 -412872 690518
 -398990 7956850
 -398990 682354
 -398990 677234
 -398990 677196
 -385688 8002920
 -385688 662888
 -385688 663656
 -385688 663635
 -372633 8048871
 -372633 643303
 -372633 650215
 -372633 650118
 -359719 8028761
 -359719 623193
 -359719 637273
 -359719 637256
 -347295 8041313
 -347295 635745
 -347295 624481
 -347295 624476
 -335090 8020750
 -335090 615182
 -335090 611854
 -335090 611967
 -322975 8065761
 -322975 594657
 -322975 599777
 -322975 599800
 -311324 8110052
 -311324 573412
 -311324 587748
 -311324 587704
 -300045 8121203
 -300045 584563
 -300045 575859
 -300045 575799
 -289153 8099583
 -289153 562943
 -289153 563967
 -289153 563924
 -278285 8077427
 -278285 540787
 -278285 552563
 -278285 552468
 -267822 8087890
 -267822 551250
 -267822 540754
 -267822 540733
 -257454 8131282
 -257454 529106
 -257454 529362
 -257454 529404
 -247508 8173996
 -247508 506284
 -247508 518316
 -247508 518370
 -238128 8183120
 -238128 515408
 -238128 507472
 -238128 507449
 -228887 8159593
 -228887 491881
 -228887 496745
 -228887 496682
 -219862 8135978
 -219862 468266
 -219862 486698
 -219862 486721
 -211315 8144397
 -211315 476685
 -211315 476685
 -211315 476709
 -202804 8152908
 -202804 485196
 -202804 467020
 -202804 467039
 -194606 8226642
 -194606 427858
 -194606 457298
 -194606 457238
 -186666 8234710
 -186666 435926
 -186666 447702
 -186666 447633
 -178938 8242566
 -178938 443782
 -178938 438150
 -178938 438165
 -171535 8249713
 -171535 450929
 -171535 428913
 -171535 428849
 -164225 8224511
 -164225 425727
 -164225 420095
 -164225 420024
 -157490 8198350
 -157490 399566
 -157490 411598
 -157490 411573
 -150867 8204973
 -150867 406189
 -150867 403373
 -150867 403444
 -143992 8211848
 -143992 413064
 -143992 395144
 -143992 395196
 -137762 8250718
 -137762 386398
 -137762 387422
 -137762 387392
 -131721 8256887
 -131721 392567
 -131721 379767
 -131721 379700
 -126070 8295306
 -126070 365450
 -126070 371850
 -126070 371925
 -120526 8300978
 -120526 371122
 -120526 364466
 -120526 364434
 -115260 8273220
 -115260 343364
 -115260 356932
 -115260 356887
 -109926 8278682
 -109926 348826
 -109926 349850
 -109926 349904
 -104954 8283654
 -104954 353798
 -104954 343302
 -104954 343349
 -100134 8288346
 -100134 358490
 -100134 336730
 -100134 336693
 -95614 8260226
 -95614 330370
 -95614 330114
 -95614 330228
 -91147 8297333
 -91147 301941
 -91147 324213
 -91147 324175
 -86947 8301661
 -86947 306269
 -86947 318045
 -86947 318017
 -82799 8305681
 -82799 310289
 -82799 311825
 -82799 311910
 -78869 8309739
 -78869 314347
 -78869 306155
 -78869 306151
 -75066 8313414
 -75066 318022
 -75066 300358
 -75066 300378
 -71306 8317302
 -71306 321910
 -71306 295030
 -71306 294943
 -68036 8287804
 -68036 292412
 -68036 289852
 -68036 289849
 -64683 8323925
 -64683 262997
 -64683 284757
 -64683 284721
 -61423 8327313
 -61423 266385
 -61423 279441
 -61423 279532
 -58406 8330074
 -58406 269146
 -58406 274778
 -58406 274722
 -55465 8333143
 -55465 272215
 -55465 270167
 -55465 270097
 -52674 8336062
 -52674 275134
 -52674 265918
 -52674 265874
 -50063 8371441
 -50063 244977
 -50063 261617
 -50063 261570
 -47431 8373817
 -47431 247353
 -47431 257337
 -47431 257290
 -45125 8376251
 -45125 249787
 -45125 253115
 -45125 253088
 -42799 8378577
 -42799 252113
 -42799 249297
 -42799 249293
 -40555 8380821
 -40555 254357
 -40555 245397
 -40555 245460
 -38559 8382817
 -38559 256353
 -38559 241761
 -38559 241701
 -36378 8384998
 -36378 258534
 -36378 238054
 -36378 238006
 -34575 8386801
 -34575 260337
 -34575 234481
 -34575 234491
 -32810 8388438
 -32810 261974
 -32810 231254
 -32810 231256
 -31089 8324623
 -31089 198159
 -31089 227855
 -31089 227853
 -29670 8326298
 -29670 199834
 -29670 224666
 -29670 224760
 -27935 8327777
 -27935 201313
 -27935 221793
 -27935 221752
 -26372 8329468
 -26372 203004
 -26372 218876
 -26372 218839
 -24909 8330931
 -24909 204467
 -24909 216243
 -24909 216196
 -23515 8332325
 -23515 205861
 -23515 213541
 -23515 213528
 -22395 8333317
 -22395 206853
 -22395 210949
 -22395 210962
 -21287 8334425
 -21287 207961
 -21287 208217
 -21287 208224
 -19961 8335879
 -19961 209415
 -19961 205575
 -19961 205660
 -18519 8337193
 -18519 210729
 -18519 203305
 -18519 203277
 -17596 8338372
 -17596 211908
 -17596 200900
 -17596 200904
 -16704 8339008
 -16704 212544
 -16704 198720
 -16704 198730
 -15697 8340143
 -15697 213679
 -15697 196783
 -15697 196755
 -14612 8373868
 -14612 181868
 -14612 194412
 -14612 194416
 -14161 8374447
 -14161 182447
 -14161 192431
 -14161 192502
 -13149 8375331
 -13149 183331
 -13149 190499
 -13149 190499
 -12620 8375988
 -12620 183988
 -12620 188596
 -12620 188633
 -11839 8376641
 -11839 184641
 -11839 186945
 -11839 187006
 -11065 8377415
 -11065 185415
 -11065 185159
 -11065 185088
 -10494 8378114
 -10494 186114
 -10494 183298
 -10494 183313
 -9961 8378647
 -9961 186647
 -9961 181783
 -9961 181864
 -9463 8379273
 -9463 187273
 -9463 180105
 -9463 180165
 -8710 8379898
 -8710 187898
 -8710 178426
 -8710 178340
 -8385 8380223
 -8385 188223
 -8385 176959
 -8385 177008
 -7886 8380850
 -7886 188850
 -7886 175538
 -7886 175494
 -7347 8381261
 -7347 189261
 -7347 173901
 -7347 173940
 -6880 8381728
 -6880 189728
 -6880 172832
 -6880 172899
 -6601 8382007
 -6601 190007
 -6601 171319
 -6601 171380
 -5956 8382652
 -5956 190652
 -5956 170172
 -5956 170152
 -5636 8382844
 -5636 190844
 -5636 168828
 -5636 168778
 -5163 8383445
 -5163 191445
 -5163 167381
 -5163 167333
 -5196 8383284
 -5196 191284
 -5196 166196
 -5196 166168
 -4751 8383985
 -4751 191985
 -4751 165105
 -4751 164994
 -4382 8384098
 -4382 192098
 -4382 164194
 -4382 164163
 -4128 8351584
 -4128 159584
 -4128 162912
 -4128 162941
 -3990 8351850
 -3990 159850
 -3990 161898
 -3990 161886
 -3839 8352129
 -3839 160129
 -3839 160897
 -3839 160986
 -3444 8352396
 -3444 160396
 -3444 160140
 -3444 160146
 -3541 8352427
 -3541 160427
 -3541 159147
 -3541 159230
 -3399 8352313
 -3399 160313
 -3399 158265
 -3399 158283
 -3238 8352602
 -3238 160602
 -3238 157274
 -3238 157306
 -2966 8353002
 -2966 161002
 -2966 156650
 -2966 156596
 -2834 8353006
 -2834 161006
 -2834 155886
 -2834 155817
 -2501 8353467
 -2501 161467
 -2501 155067
 -2501 155078
 -2321 8353391
 -2321 161391
 -2321 154223
 -2321 154204
 -2083 8353629
 -2083 161629
 -2083 153437
 -2083 153450
 -2094 8353746
 -2094 161746
 -2094 153042
 -2094 152984
 -1920 8353920
 -1920 161920
 -1920 152192
 -1920 152245
 -1871 8353841
 -1871 161841
 -1871 151345
 -1871 151350
 -1730 8354110
 -1730 162110
 -1730 150590
 -1730 150636
 -1613 8354227
 -1613 162227
 -1613 149683
 -1613 149725
 -1797 8353915
 -1797 161915
 -1797 149115
 -1797 149058
 -1593 8354119
 -1593 162119
 -1593 148551
 -1593 148576
 -1436 8354404
 -1436 162404
 -1436 148068
 -1436 148072
 -1189 8354779
 -1189 162779
 -1189 147419
 -1189 147382
 -1137 8354575
 -1137 162575
 -1137 146959
 -1137 147014
 -1051 8354661
 -1051 162661
 -1051 146533
 -1051 146504
 -1174 8354794
 -1174 162794
 -1174 145898
 -1174 145905
 -1347 8354493
 -1347 162493
 -1347 145085
 -1347 145131
 -867 8354845
 -867 162845
 -867 144669
 -867 144733
 -843 8354997
 -843 162997
 -843 144309
 -843 144268
 -779 8355061
 -779 163061
 -779 144117
 -779 144016
 -812 8354900
 -812 162900
 -812 143444
 -812 143438
 -962 8354878
 -962 162878
 -962 142910
 -962 142860
 -915 8354925
 -915 162925
 -915 142189
 -915 142084
 -913 8355055
 -913 163055
 -913 141295
 -913 141231
 -857 8354983
 -857 162983
 -857 140455
 -857 140506
 -786 8355054
 -786 163054
 -786 140014
 -786 139930
 -644 8355324
 -644 163324
 -644 139772
 -644 139731
 -453 8355387
 -453 163387
 -453 139579
 -453 139546
 -376 8355464
 -376 163464
 -376 139144
 -376 139199
 -510 8355330
 -510 163330
 -510 139010
 -510 139091
 -823 8355017
 -823 163017
 -823 138953
 -823 138944
 -545 8355295
 -545 163295
 -545 138463
 -545 138490
 -386 8355582
 -386 163582
 -386 137982
 -386 137862
 -337 8355503
 -337 163503
 -337 137135
 -337 137113
 -228 8355740
 -228 163740
 -228 136348
 -228 136379
 -413 8355555
 -413 163555
 -413 136163
 -413 136116
 -550 8355290
 -550 163290
 -550 135898
 -550 135894
 -684 8355284
 -684 163284
 -684 135636
 -684 135658
 -827 8354885
 -827 162885
 -827 135493
 -827 135534
 -563 8355149
 -563 163149
 -563 135245
 -563 135189
 -410 8355558
 -410 163558
 -410 134630
 -410 134612
 -407 8355433
 -407 163433
 -407 134505
 -407 134477
 -440 8355400
 -440 163400
 -440 134472
 -440 134419
 -370 8355342
 -370 163342
 -370 134158
 -370 134212
 -487 8355353
 -487 163353
 -487 133657
 -487 133727
 -660 8355308
 -660 163308
 -660 133100
 -660 133016
 -544 8355296
 -544 163296
 -544 132576
 -544 132507
 -389 8355579
 -389 163579
 -389 132347
 -389 132252
 -459 8355381
 -459 163381
 -459 132149
 -459 132193
 -289 8355551
 -289 163551
 -289 131807
 -289 131808
 -395 8355573
 -395 163573
 -395 131829
 -395 131752
 -362 8355350
 -362 163350
 -362 131606
 -362 131693
 -334 8355506
 -334 163506
 -334 131506
 -334 131556
 -414 8388322
 -414 130786
 -414 131042
 -414 131034
 -324 8388156
 -324 130620
 -324 130876
 -324 130895
 -358 8388250
 -358 130714
 -358 130458
 -358 130478
 -491 8388117
 -491 130581
 -491 129813
 -491 129894
 -385 8388351
 -385 130815
 -385 129791
 -385 129778
 -314 8388166
 -314 130630
 -314 129862
 -314 129919
 -294 8388186
 -294 130650
 -294 129626
 -294 129609
 -344 8388264
 -344 130728
 -344 129192
 -344 129232
 -382 8388226
 -382 130690
 -382 128898
 -382 128959
 -254 8388482
 -254 130946
 -254 128898
 -254 128900
 -108 8388500
 -108 130964
 -108 128660
 -108 128710
 43 32811
 43 98347
 43 128555
 43 128620
 -257 8388223
 -257 130687
 -257 128383
 -257 128358
 -499 8388109
 -499 130573
 -499 128013
 -499 128080
 -286 8388322
 -286 130786
 -286 127714
 -286 127665
 -381 8388227
 -381 130691
 -381 127363
 -381 127393
 -425 8388183
 -425 130647
 -425 127063
 -425 127034
 -261 8388347
 -261 130811
 -261 126971
 -261 126926
 -327 8388153
 -327 130617
 -327 126777
 -327 126799
 -307 8388173
 -307 130637
 -307 126797
 -307 126793
 -120 8388360
 -120 130824
 -120 126472
 -120 126579
 -373 8388235
 -373 130699
 -373 126603
 -373 126605
 -491 8388117
 -491 130581
 -491 126485
 -491 126502
 -344 8388264
 -344 130728
 -344 126376
 -344 126453
 -370 8388238
 -370 130702
 -370 125838
 -370 125922
 -268 8388212
 -268 130676
 -268 125556
 -268 125515
 -245 8388363
 -245 130827
 -245 125195
 -245 125298
 -312 8388168
 -312 130632
 -312 125000
 -312 125004
 -353 8388127
 -353 130591
 -353 124703
 -353 124740
 -262 8388346
 -262 130810
 -262 124922
 -262 124828
 -213 8388395
 -213 130859
 -213 124459
 -213 124534
 -383 8388225
 -383 130689
 -383 124289
 -383 124296
 -358 8388122
 -358 130586
 -358 124186
 -358 124285
 -370 8388110
 -370 130574
 -370 124430
 -370 124444
 -315 8388293
 -315 130757
 -315 124101
 -315 124136
 -256 8388352
 -256 130816
 -256 123648
 -256 123775
 -636 8387972
 -636 130436
 -636 123268
 -636 123343
 -423 8388313
 -423 130777
 -423 123097
 -423 123027
 -50 8388558
 -50 131022
 -50 122830
 -50 122826
 -114 8388366
 -114 130830
 -114 122638
 -114 122743
 -465 8388143
 -465 130607
 -465 122671
 -465 122713
 -366 8388114
 -366 130578
 -366 122386
 -366 122464
 -432 8388304
 -432 130768
 -432 122064
 -432 122062
 -485 8388251
 -485 130715
 -485 122011
 -485 121993
 -240 8388496
 -240 130960
 -240 122000
 -240 122055
 -317 8388291
 -317 130755
 -317 122051
 -317 122030
 -395 8388213
 -395 130677
 -395 121973
 -395 121897
 -110 8388370
 -110 130834
 -110 121618
 -110 121663
 69 32837
 69 98373
 69 121413
 69 121389
 -14 8388466
 -14 130930
 -14 121458
 -14 121413
 -313 8388167
 -313 130631
 -313 121415
 -313 121394
 -316 8388292
 -316 130756
 -316 121028
 -316 121069
 -466 8388270
 -466 130734
 -466 120750
 -466 120744
 -223 8388385
 -223 130849
 -223 120609
 -223 120654
 -299 8388181
 -299 130645
 -299 120405
 -299 120416
 -439 8388169
 -439 130633
 -439 120137
 -439 120174
 -323 8388285
 -323 130749
 -323 119997
 -323 119989
 -229 8388507
 -229 130971
 -229 119963
 -229 119958
 -234 8388374
 -234 130838
 -234 119830
 -234 119816
 -257 8388223
 -257 130687
 -257 119679
 -257 119570
 -465 8388143
 -465 130607
 -465 119599
 -465 119571
 -282 8388326
 -282 130790
 -282 119526
 -282 119494
 -273 8388335
 -273 130799
 -273 119535
 -273 119546
 -166 8388570
 -166 131034
 -166 119258
 -166 119264
 -512 8388224
 -512 130688
 -512 118912
 -512 118920
 -339 8388141
 -339 130605
 -339 118829
 -339 118806
 -386 8388222
 -386 130686
 -386 118910
 -386 118787
 -147 8388461
 -147 130925
 -147 118637
 -147 118577
 -73 8388535
 -73 130999
 -73 118455
 -73 118435
 -264 8388216
 -264 130680
 -264 118648
 -264 118570
 -390 8388346
 -390 130810
 -390 118522
 -390 118454
 -325 8388283
 -325 130747
 -325 118203
 -325 118203
 -159 8388449
 -159 130913
 -159 118369
 -159 118304
 -331 8388149
 -331 130613
 -331 118325
 -331 118289
 -343 8388137
 -343 130601
 -343 118057
 -343 118034
 -359 8388121
 -359 130585
 -359 118041
 -359 118113
 -367 8388241
 -367 130705
 -367 118161
 -367 118158
 -356 8388252
 -356 130716
 -356 117660
 -356 117734
 -179 8388557
 -179 131021
 -179 117453
 -179 117457
 -392 8388216
 -392 130680
 -392 117368
 -392 117293
 -377 8388103
 -377 130567
 -377 116999
 -377 117088
 -389 8388347
 -389 130811
 -389 116731
 -389 116665
 -149 8388459
 -149 130923
 -149 116331
 -149 116246
 -148 8388588
 -148 131052
 -148 116204
 -148 116218
 -429 8388307
 -429 130771
 -429 116179
 -429 116208
 -416 8388192
 -416 130656
 -416 116320
 -416 116230
 -198 8388410
 -198 130874
 -198 116282
 -198 116231
 -292 8388188
 -292 130652
 -292 116316
 -292 116344
 -500 8388236
 -500 130700
 -500 116364
 -500 116372
 -380 8388100
 -380 130564
 -380 116228
 -380 116256
 -257 8388223
 -257 130687
 -257 116351
 -257 116249
 -101 8388507
 -101 130971
 -101 115867
 -101 115915
 -44 8388436
 -44 130900
 -44 115540
 -44 115537
 -32 8388576
 -32 131040
 -32 115424
 -32 115400
 -171 8388437
 -171 130901
 -171 115285
 -171 115221
 -217 8388391
 -217 130855
 -217 114983
 -217 115069
 67 32835
 67 98371
 67 114755
 67 114698
 -133 8388603
 -133 131067
 -133 114427
 -133 114416
 -163 8388573
 -163 131037
 -163 114397
 -163 114429
 -406 8388330
 -406 130794
 -406 114410
 -406 114407
 -17 8388591
 -17 131055
 -17 114671
 -17 114643
 -43 8388565
 -43 131029
 -43 114645
 -43 114612
 -255 8388353
 -255 130817
 -255 114433
 -255 114548
 -208 8388400
 -208 130864
 -208 114480
 -208 114548
 -181 8388427
 -181 130891
 -181 114251
 -181 114198
 -172 8388564
 -172 131028
 -172 113876
 -172 113883
 -134 8388602
 -134 131066
 -134 113914
 -134 113795
 -204 8388404
 -204 130868
 -204 113460
 -204 113410
 -495 8388241
 -495 130705
 -495 113297
 -495 113360
 -219 8388389
 -219 130853
 -219 113189
 -219 113194
 -78 8388402
 -78 130866
 -78 113202
 -78 113188
 19 32915
 19 98451
 19 113299
 19 113339
 -245 8388491
 -245 130955
 -245 113291
 -245 113336
 -347 8388133
 -347 130597
 -347 113189
 -347 113239
 -422 8388314
 -422 130778
 -422 113114
 -422 113109
 -138 8388598
 -138 131062
 -138 113142
 -138 113109
 -25 8388455
 -25 130919
 -25 113255
 -25 113277
 94 32990
 94 98526
 94 112862
 94 112869
 -61 8388419
 -61 130883
 -61 112451
 -61 112411
 -248 8388360
 -248 130824
 -248 112136
 -248 112243
 -141 8388467
 -141 130931
 -141 111987
 -141 111994
 -55 8388425
 -55 130889
 -55 111945
 -55 111994
 -70 8388538
 -70 131002
 -70 112058
 -70 112023
 -470 8388266
 -470 130730
 -470 111786
 -470 111792
 -33 8388447
 -33 130911
 -33 111711
 -33 111636
 -221 8388515
 -221 130979
 -221 111523
 -221 111540
 -204 8388532
 -204 130996
 -204 111540
 -204 111534
 -123 8388357
 -123 130821
 -123 111365
 -123 111409
 -73 8388535
 -73 130999
 -73 111287
 -73 111274
 -58 8388422
 -58 130886
 -58 111430
 -58 111360
 -12 8388468
 -12 130932
 -12 111220
 -12 111175
 -145 8388591
 -145 131055
 -145 111087
 -145 111066
 -246 8388490
 -246 130954
 -246 110730
 -246 110842
 -73 8388407
 -73 130871
 -73 110903
 -73 110946
 -112 8388368
 -112 130832
 -112 111120
 -112 111116
 -59 8388549
 -59 131013
 -59 110533
 -59 110548
 -152 8388456
 -152 130920
 -152 110440
 -152 110349
 -204 8388404
 -204 130868
 -204 110388
 -204 110361
 -438 8388298
 -438 130762
 -438 110538
 -438 110468
 -241 8388495
 -241 130959
 -241 110479
 -241 110464
 -76 8388532
 -76 130996
 -76 110260
 -76 110214
 -216 8388392
 -216 130856
 -216 110120
 -216 110183
 -197 8388539
 -197 131003
 -197 110011
 -197 110029
 -43 8388437
 -43 130901
 -43 109909
 -43 109864
 -47 8388433
 -47 130897
 -47 109905
 -47 109907
 -286 8388194
 -286 130658
 -286 109922
 -286 109933
 -175 8388433
 -175 130897
 -175 109905
 -175 109857
 -180 8388556
 -180 131020
 -180 109516
 -180 109550
 -33 8388575
 -33 131039
 -33 109535
 -33 109554
 -128 8388352
 -128 130816
 -128 109312
 -128 109413
 -128 8388480
 -128 130944
 -128 109440
 -128 109465
 -331 8388277
 -331 130741
 -331 109493
 -331 109464
 -237 8388371
 -237 130835
 -237 109331
 -237 109361
 -260 8388348
 -260 130812
 -260 109308
 -260 109243
 -48 8388432
 -48 130896
 -48 109136
 -48 109135
 -93 8388515
 -93 130979
 -93 109219
 -93 109198
 -347 8388261
 -347 130725
 -347 109221
 -347 109207
 -102 8388506
 -102 130970
 -102 109210
 -102 109269
 112 33008
 112 98544
 112 109296
 112 109265
 99 32867
 99 98403
 99 108899
 99 108844
 -231 8388505
 -231 130969
 -231 108441
 -231 108516
 -330 8388150
 -330 130614
 -330 108598
 -330 108660
 -252 8388356
 -252 130820
 -252 108292
 -252 108361
 -6 8388602
 -6 131066
 -6 108026
 -6 107996
 -50 8388430
 -50 130894
 -50 108110
 -50 108144
 -123 8388485
 -123 130949
 -123 108165
 -123 108167
 -58 8388550
 -58 131014
 -58 108230
 -58 108162
 -177 8388559
 -177 131023
 -177 107983
 -177 107963
 24 32920
 24 98456
 24 107672
 24 107676
 -125 8388483
 -125 130947
 -125 107651
 -125 107686
 -230 8388378
 -230 130842
 -230 107546
 -230 107616
 -266 8388214
 -266 130678
 -266 107894
 -266 107802
 -123 8388485
 -123 130949
 -123 107909
 -123 107928
 -2 8388606
 -2 131070
 -2 108030
 -2 107964
 -6 8388474
 -6 130938
 -6 107642
 -6 107614
 -126 8388482
 -126 130946
 -126 106882
 -126 106951
 -55 8388425
 -55 130889
 -55 106569
 -55 106498
 -21 8388587
 -21 131051
 -21 106731
 -21 106633
 9 32905
 9 98441
 9 106889
 9 106909
 164 32804
 164 98340
 164 106788
 164 106798
 -208 8388400
 -208 130864
 -208 106800
 -208 106792
 -159 8388577
 -159 131041
 -159 106977
 -159 106920
 -86 8388522
 -86 130986
 -86 106666
 -86 106661
 -159 8388577
 -159 131041
 -159 106721
 -159 106655
 -81 8388527
 -81 130991
 -81 106671
 -81 106734
 -76 8388404
 -76 130868
 -76 106804
 -76 106788
 -81 8388399
 -81 130863
 -81 106543
 -81 106505
 7 32903
 7 98439
 7 106119
 7 106230
 113 33009
 113 98545
 113 106225
 113 106224
 -75 8388405
 -75 130869
 -75 106293
 -75 106341
 -147 8388589
 -147 131053
 -147 106477
 -147 106460
 -376 8388104
 -376 130568
 -376 106504
 -376 106578
 -194 8388414
 -194 130878
 -194 106302
 -194 106253
 -124 8388356
 -124 130820
 -124 105988
 -124 105992
 -175 8388433
 -175 130897
 -175 106065
 -175 106082
 -163 8388573
 -163 131037
 -163 105949
 -163 105962
 -287 8388193
 -287 130657
 -287 106081
 -287 106092
 -314 8388294
 -314 130758
 -314 106182
 -314 106117
 -316 8388164
 -316 130628
 -316 106052
 -316 106085
 -157 8388579
 -157 131043
 -157 106211
 -157 106187
 -282 8388326
 -282 130790
 -282 105958
 -282 105888
 -129 8388607
 -129 131071
 -129 105215
 -129 105173
 -16 8388464
 -16 130928
 -16 105072
 -16 105027
 15 32783
 15 98319
 15 104975
 15 105073
 -299 8388309
 -299 130773
 -299 105173
 -299 105130
 -90 8388390
 -90 130854
 -90 104998
 -90 105080
 154 32794
 154 98330
 154 105498
 154 105549
 193 32961
 193 98497
 193 105665
 193 105635
 102 32998
 102 98534
 102 105702
 102 105723
 -26 8388454
 -26 130918
 -26 105318
 -26 105259
 -217 8388391
 -217 130855
 -217 104487
 -217 104552
 49 32817
 49 98353
 49 104241
 49 104278
 200 32840
 200 98376
 200 104264
 200 104260
 -163 8388445
 -163 130909
 -163 104285
 -163 104297
 -124 8388484
 -124 130948
 -124 104324
 -124 104340
 -300 8388180
 -300 130644
 -300 104276
 -300 104299
 -126 8388354
 -126 130818
 -126 104194
 -126 104285
 -178 8388558
 -178 131022
 -178 104398
 -178 104398
 -76 8388404
 -76 130868
 -76 104756
 -76 104729
 -390 8388346
 -390 130810
 -390 104698
 -390 104631
 -243 8388365
 -243 130829
 -243 104461
 -243 104455
 57 32825
 57 98361
 57 104249
 57 104276
 135 32903
 135 98439
 135 104071
 135 104190
 0 32768
 0 98304
 0 104448
 0 104482
 -135 8388601
 -135 131065
 -135 104441
 -135 104433
 -43 8388565
 -43 131029
 -43 103893
 -43 103894
 -99 8388509
 -99 130973
 -99 103837
 -99 103911
 33 32801
 33 98337
 33 103969
 33 104021
 -195 8388541
 -195 131005
 -195 103869
 -195 103859
 -213 8388395
 -213 130859
 -213 103979
 -213 103953
 -271 8388337
 -271 130801
 -271 103921
 -271 103930
 -265 8388343
 -265 130807
 -265 103671
 -265 103615
 -100 8388380
 -100 130844
 -100 103708
 -100 103715
 -66 8388542
 -66 131006
 -66 103614
 -66 103665
 -63 8388545
 -63 131009
 -63 103617
 -63 103639
 -231 8388377
 -231 130841
 -231 103193
 -231 103211
 -198 8388538
 -198 131002
 -198 103354
 -198 103401
 -205 8388531
 -205 130995
 -205 103347
 -205 103417
 -109 8388371
 -109 130835
 -109 103187
 -109 103270
 -217 8388391
 -217 130855
 -217 103207
 -217 103277
 -10 8388470
 -10 130934
 -10 103286
 -10 103242
 -104 8388504
 -104 130968
 -104 103064
 -104 103061
 -5 8388603
 -5 131067
 -5 103163
 -5 103102
 -190 8388418
 -190 130882
 -190 102978
 -190 102971
 -372 8388108
 -372 130572
 -372 102668
 -372 102742
 -211 8388525
 -211 130989
 -211 102573
 -211 102650
 -93 8388515
 -93 130979
 -93 102563
 -93 102551
 -15 8388593
 -15 131057
 -15 102641
 -15 102608
 -320 8388288
 -320 130752
 -320 102336
 -320 102365
 -160 8388448
 -160 130912
 -160 101984
 -160 101949
 -222 8388386
 -222 130850
 -222 102178
 -222 102269
 -152 8388456
 -152 130920
 -152 101992
 -152 101983
 -204 8388532
 -204 130996
 -204 101812
 -204 101774
 -305 8388175
 -305 130639
 -305 101455
 -305 101384
 -211 8388525
 -211 130989
 -211 101037
 -211 101072
 -26 8388582
 -26 131046
 -26 101094
 -26 101069
 -11 8388597
 -11 131061
 -11 101109
 -11 101083
 -87 8388393
 -87 130857
 -87 101161
 -87 101159
 -313 8388167
 -313 130631
 -313 101191
 -313 101166
 -310 8388170
 -310 130634
 -310 100938
 -310 100946
 -20 8388588
 -20 131052
 -20 101100
 -20 100997
 -46 8388562
 -46 131026
 -46 101074
 -46 100995
 -71 8388409
 -71 130873
 -71 101177
 -71 101130
 -48 8388432
 -48 130896
 -48 101200
 -48 101179
 51 32947
 51 98483
 51 101043
 51 101000
 -29 8388579
 -29 131043
 -29 100835
 -29 100854
 31 32799
 31 98335
 31 100639
 31 100711
 -262 8388218
 -262 130682
 -262 100474
 -262 100401
 -214 8388522
 -214 130986
 -214 100266
 -214 100336
 -34 8388446
 -34 130910
 -34 100446
 -34 100384
 -333 8388147
 -333 130611
 -333 100403
 -333 100386
 -151 8388585
 -151 131049
 -151 100329
 -151 100335
 -176 8388432
 -176 130896
 -176 100432
 -176 100449
 -292 8388316
 -292 130780
 -292 100828
 -292 100749
 -286 8388322
 -286 130786
 -286 100834
 -286 100739
 -262 8388346
 -262 130810
 -262 100346
 -262 100253
 -245 8388491
 -245 130955
 -245 99979
 -245 100021
 -106 8388374
 -106 130838
 -106 99862
 -106 99946
 -52 8388556
 -52 131020
 -52 99788
 -52 99794
 -91 8388517
 -91 130981
 -91 99493
 -91 99488
 -128 8388480
 -128 130944
 -128 99712
 -128 99718
 -261 8388219
 -261 130683
 -261 99963
 -261 99862
 -211 8388397
 -211 130861
 -211 99629
 -211 99690
 -199 8388537
 -199 131001
 -199 99257
 -199 99281
 -66 8388542
 -66 131006
 -66 99262
 -66 99290
 -327 8388281
 -327 130745
 -327 99257
 -327 99273
 -104 8388376
 -104 130840
 -104 99096
 -104 99188
 -106 8388502
 -106 130966
 -106 98966
 -106 98945
 -81 8388527
 -81 130991
 -81 98735
 -81 98692
 83 32851
 83 98387
 83 98643
 83 98648
 -79 8388401
 -79 130865
 -79 98865
 -79 98869
 -349 8388259
 -349 130723
 -349 98723
 -349 98788
 -303 8388177
 -303 130641
 -303 98897
 -303 98887
 -124 8388484
 -124 130948
 -124 98948
 -124 99070
 -46 8388562
 -46 131026
 -46 99282
 -46 99254
 -78 8388530
 -78 130994
 -78 98994
 -78 99070
 -92 8388388
 -92 130852
 -92 98596
 -92 98608
 12 140
 12 65676
 12 98188
 12 98200
 -392 8355448
 -392 97912
 -392 97912
 -392 97848
 -102 8355610
 -102 98074
 -102 97562
 -102 97596
 -205 8355763
 -205 98227
 -205 97459
 -205 97413
 -252 8355588
 -252 98052
 -252 97796
 -252 97796
 78 78
 78 65614
 78 98126
 78 98121
 -28 8355684
 -28 98148
 -28 98148
 -28 98171
 2 130
 2 65666
 2 97922
 2 98008
 -55 8355657
 -55 98121
 -55 97865
 -55 97829
 -137 8355703
 -137 98167
 -137 97655
 -137 97590
 -226 8355742
 -226 98206
 -226 97438
 -226 97501
 -105 8355607
 -105 98071
 -105 97303
 -105 97301
 -65 8355775
 -65 98239
 -65 97215
 -65 97253
 -43 8355797
 -43 98261
 -43 97493
 -43 97411
 -153 8355687
 -153 98151
 -153 97639
 -153 97590
 -33 8355679
 -33 98143
 -33 97375
 -33 97385
 97 225
 97 65761
 97 97249
 97 97172
 -78 8355762
 -78 98226
 -78 96946
 -78 96951
 -127 8355713
 -127 98177
 -127 96641
 -127 96718
 -155 8355813
 -155 98277
 -155 96741
 -155 96686
 -129 8355711
 -129 98175
 -129 96639
 -129 96585
 -102 8355738
 -102 98202
 -102 96666
 -102 96689
 53 181
 53 65717
 53 96437
 53 96471
 -160 8355808
 -160 98272
 -160 96480
 -160 96443
 -101 8355739
 -101 98203
 -101 96155
 -101 96216
 -310 8355530
 -310 97994
 -310 96202
 -310 96205
 -169 8355799
 -169 98263
 -169 96215
 -169 96135
 -203 8355637
 -203 98101
 -203 96053
 -203 96101
 -286 8355554
 -286 98018
 -286 96226
 -286 96222
 -379 8355333
 -379 97797
 -379 96005
 -379 96123
 -65 8355647
 -65 98111
 -65 95551
 -65 95532
 234 234
 234 65770
 234 95466
 234 95482
 -104 8355736
 -104 98200
 -104 95384
 -104 95485
 -22 8355818
 -22 98282
 -22 95722
 -22 95658
 -77 8355635
 -77 98099
 -77 95539
 -77 95550
 -98 8355614
 -98 98078
 -98 95262
 -98 95322
 -336 8355376
 -336 97840
 -336 95280
 -336 95246
 -197 8355643
 -197 98107
 -197 95291
 -197 95345
 -253 8355715
 -253 98179
 -253 95363
 -253 95389
 -254 8355586
 -254 98050
 -254 95234
 -254 95304
 -207 8355761
 -207 98225
 -207 95153
 -207 95225
 -72 8355640
 -72 98104
 -72 95032
 -72 95089
 -30 8355682
 -30 98146
 -30 95074
 -30 94979
 -333 8355507
 -333 97971
 -333 94899
 -333 94857
 -190 8355650
 -190 98114
 -190 94786
 -190 94750
 152 24
 152 65560
 152 94744
 152 94743
 96 96
 96 65632
 96 94560
 96 94530
 -68 8355644
 -68 98108
 -68 94268
 -68 94246
 -20 8355820
 -20 98284
 -20 94444
 -20 94431
 -202 8355766
 -202 98230
 -202 94390
 -202 94371
 83 83
 83 65619
 83 94547
 83 94507
 -72 8355768
 -72 98232
 -72 94648
 -72 94608
 -403 8355437
 -403 97901
 -403 94573
 -403 94490
 -288 8355424
 -288 97888
 -288 94304
 -288 94292
 -144 8355696
 -144 98160
 -144 94320
 -144 94289
 -60 8355652
 -60 98116
 -60 94276
 -60 94298
 -289 8355423
 -289 97887
 -289 94047
 -289 93974
 -174 8355666
 -174 98130
 -174 93522
 -174 93470
 -243 8355597
 -243 98061
 -243 93197
 -243 93184
 -63 8355649
 -63 98113
 -63 93249
 -63 93191
 -65 8355647
 -65 98111
 -65 93247
 -65 93184
 35 163
 35 65699
 35 93347
 35 93350
 -71 8355769
 -71 98233
 -71 93113
 -71 93135
 -148 8355820
 -148 98284
 -148 93420
 -148 93327
 -124 8355588
 -124 98052
 -124 92932
 -124 92954
 -158 8355682
 -158 98146
 -158 93026
 -158 92953
 -73 8355639
 -73 98103
 -73 92983
 -73 92986
 -98 8355614
 -98 98078
 -98 92958
 -98 92933
 -13 8355827
 -13 98291
 -13 92659
 -13 92668
 -54 8355786
 -54 98250
 -54 92618
 -54 92602
 -176 8355664
 -176 98128
 -176 92496
 -176 92483
 -94 8355746
 -94 98210
 -94 92322
 -94 92394
 -121 8355719
 -121 98183
 -121 92295
 -121 92294
 -252 8355588
 -252 98052
 -252 92164
 -252 92272
 30 30
 30 65566
 30 92190
 30 92247
 163 163
 163 65699
 163 92323
 163 92378
 -95 8355617
 -95 98081
 -95 92449
 -95 92482
 -51 8355661
 -51 98125
 -51 92749
 -51 92787
 -118 8355594
 -118 98058
 -118 92682
 -118 92679
 -13 8355827
 -13 98291
 -13 92659
 -13 92574
 -19 8355693
 -19 98157
 -19 92269
 -19 92245
 -33 8355679
 -33 98143
 -33 91743
 -33 91660
 -192 8355776
 -192 98240
 -192 91584
 -192 91581
 -219 8355621
 -219 98085
 -219 91429
 -219 91495
 -84 8355756
 -84 98220
 -84 91564
 -84 91644
 80 80
 80 65616
 80 91728
 80 91747
 -112 8355600
 -112 98064
 -112 91920
 -112 91959
 -286 8355554
 -286 98018
 -286 92130
 -286 92053
 -172 8355796
 -172 98260
 -172 91860
 -172 91796
 -222 8355618
 -222 98082
 -222 91682
 -222 91746
 74 202
 74 65738
 74 91850
 74 91833
 -293 8355419
 -293 97883
 -293 91995
 -293 91935
 -232 8355608
 -232 98072
 -232 91672
 -232 91756
 -321 8355391
 -321 97855
 -321 91711
 -321 91686
 -124 8355588
 -124 98052
 -124 91140
 -124 91247
 -109 8355603
 -109 98067
 -109 90899
 -109 90976
 -136 8355832
 -136 98296
 -136 90872
 -136 90866
 -177 8355663
 -177 98127
 -177 90703
 -177 90745
 -181 8355659
 -181 98123
 -181 90699
 -181 90710
 -212 8355756
 -212 98220
 -212 90284
 -212 90330
 -261 8355451
 -261 97915
 -261 90235
 -261 90183
 -98 8355614
 -98 98078
 -98 90142
 -98 90187
 -56 8355784
 -56 98248
 -56 90056
 -56 90007
 -34 8355678
 -34 98142
 -34 89950
 -34 89960
 -140 8355700
 -140 98164
 -140 89972
 -140 89955
 -150 8355690
 -150 98154
 -150 89962
 -150 89953
 -201 8355767
 -201 98231
 -201 89783
 -201 89822
 -208 8355760
 -208 98224
 -208 89776
 -208 89737
 1 1
 1 65537
 1 89601
 1 89721
 -147 8355821
 -147 98285
 -147 89581
 -147 89479
 -69 8355643
 -69 98107
 -69 89403
 -69 89345
 -380 8355460
 -380 97924
 -380 89220
 -380 89231
 -141 8355699
 -141 98163
 -141 89203
 -141 89122
 57 185
 57 65721
 57 89017
 57 89013
 -2 8355710
 -2 98174
 -2 88958
 -2 88874
 -103 8355609
 -103 98073
 -103 88857
 -103 88936
 -118 8355722
 -118 98186
 -118 88970
 -118 89005
 -185 8355655
 -185 98119
 -185 88903
 -185 88947
 25 25
 25 65561
 25 88601
 25 88627
 68 68
 68 65604
 68 88388
 68 88414
 -63 8355777
 -63 98241
 -63 88257
 -63 88271
 -153 8355815
 -153 98279
 -153 88295
 -153 88262
 -4 8355708
 -4 98172
 -4 88444
 -4 88326
 196 196
 196 65732
 196 88260
 196 88288
 -34 8355806
 -34 98270
 -34 88030
 -34 87967
 -106 8355606
 -106 98070
 -106 87830
 -106 87857
 -334 8355378
 -334 97842
 -334 87602
 -334 87572
 116 244
 116 65780
 116 87540
 116 87481
 102 230
 102 65766
 102 87270
 102 87177
 -54 8355786
 -54 98250
 -54 86986
 -54 87034
 -256 8355712
 -256 98176
 -256 86656
 -256 86719
 -298 8355542
 -298 98006
 -298 86230
 -298 86259
 -186 8355654
 -186 98118
 -186 85830
 -186 85833
 -41 8355671
 -41 98135
 -41 85591
 -41 85615
 -36 8355804
 -36 98268
 -36 85212
 -36 85136
 -314 8355398
 -314 97862
 -314 84550
 -314 84510
 -241 8355599
 -241 98063
 -241 84239
 -241 84320
 -323 8355389
 -323 97853
 -323 84029
 -323 84080
 114 242
 114 65778
 114 83698
 114 83701
 10 138
 10 65674
 10 83338
 10 83414
 -132 8355708
 -132 98172
 -132 83068
 -132 83035
 -155 8355813
 -155 98277
 -155 82405
 -155 82339
 57 185
 57 65721
 57 81849
 57 81887
 7 7
 7 65543
 7 81671
 7 81670
 -158 8355810
 -158 98274
 -158 81378
 -158 81307
 -4 8355836
 -4 98300
 -4 80892
 -4 80856
 154 26
 154 65562
 154 80410
 154 80388
 5 5
 5 65541
 5 79877
 5 79936
 -108 8355604
 -108 98068
 -108 79892
 -108 79904
 -25 8355815
 -25 98279
 -25 79847
 -25 79816
 -216 8355624
 -216 98088
 -216 79400
 -216 79487
 -183 8355657
 -183 98121
 -183 79177
 -183 79139
 24 152
 24 65688
 24 78744
 24 78807
 163 35
 163 65571
 163 78627
 163 78667
 -188 8355652
 -188 98116
 -188 78660
 -188 78702
 -193 8355775
 -193 98239
 -193 78783
 -193 78768
 -47 8355665
 -47 98129
 -47 78673
 -47 78599
 -130 8355838
 -130 98302
 -130 78590
 -130 78539
 28 28
 28 65564
 28 78108
 28 78080
 -145 8355823
 -145 98287
 -145 77807
 -145 77782
 -366 8355474
 -366 97938
 -366 77714
 -366 77786
 -183 8355657
 -183 98121
 -183 77897
 -183 77905
 77 77
 77 65613
 77 77901
 77 77890
 180 52
 180 65588
 180 77876
 180 77861
 -10 8355702
 -10 98166
 -10 78198
 -10 78110
 -232 8355608
 -232 98072
 -232 78360
 -232 78452
 -111 8355729
 -111 98193
 -111 78481
 -111 78497
 16 144
 16 65680
 16 78736
 16 78729
 -13 8355827
 -13 98291
 -13 79091
 -13 79066
 28 28
 28 65564
 28 79388
 28 79460
 -246 8355722
 -246 98186
 -246 79498
 -246 79605
 -146 8355822
 -146 98286
 -146 79598
 -146 79611
 -130 8355710
 -130 98174
 -130 79998
 -130 79978
 -155 8355813
 -155 98277
 -155 80101
 -155 80076
 -197 8355643
 -197 98107
 -197 79931
 -197 79930
 -233 8355735
 -233 98199
 -233 79767
 -233 79842
 -55 8355657
 -55 98121
 -55 80201
 -55 80177
 -66 8355646
 -66 98110
 -66 80446
 -66 80456
 -231 8355609
 -231 98073
 -231 80665
 -231 80685
 -526 8355186
 -526 97650
 -526 81010
 -526 80978
 -288 8355424
 -288 97888
 -288 81504
 -288 81425
 -120 8355720
 -120 98184
 -120 81800
 -120 81832
 104 104
 104 65640
 104 82024
 104 81994
 -372 8355468
 -372 97932
 -372 82060
 -372 82074
 -392 8355448
 -392 97912
 -392 82296
 -392 82248
 -202 8355766
 -202 98230
 -202 82358
 -202 82401
 87 215
 87 65751
 87 82647
 87 82675
 -9 8355703
 -9 98167
 -9 82807
 -9 82759
 -113 8355599
 -113 98063
 -113 82959
 -113 82984
 -37 8355803
 -37 98267
 -37 83163
 -37 83113
 -24 8355688
 -24 98152
 -24 83304
 -24 83311
 -94 8355618
 -94 98082
 -94 83234
 -94 83287
 -99 8355741
 -99 98205
 -99 83613
 -99 83589
 94 222
 94 65758
 94 83934
 94 83943
 -68 8355772
 -68 98236
 -68 84156
 -68 84109
 240 240
 240 65776
 240 84208
 240 84101
 244 116
 244 65652
 244 84340
 244 84259
 -91 8355621
 -91 98085
 -91 84261
 -91 84323
 -185 8355783
 -185 98247
 -185 84423
 -185 84441
 -421 8355419
 -421 97883
 -421 84315
 -421 84341
 -18 8355694
 -18 98158
 -18 84590
 -18 84586
 153 153
 153 65689
 153 84889
 153 84868
 63 191
 63 65727
 63 84671
 63 84679
 -336 8355504
 -336 97968
 -336 84400
 -336 84457
 -384 8355456
 -384 97920
 -384 83840
 -384 83930
 -118 8355594
 -118 98058
 -118 83722
 -118 83792
 34 34
 34 65570
 34 83490
 34 83572
 -117 8355595
 -117 98059
 -117 83723
 -117 83782
 -174 8355794
 -174 98258
 -174 83666
 -174 83670
 38 166
 38 65702
 38 83622
 38 83633
 -161 8355679
 -161 98143
 -161 83551
 -161 83509
 -355 8355485
 -355 97949
 -355 83357
 -355 83422
 -320 8355392
 -320 97856
 -320 83264
 -320 83303
 -106 8355606
 -106 98070
 -106 82966
 -106 83004
 -85 8355755
 -85 98219
 -85 82859
 -85 82895
 41 41
 41 65577
 41 82729
 41 82732
 -87 8355753
 -87 98217
 -87 82601
 -87 82564
 106 234
 106 65770
 106 82410
 106 82359
 -73 8355639
 -73 98103
 -73 81975
 -73 82028
 -293 8355419
 -293 97883
 -293 81755
 -293 81747
 -104 8355608
 -104 98072
 -104 81688
 -104 81728
 -31 8355681
 -31 98145
 -31 81761
 -31 81722
 -60 8355780
 -60 98244
 -60 81860
 -60 81871
 5 133
 5 65669
 5 81797
 5 81914
 -54 8355786
 -54 98250
 -54 81866
 -54 81899
 -110 8355602
 -110 98066
 -110 81682
 -110 81690
 -17 8355695
 -17 98159
 -17 81775
 -17 81708
 -175 8355793
 -175 98257
 -175 81617
 -175 81542
 -58 8355782
 -58 98246
 -58 81094
 -58 81117
 -173 8355795
 -173 98259
 -173 81107
 -173 81095
 60 60
 60 65596
 60 80956
 60 81016
 99 227
 99 65763
 99 81123
 99 81061
 87 87
 87 65623
 87 81239
 87 81234
 -34 8355678
 -34 98142
 -34 81502
 -34 81497
 -78 8355634
 -78 98098
 -78 81458
 -78 81486
 99 227
 99 65763
 99 81379
 99 81359
 -8 8355704
 -8 98168
 -8 81528
 -8 81502
 42 42
 42 65578
 42 81450
 42 81420
 -108 8355732
 -108 98196
 -108 81300
 -108 81387
 -184 8355784
 -184 98248
 -184 81608
 -184 81597
 -301 8355539
 -301 98003
 -301 81619
 -301 81622
 -139 8355829
 -139 98293
 -139 81397
 -139 81400
 -146 8355694
 -146 98158
 -146 81262
 -146 81268
 -133 8355835
 -133 98299
 -133 81403
 -133 81299
 -82 8355758
 -82 98222
 -82 81326
 -82 81321
 5 133
 5 65669
 5 81285
 5 81356
 -296 8355416
 -296 97880
 -296 81240
 -296 81279
 -381 8355459
 -381 97923
 -381 81283
 -381 81376
 -316 8355396
 -316 97860
 -316 81220
 -316 81191
 -104 8355608
 -104 98072
 -104 80920
 -104 80982
 -87 8355625
 -87 98089
 -87 80937
 -87 80896
 -64 8355776
 -64 98240
 -64 80832
 -64 80825
 11 11
 11 65547
 11 80651
 11 80721
 -118 8355594
 -118 98058
 -118 80650
 -118 80670
 -15 8355697
 -15 98161
 -15 80753
 -15 80747
 29 29
 29 65565
 29 80669
 29 80716
 -63 8355777
 -63 98241
 -63 80577
 -63 80629
 -134 8355834
 -134 98298
 -134 80890
 -134 80768
 -239 8355729
 -239 98193
 -239 80529
 -239 80536
 -58 8355782
 -58 98246
 -58 80582
 -58 80582
 -52 8355660
 -52 98124
 -52 80460
 -52 80458
 -279 8355561
 -279 98025
 -279 80617
 -279 80630
 -275 8355437
 -275 97901
 -275 80749
 -275 80654
 -226 8355614
 -226 98078
 -226 80670
 -226 80710
 -4 8355708
 -4 98172
 -4 80764
 -4 80658
 200 72
 200 65608
 200 80968
 200 80939
 122 250
 122 65786
 122 80890
 122 80850
 -213 8355627
 -213 98091
 -213 80683
 -213 80668
 -182 8355658
 -182 98122
 -182 80202
 -182 80221
 -121 8355719
 -121 98183
 -121 79751
 -121 79852
 53 181
 53 65717
 53 79797
 53 79868
 -164 8355804
 -164 98268
 -164 79836
 -164 79852
 -107 8355605
 -107 98069
 -107 80405
 -107 80385
 80 208
 80 65744
 80 80848
 80 80873
 162 162
 162 65698
 162 81058
 162 81068
 -100 8355740
 -100 98204
 -100 81308
 -100 81342
 -73 8355767
 -73 98231
 -73 81591
 -73 81645
 -161 8355679
 -161 98143
 -161 81759
 -161 81707
 -91 8355621
 -91 98085
 -91 81701
 -91 81790
 178 50
 178 65586
 178 81714
 178 81672
 320 320
 320 65856
 320 81472
 320 81485
 66 194
 66 65730
 66 81346
 66 81344
 -370 8355470
 -370 97934
 -370 81294
 -370 81350
 -246 8355722
 -246 98186
 -246 81546
 -246 81601
 -64 8355648
 -64 98112
 -64 81984
 -64 82040
 -113 8355727
 -113 98191
 -113 82319
 -113 82422
 15 143
 15 65679
 15 82575
 15 82596
 -32 8355680
 -32 98144
 -32 82784
 -32 82794
 -8 8355832
 -8 98296
 -8 83192
 -8 83169
 40 168
 40 65704
 40 83368
 40 83372
 53 53
 53 65589
 53 83253
 53 83258
 -295 8355417
 -295 97881
 -295 83033
 -295 82948
 -231 8355737
 -231 98201
 -231 83097
 -231 83099
 -149 8355819
 -149 98283
 -149 83435
 -149 83453
 -23 8355817
 -23 98281
 -23 83689
 -23 83613
 6 6
 6 65542
 6 83718
 6 83787
 -182 8355786
 -182 98250
 -182 83914
 -182 83908
 -237 8355603
 -237 98067
 -237 84243
 -237 84259
 -191 8355777
 -191 98241
 -191 84417
 -191 84474
 -43 8355669
 -43 98133
 -43 84821
 -43 84797
 -131 8355709
 -131 98173
 -131 85117
 -131 85017
 -59 8355781
 -59 98245
 -59 85445
 -59 85385
 -88 8355624
 -88 98088
 -88 85288
 -88 85301
 -129 8355711
 -129 98175
 -129 85375
 -129 85334
 -126 8355586
 -126 98050
 -126 85250
 -126 85337
 157 29
 157 65565
 157 85277
 157 85325
 -49 8355791
 -49 98255
 -49 85711
 -49 85733
 -59 8355781
 -59 98245
 -59 85957
 -59 85932
 152 24
 152 65560
 152 85784
 152 85831
 225 225
 225 65761
 225 85985
 225 85922
 -55 8355657
 -55 98121
 -55 86601
 -55 86590
 -229 8355611
 -229 98075
 -229 86811
 -229 86882
 -95 8355617
 -95 98081
 -95 87329
 -95 87355
 77 77
 77 65613
 77 87629
 77 87554
 150 22
 150 65558
 150 87318
 150 87330
 -141 8355699
 -141 98163
 -141 87411
 -141 87359
 -193 8355647
 -193 98111
 -193 87103
 -193 87051
 -52 8355660
 -52 98124
 -52 87116
 -52 87162
 9 9
 9 65545
 9 87561
 9 87640
 174 174
 174 65710
 174 87982
 174 87955
 55 183
 55 65719
 55 87991
 55 87976
 -121 8355591
 -121 98055
 -121 88071
 -121 88131
 -3 8355837
 -3 98301
 -3 88317
 -3 88309
 -45 8355795
 -45 98259
 -45 88531
 -45 88493
 -123 8355589
 -123 98053
 -123 88581
 -123 88634
 -85 8355627
 -85 98091
 -85 88875
 -85 88929
 -219 8355749
 -219 98213
 -219 89253
 -219 89231
 -207 8355633
 -207 98097
 -207 89393
 -207 89344
 -308 8355404
 -308 97868
 -308 89420
 -308 89353
 -149 8355819
 -149 98283
 -149 89579
 -149 89487
 -137 8355831
 -137 98295
 -137 89591
 -137 89597
 9 137
 9 65673
 9 89481
 9 89562
 83 83
 83 65619
 83 89427
 83 89465
 190 190
 190 65726
 190 89790
 190 89795
 287 287
 287 65823
 287 89887
 287 89967
 98 98
 98 65634
 98 90210
 98 90138
 -182 8355786
 -182 98250
 -182 90314
 -182 90253
 -130 8355710
 -130 98174
 -130 90238
 -130 90173
 -22 8355690
 -22 98154
 -22 90218
 -22 90119
 -139 8355701
 -139 98165
 -139 90485
 -139 90455
 55 55
 55 65591
 55 90679
 55 90691
 0 0
 0 65536
 0 90624
 0 90652
 93 221
 93 65757
 93 90845
 93 90770
 100 228
 100 65764
 100 90852
 100 90868
 -39 8355801
 -39 98265
 -39 90841
 -39 90785
 -21 8355691
 -21 98155
 -21 90987
 -21 90891
 -2 8355710
 -2 98174
 -2 91262
 -2 91152
 -18 8355694
 -18 98158
 -18 91246
 -18 91203
 -35 8355677
 -35 98141
 -35 91485
 -35 91419
 -58 8355782
 -58 98246
 -58 91590
 -58 91520
 -92 8355748
 -92 98212
 -92 91812
 -92 91816
 -107 8355733
 -107 98197
 -107 91797
 -107 91779
 -29 8355683
 -29 98147
 -29 91491
 -29 91465
 72 72
 72 65608
 72 91464
 72 91444
 -103 8355737
 -103 98201
 -103 91545
 -103 91614
 -368 8355344
 -368 97808
 -368 91408
 -368 91502
 -28 8355684
 -28 98148
 -28 91748
 -28 91720
 -43 8355669
 -43 98133
 -43 91989
 -43 91992
 130 130
 130 65666
 130 91778
 130 91885
 -86 8355626
 -86 98090
 -86 91946
 -86 92009
 -206 8355762
 -206 98226
 -206 92082
 -206 92106
 -175 8355665
 -175 98129
 -175 92241
 -175 92172
 108 236
 108 65772
 108 92140
 108 92087
 159 159
 159 65695
 159 92319
 159 92343
 -170 8355798
 -170 98262
 -170 92374
 -170 92332
 -80 8355760
 -80 98224
 -80 92592
 -80 92588
 -220 8355620
 -220 98084
 -220 92452
 -220 92417
 -284 8355428
 -284 97892
 -284 92260
 -284 92168
 -6 8355834
 -6 98298
 -6 92154
 -6 92062
 5 133
 5 65669
 5 92037
 5 92136
 -35 8355805
 -35 98269
 -35 92381
 -35 92298
 -133 8355835
 -133 98299
 -133 92411
 -133 92385
 24 24
 24 65560
 24 92440
 24 92490
 47 175
 47 65711
 47 92335
 47 92390
 -128 8355712
 -128 98176
 -128 92288
 -128 92288
 -113 8355599
 -113 98063
 -113 92175
 -113 92176
 105 233
 105 65769
 105 92649
 105 92658
 -11 8355701
 -11 98165
 -11 92789
 -11 92776
 -84 8355756
 -84 98220
 -84 92588
 -84 92619
 -207 8355761
 -207 98225
 -207 92593
 -207 92607
 102 102
 102 65638
 102 92774
 102 92742
 91 219
 91 65755
 91 92635
 91 92644
 -185 8355783
 -185 98247
 -185 92615
 -185 92643
 -91 8355621
 -91 98085
 -91 92453
 -91 92417
 78 78
 78 65614
 78 92494
 78 92447
 -38 8355674
 -38 98138
 -38 92762
 -38 92724
 -115 8355725
 -115 98189
 -115 92557
 -115 92549
 137 137
 137 65673
 137 92553
 137 92559
 101 101
 101 65637
 101 93029
 101 92938
 -132 8355836
 -132 98300
 -132 93180
 -132 93172
 -464 8355376
 -464 97840
 -464 93232
 -464 93294
 -197 8355643
 -197 98107
 -197 93243
 -197 93292
 -177 8355663
 -177 98127
 -177 93263
 -177 93212
 -282 8355430
 -282 97894
 -282 93542
 -282 93486
 -47 8355665
 -47 98129
 -47 93521
 -47 93482
 -37 8355675
 -37 98139
 -37 93531
 -37 93478
 82 82
 82 65618
 82 93266
 82 93284
 201 201
 201 65737
 201 93129
 201 93175
 42 42
 42 65578
 42 93226
 42 93200
 -21 8355819
 -21 98283
 -21 93163
 -21 93149
 -74 8355638
 -74 98102
 -74 93238
 -74 93265
