 202 74
 202 74
 202 13386
 202 13419
 199 199
 199 199
 199 13255
 199 13288
 148 20
 148 20
 148 13076
 148 13164
 164 164
 164 164
 164 13220
 164 13217
 158 158
 158 158
 158 12958
 158 13030
 -397 8355571
 -397 32499
 -397 13043
 -397 13033
 -278 8355562
 -278 32490
 -278 13290
 -278 13276
 -270 8355570
 -270 32498
 -270 13554
 -270 13502
 -64 8355776
 -64 32704
 -64 13504
 -64 13462
 -164 8355804
 -164 32732
 -164 13532
 -164 13537
 -193 8355775
 -193 32703
 -193 13247
 -193 13275
 -117 8355595
 -117 32523
 -117 13067
 -117 13165
 -22 8355818
 -22 32746
 -22 13290
 -22 13229
 -32 8355680
 -32 32608
 -32 13152
 -32 13177
 -215 8355753
 -215 32681
 -215 13225
 -215 13257
 -124 8355716
 -124 32644
 -124 13188
 -124 13306
 -141 8355827
 -141 32755
 -141 13811
 -141 13722
 58 186
 58 186
 58 13754
 58 13774
 217 89
 217 89
 217 13913
 217 13855
 80 80
 80 80
 80 14160
 80 14135
 -242 8355726
 -242 32654
 -242 14222
 -242 14305
 -31 8355681
 -31 32609
 -31 14433
 -31 14352
 138 138
 138 138
 138 14474
 138 14521
 211 211
 211 211
 211 14547
 211 14582
 18 18
 18 18
 18 14354
 18 14454
 -159 8355681
 -159 32609
 -159 14433
 -159 14408
 -62 8355778
 -62 32706
 -62 14274
 -62 14325
 153 25
 153 25
 153 14361
 153 14419
 206 206
 206 206
 206 14542
 206 14484
 -263 8355577
 -263 32505
 -263 14585
 -263 14512
 -26 8355686
 -26 32614
 -26 14950
 -26 14882
 149 21
 149 21
 149 14869
 149 14867
 129 129
 129 129
 129 14721
 129 14799
 -71 8355769
 -71 32697
 -71 14777
 -71 14793
 -174 8355666
 -174 32594
 -174 14930
 -174 14916
 -117 8355723
 -117 32651
 -117 14987
 -117 15018
 160 160
 160 160
 160 15008
 160 14991
 -25 8355687
 -25 32615
 -25 14951
 -25 14905
 -80 8355760
 -80 32688
 -80 15024
 -80 15018
 -88 8355752
 -88 32680
 -88 15272
 -88 15344
 -138 8355830
 -138 32758
 -138 15606
 -138 15516
 47 175
 47 175
 47 15535
 47 15552
 -3 8355709
 -3 32637
 -3 15741
 -3 15680
 146 146
 146 146
 146 15762
 146 15744
 -134 8355834
 -134 32762
 -134 15866
 -134 15804
 9 137
 9 137
 9 15753
 9 15864
 -23 8355689
 -23 32617
 -23 15721
 -23 15697
 -3 8355837
 -3 32765
 -3 15869
 -3 15753
 130 130
 130 130
 130 15234
 130 15358
 79 207
 79 207
 79 15311
 79 15235
 4 132
 4 132
 4 14980
 4 15081
 23 23
 23 23
 23 14615
 23 14702
 204 76
 204 76
 204 14668
 204 14598
 -47 8355793
 -47 32721
 -47 14545
 -47 14540
 81 209
 81 209
 81 14545
 81 14467
 252 124
 252 124
 252 14460
 252 14373
 238 238
 238 238
 238 14574
 238 14581
 -67 8355773
 -67 32701
 -67 14525
 -67 14566
 -142 8355826
 -142 32754
 -142 14578
 -142 14554
 -73 8355767
 -73 32695
 -73 14775
 -73 14756
 -19 8355821
 -19 32749
 -19 14829
 -19 14791
 84 212
 84 212
 84 14548
 84 14533
 2 130
 2 130
 2 14466
 2 14560
 178 178
 178 178
 178 14514
 178 14534
 81 81
 81 81
 81 14673
 81 14613
 73 73
 73 73
 73 14409
 73 14395
 -52 8355788
 -52 32716
 -52 14284
 -52 14305
 -136 8355704
 -136 32632
 -136 14456
 -136 14384
 -295 8355545
 -295 32473
 -295 14297
 -295 14227
 -435 8355405
 -435 32333
 -435 14157
 -435 14175
 -89 8355751
 -89 32679
 -89 14247
 -89 14210
 147 147
 147 147
 147 14227
 147 14208
 123 123
 123 123
 123 13947
 123 13886
 -146 8355822
 -146 32750
 -146 14062
 -146 13957
 -138 8355702
 -138 32630
 -138 13942
 -138 13916
 -29 8355811
 -29 32739
 -29 13795
 -29 13786
 42 42
 42 42
 42 13610
 42 13658
 45 45
 45 45
 45 13613
 45 13611
 103 103
 103 103
 103 13415
 103 13417
 -58 8355782
 -58 32710
 -58 13254
 -58 13222
 9 9
 9 9
 9 13065
 9 13177
 238 110
 238 110
 238 13166
 238 13140
 43 43
 43 43
 43 13099
 43 13093
 -34 8355678
 -34 32606
 -34 13150
 -34 13146
 -188 8355780
 -188 32708
 -188 13252
 -188 13285
 -69 8355643
 -69 32571
 -69 13371
 -69 13406
 -23 8355817
 -23 32745
 -23 13289
 -23 13289
 1 129
 1 129
 1 13185
 1 13295
 -74 8355766
 -74 32694
 -74 12982
 -74 13001
 -66 8355774
 -66 32702
 -66 12990
 -66 12928
 -109 8355731
 -109 32659
 -109 12691
 -109 12780
 91 91
 91 91
 91 12635
 91 12613
 35 35
 35 35
 35 12835
 35 12851
 -47 8355665
 -47 32593
 -47 13137
 -47 13078
 257 385
 257 385
 257 13441
 257 13545
 306 434
 306 434
 306 13746
 306 13731
 269 397
 269 397
 269 13709
 269 13730
 -1 8355839
 -1 32767
 -1 13823
 -1 13807
 32 32
 32 32
 32 13600
 32 13653
 -19 8355693
 -19 32621
 -19 13933
 -19 13830
 82 82
 82 82
 82 13906
 82 13919
 13 141
 13 141
 13 13965
 13 13969
 -86 8355626
 -86 32554
 -86 14122
 -86 14097
 -39 8355673
 -39 32601
 -39 14169
 -39 14103
 -77 8355635
 -77 32563
 -77 14131
 -77 14112
 40 168
 40 168
 40 13992
 40 14007
 -97 8355615
 -97 32543
 -97 13855
 -97 13918
 30 30
 30 30
 30 13854
 30 13912
 -72 8355640
 -72 32568
 -72 13880
 -72 13897
 35 35
 35 35
 35 13859
 35 13930
 -103 8355737
 -103 32665
 -103 13977
 -103 14003
 -18 8355694
 -18 32622
 -18 13934
 -18 13853
 -29 8355683
 -29 32611
 -29 13667
 -29 13668
 -158 8355682
 -158 32610
 -158 13410
 -158 13431
 -217 8355623
 -217 32551
 -217 13351
 -217 13366
 32 160
 32 160
 32 13216
 32 13295
 154 26
 154 26
 154 13338
 154 13350
 -438 8355402
 -438 32330
 -438 13130
 -438 13107
 -243 8355597
 -243 32525
 -243 13069
 -243 13066
 268 396
 268 396
 268 12940
 268 13006
 154 154
 154 154
 154 12954
 154 12955
 -205 8355635
 -205 32563
 -205 12851
 -205 12869
 -110 8355602
 -110 32530
 -110 12818
 -110 12817
 83 211
 83 211
 83 13011
 83 12965
 -98 8355742
 -98 32670
 -98 12958
 -98 13002
 124 252
 124 252
 124 13052
 124 12953
 51 179
 51 179
 51 13235
 51 13194
 -66 8355774
 -66 32702
 -66 13246
 -66 13311
 -206 8355634
 -206 32562
 -206 12850
 -206 12904
 -49 8355663
 -49 32591
 -49 12623
 -49 12592
 114 114
 114 114
 114 12658
 114 12595
 91 219
 91 219
 91 12763
 91 12794
 -302 8355538
 -302 32466
 -302 13010
 -302 12984
 -323 8355517
 -323 32445
 -323 13245
 -323 13274
 -99 8355613
 -99 32541
 -99 13341
 -99 13369
 -91 8355621
 -91 32549
 -91 13605
 -91 13620
 -76 8355636
 -76 32564
 -76 13620
 -76 13583
 -111 8355729
 -111 32657
 -111 13457
 -111 13473
 -138 8355702
 -138 32630
 -138 13686
 -138 13632
 -136 8355832
 -136 32760
 -136 14072
 -136 13967
 -166 8355674
 -166 32602
 -166 13914
 -166 13923
 -226 8355614
 -226 32542
 -226 13854
 -226 13885
 -42 8355798
 -42 32726
 -42 14038
 -42 13952
 83 211
 83 211
 83 14035
 83 14037
 186 186
 186 186
 186 13754
 186 13796
 103 103
 103 103
 103 13927
 103 13833
 -7 8355833
 -7 32761
 -7 13817
 -7 13709
 -101 8355739
 -101 32667
 -101 13723
 -101 13715
 -127 8355585
 -127 32513
 -127 13569
 -127 13615
 225 97
 225 97
 225 13665
 225 13644
 171 171
 171 171
 171 13739
 171 13711
 -12 8355828
 -12 32756
 -12 13556
 -12 13509
 -124 8355588
 -124 32516
 -124 13316
 -124 13353
 -75 8355637
 -75 32565
 -75 13365
 -75 13356
 128 128
 128 128
 128 13184
 128 13208
 155 155
 155 155
 155 13211
 155 13209
 38 166
 38 166
 38 13222
 38 13257
 23 151
 23 151
 23 12951
 23 13003
 19 19
 19 19
 19 12819
 19 12895
 -2 8355838
 -2 32766
 -2 13054
 -2 12937
 -10 8355702
 -10 32630
 -10 12918
 -10 12839
 -211 8355629
 -211 32557
 -211 12845
 -211 12909
 -297 8355543
 -297 32471
 -297 13015
 -297 12953
 -299 8355413
 -299 32341
 -299 12885
 -299 12888
 -56 8355784
 -56 32712
 -56 12744
 -56 12764
 33 33
 33 33
 33 12577
 33 12597
 -7 8355705
 -7 32633
 -7 12665
 -7 12656
 -274 8355438
 -274 32366
 -274 12654
 -274 12580
 -215 8355753
 -215 32681
 -215 12457
 -215 12496
 -117 8355723
 -117 32651
 -117 12427
 -117 12506
 -154 8355686
 -154 32614
 -154 12646
 -154 12659
 -49 8355663
 -49 32591
 -49 12623
 -49 12669
 -112 8355728
 -112 32656
 -112 12944
 -112 12933
 -112 8355728
 -112 32656
 -112 13200
 -112 13187
 -25 8355815
 -25 32743
 -25 13287
 -25 13217
 -145 8355823
 -145 32751
 -145 13295
 -145 13260
 -77 8355635
 -77 32563
 -77 13363
 -77 13342
 -156 8355684
 -156 32612
 -156 13412
 -156 13364
 7 7
 7 7
 7 13319
 7 13400
 212 212
 212 212
 212 13524
 212 13474
 42 170
 42 170
 42 13482
 42 13511
 -326 8355386
 -326 32314
 -326 13626
 -326 13665
 -20 8355820
 -20 32748
 -20 13804
 -20 13794
 -38 8355674
 -38 32602
 -38 13914
 -38 13881
 -32 8355808
 -32 32736
 -32 13536
 -32 13496
 85 85
 85 85
 85 13397
 85 13361
 -166 8355674
 -166 32602
 -166 13402
 -166 13354
 -257 8355583
 -257 32511
 -257 13567
 -257 13493
 40 40
 40 40
 40 13608
 40 13655
 57 185
 57 185
 57 13497
 57 13545
 -9 8355831
 -9 32759
 -9 13559
 -9 13440
 11 139
 11 139
 11 13195
 11 13226
 -176 8355792
 -176 32720
 -176 13008
 -176 13035
 -67 8355773
 -67 32701
 -67 12989
 -67 13028
 -137 8355831
 -137 32759
 -137 12791
 -137 12757
 -60 8355652
 -60 32580
 -60 12612
 -60 12633
 -320 8355392
 -320 32320
 -320 12608
 -320 12626
 -149 8355819
 -149 32747
 -149 12523
 -149 12469
 22 22
 22 22
 22 12566
 22 12649
 -217 8355751
 -217 32679
 -217 12455
 -217 12464
 -170 8355798
 -170 32726
 -170 12502
 -170 12482
 -235 8355733
 -235 32661
 -235 12437
 -235 12474
 -42 8355670
 -42 32598
 -42 12630
 -42 12618
 28 28
 28 28
 28 12572
 28 12635
 89 217
 89 217
 89 12505
 89 12488
 -170 8355798
 -170 32726
 -170 12502
 -170 12480
 99 99
 99 99
 99 12387
 99 12340
 80 208
 80 208
 80 12240
 80 12261
 -130 8355838
 -130 32766
 -130 12542
 -130 12488
 -121 8355591
 -121 32519
 -121 12551
 -121 12565
 -169 8355799
 -169 32727
 -169 12503
 -169 12487
 -402 8355566
 -402 32494
 -402 12782
 -402 12797
 70 70
 70 70
 70 12870
 70 12892
 101 101
 101 101
 101 13157
 101 13100
 -11 8355701
 -11 32629
 -11 13429
 -11 13349
 134 134
 134 134
 134 13190
 134 13273
 155 155
 155 155
 155 13211
 155 13299
 192 192
 192 192
 192 13504
 192 13523
 0 0
 0 0
 0 13312
 0 13436
 86 86
 86 86
 86 13654
 86 13627
 -35 8355677
 -35 32605
 -35 13661
 -35 13645
 36 164
 36 164
 36 13476
 36 13567
 107 235
 107 235
 107 13803
 107 13758
 91 91
 91 91
 91 13915
 91 13869
 245 245
 245 245
 245 13813
 245 13800
 92 220
 92 220
 92 14044
 92 14001
 -26 8355814
 -26 32742
 -26 14054
 -26 14061
 -8 8355704
 -8 32632
 -8 13944
 -8 13899
 51 51
 51 51
 51 13363
 51 13424
 -123 8355589
 -123 32517
 -123 13061
 -123 13094
 103 231
 103 231
 103 12775
 103 12798
 199 199
 199 199
 199 12743
 199 12730
 103 231
 103 231
 103 12519
 103 12509
 -15 8355697
 -15 32625
 -15 12657
 -15 12648
 92 220
 92 220
 92 12764
 92 12767
 -2 8355838
 -2 32766
 -2 12798
 -2 12763
 -87 8355753
 -87 32681
 -87 12457
 -87 12542
 293 293
 293 293
 293 12325
 293 12322
 47 47
 47 47
 47 12335
 47 12349
 47 47
 47 47
 47 12335
 47 12354
 146 146
 146 146
 146 12178
 146 12244
 -106 8355606
 -106 32534
 -106 12310
 -106 12324
 -377 8355463
 -377 32391
 -377 12167
 -377 12245
 -24 8355688
 -24 32616
 -24 12648
 -24 12650
 83 83
 83 83
 83 12627
 83 12590
 -45 8355667
 -45 32595
 -45 12371
 -45 12336
 -93 8355619
 -93 32547
 -93 12067
 -93 12126
 -282 8355430
 -282 32358
 -282 12390
 -282 12304
 -61 8355651
 -61 32579
 -61 12099
 -61 12083
 123 123
 123 123
 123 12411
 123 12318
 -28 8355684
 -28 32612
 -28 12644
 -28 12544
 -306 8355406
 -306 32334
 -306 12878
 -306 12813
 -69 8355643
 -69 32571
 -69 13115
 -69 13059
 -26 8355814
 -26 32742
 -26 13030
 -26 12951
 -83 8355629
 -83 32557
 -83 13101
 -83 13104
 100 100
 100 100
 100 13412
 100 13325
 -58 8355782
 -58 32710
 -58 13254
 -58 13252
 132 132
 132 132
 132 13188
 132 13287
 58 58
 58 58
 58 13370
 58 13325
 -120 8355592
 -120 32520
 -120 13576
 -120 13653
 -77 8355763
 -77 32691
 -77 13491
 -77 13492
 -54 8355658
 -54 32586
 -54 13130
 -54 13127
 40 168
 40 168
 40 13224
 40 13212
 -37 8355675
 -37 32603
 -37 13403
 -37 13317
 -156 8355812
 -156 32740
 -156 13284
 -156 13310
 -302 8355410
 -302 32338
 -302 13394
 -302 13334
 -115 8355725
 -115 32653
 -115 13197
 -115 13256
 -64 8355648
 -64 32576
 -64 13120
 -64 13141
 27 27
 27 27
 27 13083
 27 13099
 -81 8355759
 -81 32687
 -81 12975
 -81 12957
 -132 8355836
 -132 32764
 -132 12796
 -132 12755
 -151 8355817
 -151 32745
 -151 12777
 -151 12727
 125 125
 125 125
 125 12669
 125 12564
 -144 8355696
 -144 32624
 -144 12400
 -144 12341
 -476 8355492
 -476 32420
 -476 12452
 -476 12481
 -148 8355692
 -148 32620
 -148 12396
 -148 12321
 25 153
 25 153
 25 12185
 25 12202
 26 154
 26 154
 26 12186
 26 12286
 -70 8355642
 -70 32570
 -70 12346
 -70 12320
 -301 8355539
 -301 32467
 -301 12243
 -301 12262
 -161 8355807
 -161 32735
 -161 11999
 -161 12009
 18 18
 18 18
 18 11794
 18 11805
 -7 8355705
 -7 32633
 -7 11897
 -7 11846
 24 152
 24 152
 24 11928
 24 12029
 -283 8355429
 -283 32357
 -283 11877
 -283 11868
 -122 8355718
 -122 32646
 -122 11654
 -122 11768
 58 186
 58 186
 58 11706
 58 11688
 -214 8355754
 -214 32682
 -214 11946
 -214 11926
 -220 8355620
 -220 32548
 -220 12324
 -220 12289
 -215 8355625
 -215 32553
 -215 12329
 -215 12391
 -298 8355414
 -298 32342
 -298 12630
 -298 12640
 119 119
 119 119
 119 12919
 119 12855
 386 258
 386 258
 386 12802
 386 12893
 31 31
 31 31
 31 13087
 31 13115
 0 0
 0 0
 0 13312
 0 13345
 68 68
 68 68
 68 13636
 68 13596
 37 165
 37 165
 37 13221
 37 13216
 74 74
 74 74
 74 13130
 74 13174
 64 64
 64 64
 64 13376
 64 13318
 82 82
 82 82
 82 12882
 82 12851
 1 1
 1 1
 1 12801
 1 12803
 16 144
 16 144
 16 12688
 16 12795
 -20 8355820
 -20 32748
 -20 13036
 -20 12995
 -162 8355806
 -162 32734
 -162 13022
 -162 12953
 -408 8355560
 -408 32488
 -408 13032
 -408 13032
 -132 8355708
 -132 32636
 -132 13180
 -132 13115
 -1 8355711
 -1 32639
 -1 13183
 -1 13105
 120 120
 120 120
 120 13176
 120 13088
 -76 8355764
 -76 32692
 -76 12980
 -76 12953
 43 43
 43 43
 43 12587
 43 12641
 75 203
 75 203
 75 12491
 75 12448
 5 5
 5 5
 5 12293
 5 12393
 34 162
 34 162
 34 12450
 34 12436
 -209 8355759
 -209 32687
 -209 12207
 -209 12165
 -226 8355614
 -226 32542
 -226 11806
 -226 11901
 46 174
 46 174
 46 11950
 46 11921
 40 40
 40 40
 40 12072
 40 12120
 -168 8355800
 -168 32728
 -168 12248
 -168 12253
 -98 8355614
 -98 32542
 -98 12062
 -98 12097
 -244 8355724
 -244 32652
 -244 11916
 -244 11924
 -190 8355650
 -190 32578
 -190 11842
 -190 11840
 -38 8355674
 -38 32602
 -38 12122
 -38 12111
 42 42
 42 42
 42 12074
 42 12092
 -306 8355534
 -306 32462
 -306 11982
 -306 11954
 -211 8355629
 -211 32557
 -211 12077
 -211 12155
 99 99
 99 99
 99 12387
 99 12301
 -16 8355696
 -16 32624
 -16 12400
 -16 12340
 50 50
 50 50
 50 12338
 50 12319
 -156 8355684
 -156 32612
 -156 12388
 -156 12414
 -112 8355600
 -112 32528
 -112 12560
 -112 12561
 -59 8355653
 -59 32581
 -59 12613
 -59 12667
 -26 8355686
 -26 32614
 -26 12902
 -26 12927
 -194 8355774
 -194 32702
 -194 12990
 -194 12991
 -47 8355665
 -47 32593
 -47 12881
 -47 12884
 -19 8355821
 -19 32749
 -19 13037
 -19 13009
 56 56
 56 56
 56 13112
 56 13129
 -103 8355737
 -103 32665
 -103 13209
 -103 13265
 -376 8355336
 -376 32264
 -376 13064
 -376 13156
 90 90
 90 90
 90 12890
 90 12923
 62 190
 62 190
 62 12990
 62 13022
 86 86
 86 86
 86 12886
 86 12846
 -180 8355660
 -180 32588
 -180 12876
 -180 12861
 -167 8355801
 -167 32729
 -167 12761
 -167 12788
 51 179
 51 179
 51 12723
 51 12675
 133 5
 133 5
 133 12549
 133 12658
 50 178
 50 178
 50 12722
 50 12714
 -245 8355723
 -245 32651
 -245 12683
 -245 12767
 -370 8355342
 -370 32270
 -370 12558
 -370 12657
 -323 8355389
 -323 32317
 -323 12605
 -323 12623
 27 27
 27 27
 27 12315
 27 12296
 -21 8355691
 -21 32619
 -21 12139
 -21 12156
 -71 8355769
 -71 32697
 -71 12217
 -71 12170
 -229 8355739
 -229 32667
 -229 11931
 -229 11994
 -204 8355636
 -204 32564
 -204 11828
 -204 11788
 -35 8355677
 -35 32605
 -35 11869
 -35 11786
 -44 8355796
 -44 32724
 -44 11988
 -44 11910
 -69 8355643
 -69 32571
 -69 11835
 -69 11867
 -127 8355585
 -127 32513
 -127 11777
 -127 11871
 150 150
 150 150
 150 11670
 150 11656
 23 151
 23 151
 23 11415
 23 11498
 -5 8355835
 -5 32763
 -5 11771
 -5 11753
 -327 8355513
 -327 32441
 -327 11705
 -327 11696
 -326 8355514
 -326 32442
 -326 11706
 -326 11725
 25 25
 25 25
 25 11545
 25 11578
 304 304
 304 304
 304 11568
 304 11549
 10 138
 10 138
 10 11658
 10 11649
 -69 8355643
 -69 32571
 -69 11835
 -69 11859
 -128 8355584
 -128 32512
 -128 12032
 -128 12129
 -115 8355597
 -115 32525
 -115 12301
 -115 12325
 -174 8355666
 -174 32594
 -174 12370
 -174 12362
 -53 8355659
 -53 32587
 -53 12619
 -53 12571
 -126 8355586
 -126 32514
 -126 12546
 -126 12670
 -26 8355686
 -26 32614
 -26 12902
 -26 12819
 3 131
 3 131
 3 12419
 3 12523
 143 143
 143 143
 143 12687
 143 12732
 92 92
 92 92
 92 12892
 92 12801
 0 128
 0 128
 0 12672
 0 12772
 236 236
 236 236
 236 12524
 236 12515
 184 184
 184 184
 184 12728
 184 12706
 130 2
 130 2
 130 12802
 130 12879
 131 3
 131 3
 131 12803
 131 12807
 11 11
 11 11
 11 12555
 11 12613
 102 102
 102 102
 102 12646
 102 12651
 37 37
 37 37
 37 12837
 37 12896
 57 57
 57 57
 57 12857
 57 12911
 -173 8355667
 -173 32595
 -173 12883
 -173 12864
 -193 8355775
 -193 32703
 -193 12735
 -193 12764
 -71 8355641
 -71 32569
 -71 12345
 -71 12408
 163 163
 163 163
 163 11939
 163 11943
 78 206
 78 206
 78 11726
 78 11714
 -14 8355826
 -14 32754
 -14 11762
 -14 11678
 -143 8355825
 -143 32753
 -143 11761
 -143 11677
 44 44
 44 44
 44 11564
 44 11540
 215 215
 215 215
 215 11479
 215 11498
 -93 8355747
 -93 32675
 -93 11683
 -93 11754
 -32 8355808
 -32 32736
 -32 11744
 -32 11769
 9 137
 9 137
 9 11657
 9 11733
 -78 8355634
 -78 32562
 -78 11570
 -78 11536
 -64 8355776
 -64 32704
 -64 11456
 -64 11457
 -33 8355807
 -33 32735
 -33 11743
 -33 11747
 7 7
 7 7
 7 11783
 7 11827
 -94 8355746
 -94 32674
 -94 11682
 -94 11734
 -115 8355597
 -115 32525
 -115 11533
 -115 11605
 225 225
 225 225
 225 11489
 225 11483
 411 283
 411 283
 411 11291
 411 11275
 -2 8355838
 -2 32766
 -2 11262
 -2 11145
 -24 8355688
 -24 32616
 -24 11880
 -24 11789
 -64 8355648
 -64 32576
 -64 11840
 -64 11840
 226 98
 226 98
 226 11874
 226 11849
 -6 8355706
 -6 32634
 -6 12154
 -6 12143
 -168 8355800
 -168 32728
 -168 12504
 -168 12469
 -229 8355611
 -229 32539
 -229 12315
 -229 12350
 -37 8355803
 -37 32731
 -37 12507
 -37 12451
 -46 8355666
 -46 32594
 -46 12626
 -46 12588
 74 74
 74 74
 74 12618
 74 12563
 216 216
 216 216
 216 12504
 216 12523
 59 187
 59 187
 59 12475
 59 12481
 -22 8355818
 -22 32746
 -22 12522
 -22 12531
 -117 8355723
 -117 32651
 -117 12427
 -117 12525
 -48 8355664
 -48 32592
 -48 12368
 -48 12408
 -86 8355626
 -86 32554
 -86 12074
 -86 12067
 -24 8355688
 -24 32616
 -24 12136
 -24 12155
 -8 8355704
 -8 32632
 -8 12408
 -8 12356
 -57 8355783
 -57 32711
 -57 12231
 -57 12266
 15 143
 15 143
 15 12175
 15 12184
 -125 8355587
 -125 32515
 -125 12035
 -125 12092
 65 65
 65 65
 65 11841
 65 11877
 272 400
 272 400
 272 11664
 272 11713
 192 64
 192 64
 192 11584
 192 11572
 34 34
 34 34
 34 11298
 34 11342
 -22 8355690
 -22 32618
 -22 11114
 -22 11125
 -116 8355724
 -116 32652
 -116 11148
 -116 11167
 -131 8355709
 -131 32637
 -131 11133
 -131 11086
 88 88
 88 88
 88 11096
 88 11026
 192 192
 192 192
 192 10944
 192 10952
 16 144
 16 144
 16 10640
 16 10748
 -272 8355440
 -272 32368
 -272 10864
 -272 10819
 -55 8355785
 -55 32713
 -55 10697
 -55 10724
 -69 8355643
 -69 32571
 -69 10811
 -69 10778
 108 236
 108 236
 108 10988
 108 10932
 -40 8355672
 -40 32600
 -40 10840
 -40 10828
 72 200
 72 200
 72 10696
 72 10704
 50 50
 50 50
 50 10802
 50 10782
 48 48
 48 48
 48 10800
 48 10777
 -96 8355744
 -96 32672
 -96 10656
 -96 10643
 -202 8355638
 -202 32566
 -202 10806
 -202 10835
 -179 8355789
 -179 32717
 -179 11213
 -179 11258
 -171 8355797
 -171 32725
 -171 11221
 -171 11246
 281 409
 281 409
 281 11161
 281 11254
 18 146
 18 146
 18 11410
 18 11474
 -49 8355663
 -49 32591
 -49 11599
 -49 11617
 -21 8355819
 -21 32747
 -21 11755
 -21 11727
 -9 8355831
 -9 32759
 -9 12023
 -9 11931
 -171 8355669
 -171 32597
 -171 11861
 -171 11880
 -234 8355606
 -234 32534
 -234 11798
 -234 11827
 -216 8355624
 -216 32552
 -216 11816
 -216 11808
 -200 8355640
 -200 32568
 -200 11832
 -200 11817
 -111 8355729
 -111 32657
 -111 11921
 -111 11973
 -10 8355830
 -10 32758
 -10 12022
 -10 11999
 -128 8355584
 -128 32512
 -128 12032
 -128 12154
 -389 8355451
 -389 32379
 -389 12155
 -389 12080
 57 185
 57 185
 57 12217
 57 12278
 -58 8355782
 -58 32710
 -58 12230
 -58 12193
 50 50
 50 50
 50 12082
 50 12081
 -37 8355675
 -37 32603
 -37 11867
 -37 11794
 -42 8355798
 -42 32726
 -42 11734
 -42 11686
 -128 8355584
 -128 32512
 -128 11520
 -128 11615
 -32 8355680
 -32 32608
 -32 11616
 -32 11624
 73 201
 73 201
 73 11465
 73 11419
 -83 8355757
 -83 32685
 -83 11181
 -83 11229
 51 179
 51 179
 51 11187
 51 11176
 58 186
 58 186
 58 10938
 58 10987
 -4 8355836
 -4 32764
 -4 11004
 -4 10957
 -102 8355738
 -102 32666
 -102 10906
 -102 10950
 -159 8355809
 -159 32737
 -159 10977
 -159 10987
 -294 8355418
 -294 32346
 -294 11098
 -294 11106
 -102 8355610
 -102 32538
 -102 11034
 -102 11091
 -52 8355660
 -52 32588
 -52 11084
 -52 11107
 -195 8355773
 -195 32701
 -195 11197
 -195 11198
 -209 8355631
 -209 32559
 -209 11311
 -209 11341
 -159 8355681
 -159 32609
 -159 11361
 -159 11373
 45 45
 45 45
 45 11053
 45 11115
 165 165
 165 165
 165 10917
 165 10880
 57 185
 57 185
 57 11193
 57 11168
 -221 8355747
 -221 32675
 -221 11171
 -221 11248
 -101 8355611
 -101 32539
 -101 11547
 -101 11527
 -113 8355599
 -113 32527
 -113 11791
 -113 11818
 -34 8355678
 -34 32606
 -34 11870
 -34 11902
 -52 8355660
 -52 32588
 -52 12108
 -52 12075
 -123 8355589
 -123 32517
 -123 12037
 -123 12103
 32 160
 32 160
 32 11936
 32 11930
 84 84
 84 84
 84 12372
 84 12305
 179 51
 179 51
 179 12339
 179 12361
 -110 8355602
 -110 32530
 -110 12306
 -110 12317
 -21 8355691
 -21 32619
 -21 12395
 -21 12415
 -27 8355685
 -27 32613
 -27 12389
 -27 12360
 -8 8355704
 -8 32632
 -8 12152
 -8 12042
 -299 8355413
 -299 32341
 -299 11861
 -299 11817
 -101 8355611
 -101 32539
 -101 12059
 -101 12053
 -39 8355801
 -39 32729
 -39 12249
 -39 12166
 77 77
 77 77
 77 12109
 77 12064
 28 28
 28 28
 28 12060
 28 12085
 -169 8355671
 -169 32599
 -169 12375
 -169 12302
 -250 8355718
 -250 32646
 -250 11910
 -250 12014
 -160 8355808
 -160 32736
 -160 11744
 -160 11657
 -63 8355649
 -63 32577
 -63 11329
 -63 11347
 157 157
 157 157
 157 11165
 157 11207
 207 79
 207 79
 207 11343
 207 11335
 -421 8355547
 -421 32475
 -421 11227
 -421 11200
 -335 8355505
 -335 32433
 -335 11185
 -335 11140
 -64 8355776
 -64 32704
 -64 10944
 -64 11006
 -95 8355745
 -95 32673
 -95 10913
 -95 10942
 -229 8355739
 -229 32667
 -229 10651
 -229 10709
 -60 8355780
 -60 32708
 -60 10948
 -60 10998
 -14 8355698
 -14 32626
 -14 11122
 -14 11095
 -97 8355743
 -97 32671
 -97 11167
 -97 11156
 13 13
 13 13
 13 10765
 13 10870
 0 128
 0 128
 0 10880
 0 10959
 -40 8355672
 -40 32600
 -40 11096
 -40 11058
 -102 8355738
 -102 32666
 -102 11162
 -102 11137
 -27 8355685
 -27 32613
 -27 11109
 -27 11092
 -78 8355762
 -78 32690
 -78 11442
 -78 11415
 -209 8355759
 -209 32687
 -209 11183
 -209 11184
 -241 8355727
 -241 32655
 -241 11151
 -241 11156
 -112 8355600
 -112 32528
 -112 11536
 -112 11620
 203 203
 203 203
 203 11979
 203 11950
 -29 8355811
 -29 32739
 -29 12003
 -29 12023
 -158 8355682
 -158 32610
 -158 12130
 -158 12062
 -34 8355678
 -34 32606
 -34 12126
 -34 12052
 24 152
 24 152
 24 12184
 24 12279
 6 134
 6 134
 6 12422
 6 12421
 209 209
 209 209
 209 12241
 209 12217
 -100 8355740
 -100 32668
 -100 12188
 -100 12167
 -184 8355784
 -184 32712
 -184 12232
 -184 12163
 -39 8355801
 -39 32729
 -39 12249
 -39 12215
 170 42
 170 42
 170 12074
 170 12143
 103 103
 103 103
 103 12135
 103 12061
 -283 8355429
 -283 32357
 -283 12133
 -283 12115
 8 8
 8 8
 8 12040
 8 12158
 154 154
 154 154
 154 12186
 154 12262
 23 23
 23 23
 23 12055
 23 12143
 -292 8355548
 -292 32476
 -292 12252
 -292 12237
 -89 8355623
 -89 32551
 -89 12071
 -89 12075
 -233 8355735
 -233 32663
 -233 11927
 -233 12005
 -15 8355697
 -15 32625
 -15 11889
 -15 11776
 194 66
 194 66
 194 11330
 194 11291
 -92 8355620
 -92 32548
 -92 11300
 -92 11334
 -221 8355619
 -221 32547
 -221 11299
 -221 11289
 -358 8355354
 -358 32282
 -358 11034
 -358 11069
 36 164
 36 164
 36 10916
 36 10971
 150 22
 150 22
 150 11030
 150 11108
 243 115
 243 115
 243 11123
 243 11120
 -235 8355733
 -235 32661
 -235 10901
 -235 10957
 -71 8355641
 -71 32569
 -71 11065
 -71 11075
 -218 8355750
 -218 32678
 -218 11174
 -218 11144
 -165 8355803
 -165 32731
 -165 11227
 -165 11248
 -43 8355797
 -43 32725
 -43 11477
 -43 11393
 -318 8355394
 -318 32322
 -318 11330
 -318 11292
 -270 8355442
 -270 32370
 -270 11378
 -270 11277
 42 42
 42 42
 42 11050
 42 11041
 70 198
 70 198
 70 10950
 70 10954
 -226 8355742
 -226 32670
 -226 11166
 -226 11169
 -194 8355646
 -194 32574
 -194 11326
 -194 11306
 -58 8355654
 -58 32582
 -58 11590
 -58 11629
 238 110
 238 110
 238 11886
 238 11778
 242 242
 242 242
 242 12018
 242 11919
 -73 8355639
 -73 32567
 -73 12087
 -73 12065
 -91 8355621
 -91 32549
 -91 12069
 -91 12078
 -25 8355687
 -25 32615
 -25 12135
 -25 12102
 97 97
 97 97
 97 12385
 97 12314
 -24 8355816
 -24 32744
 -24 12520
 -24 12492
 -6 8355834
 -6 32762
 -6 12538
 -6 12422
 -148 8355820
 -148 32748
 -148 12268
 -148 12206
 133 5
 133 5
 133 12037
 133 12059
 218 90
 218 90
 218 12122
 218 12068
 282 410
 282 410
 282 11930
 282 11964
 132 4
 132 4
 132 11780
 132 11876
 70 198
 70 198
 70 11974
 70 12005
 -53 8355659
 -53 32587
 -53 12107
 -53 12110
 -202 8355638
 -202 32566
 -202 12086
 -202 12104
 -158 8355682
 -158 32610
 -158 12386
 -158 12340
 -71 8355641
 -71 32569
 -71 12089
 -71 12101
 172 172
 172 172
 172 11692
 172 11719
 158 158
 158 158
 158 11422
 158 11488
 -125 8355715
 -125 32643
 -125 11395
 -125 11411
 -243 8355597
 -243 32525
 -243 11277
 -243 11350
 0 128
 0 128
 0 11136
 0 11169
 -11 8355701
 -11 32629
 -11 11125
 -11 11044
 56 56
 56 56
 56 11064
 56 11045
 159 159
 159 159
 159 11167
 159 11169
 131 131
 131 131
 131 11139
 131 11160
 30 158
 30 158
 30 10910
 30 10915
 -67 8355773
 -67 32701
 -67 10941
 -67 10988
 -91 8355749
 -91 32677
 -91 11173
 -91 11216
 130 2
 130 2
 130 11010
 130 11094
 129 129
 129 129
 129 10881
 129 10910
 -168 8355800
 -168 32728
 -168 11224
 -168 11159
 125 253
 125 253
 125 11261
 125 11247
 76 204
 76 204
 76 11212
 76 11229
 143 15
 143 15
 143 11279
 143 11333
 234 106
 234 106
 234 11114
 234 11111
 -44 8355668
 -44 32596
 -44 11348
 -44 11283
 85 85
 85 85
 85 11349
 85 11353
 -56 8355656
 -56 32584
 -56 11592
 -56 11530
 34 162
 34 162
 34 11682
 34 11758
 -149 8355691
 -149 32619
 -149 11627
 -149 11587
 -72 8355768
 -72 32696
 -72 11960
 -72 12014
 -72 8355640
 -72 32568
 -72 12088
 -72 12096
 207 79
 207 79
 207 11855
 207 11893
 -50 8355790
 -50 32718
 -50 11982
 -50 11947
 -224 8355616
 -224 32544
 -224 12064
 -224 12065
 -329 8355511
 -329 32439
 -329 11959
 -329 11984
 -142 8355698
 -142 32626
 -142 11890
 -142 11901
 231 103
 231 103
 231 11879
 231 11867
 229 229
 229 229
 229 12005
 229 11904
 50 178
 50 178
 50 11954
 50 11936
 -135 8355705
 -135 32633
 -135 11897
 -135 11880
 -120 8355592
 -120 32520
 -120 12040
 -120 12108
 -53 8355787
 -53 32715
 -53 12235
 -53 12282
 110 238
 110 238
 110 12270
 110 12175
 63 191
 63 191
 63 11967
 63 11967
 -2 8355838
 -2 32766
 -2 11774
 -2 11706
 36 164
 36 164
 36 11684
 36 11719
 -33 8355679
 -33 32607
 -33 11359
 -33 11387
 -50 8355662
 -50 32590
 -50 11086
 -50 11045
 -423 8355545
 -423 32473
 -423 10969
 -423 10993
 -109 8355603
 -109 32531
 -109 11027
 -109 11103
 146 18
 146 18
 146 11026
 146 11037
 51 51
 51 51
 51 11059
 51 11022
 -67 8355645
 -67 32573
 -67 11069
 -67 11085
 -20 8355820
 -20 32748
 -20 11244
 -20 11227
 63 63
 63 63
 63 11327
 63 11266
 107 235
 107 235
 107 11499
 107 11469
 365 493
 365 493
 365 11245
 365 11262
 -68 8355772
 -68 32700
 -68 11452
 -68 11398
 -66 8355774
 -66 32702
 -66 11454
 -66 11421
 -104 8355736
 -104 32664
 -104 10904
 -104 10994
 62 190
 62 190
 62 10430
 62 10484
 27 155
 27 155
 27 10395
 27 10473
 -40 8355672
 -40 32600
 -40 10840
 -40 10789
 -85 8355627
 -85 32555
 -85 11051
 -85 11105
 -257 8355583
 -257 32511
 -257 11263
 -257 11223
 119 119
 119 119
 119 11383
 119 11310
 241 241
 241 241
 241 11505
 241 11468
 179 179
 179 179
 179 11699
 179 11728
 -193 8355647
 -193 32575
 -193 12095
 -193 12051
 -149 8355691
 -149 32619
 -149 12139
 -149 12138
 -28 8355812
 -28 32740
 -28 12260
 -28 12161
 196 196
 196 196
 196 12228
 196 12205
 50 50
 50 50
 50 12082
 50 12100
 84 212
 84 212
 84 11988
 84 11981
 -131 8355709
 -131 32637
 -131 12157
 -131 12110
 -92 8355620
 -92 32548
 -92 12068
 -92 12082
 188 188
 188 188
 188 11964
 188 12018
 -8 8355832
 -8 32760
 -8 12024
 -8 11995
 84 212
 84 212
 84 11988
 84 11958
 -47 8355665
 -47 32593
 -47 11857
 -47 11883
 80 208
 80 208
 80 11984
 80 11967
 102 102
 102 102
 102 11878
 102 11885
 -28 8355812
 -28 32740
 -28 11748
 -28 11766
 -349 8355363
 -349 32291
 -349 11555
 -349 11520
 8 8
 8 8
 8 11272
 8 11314
 130 130
 130 130
 130 11138
 130 11160
 103 103
 103 103
 103 11111
 103 11020
 272 272
 272 272
 272 11024
 272 11060
 -143 8355825
 -143 32753
 -143 10993
 -143 10880
 -166 8355802
 -166 32730
 -166 10970
 -166 11004
 218 218
 218 218
 218 10970
 218 10903
 171 43
 171 43
 171 11051
 171 11014
 115 115
 115 115
 115 10867
 115 10808
 23 23
 23 23
 23 10775
 23 10753
 -83 8355757
 -83 32685
 -83 10925
 -83 10970
 42 42
 42 42
 42 11050
 42 11040
 165 37
 165 37
 165 11045
 165 11069
 184 184
 184 184
 184 11192
 184 11159
 58 186
 58 186
 58 10938
 58 11003
 24 24
 24 24
 24 10776
 24 10812
 384 256
 384 256
 384 10752
 384 10771
 124 124
 124 124
 124 10620
 124 10610
 92 220
 92 220
 92 10972
 92 10900
 82 210
 82 210
 82 10962
 82 10950
 52 52
 52 52
 52 11316
 52 11323
 59 187
 59 187
 59 11451
 59 11463
 211 211
 211 211
 211 11731
 211 11721
 -27 8355685
 -27 32613
 -27 11877
 -27 11891
 -184 8355656
 -184 32584
 -184 11848
 -184 11812
 32 32
 32 32
 32 12064
 32 12064
 196 68
 196 68
 196 12100
 196 12044
 -7 8355705
 -7 32633
 -7 11897
 -7 11855
 -24 8355816
 -24 32744
 -24 12008
 -24 11982
 61 189
 61 189
 61 11965
 61 11963
 132 132
 132 132
 132 11652
 132 11695
 57 185
 57 185
 57 11705
 57 11652
 -17 8355695
 -17 32623
 -17 11375
 -17 11372
 -23 8355817
 -23 32745
 -23 11497
 -23 11495
 -42 8355798
 -42 32726
 -42 11734
 -42 11704
 15 143
 15 143
 15 11919
 15 12020
 -78 8355634
 -78 32562
 -78 12082
 -78 12082
 -146 8355822
 -146 32750
 -146 11758
 -146 11702
 -138 8355830
 -138 32758
 -138 11510
 -138 11445
 -82 8355758
 -82 32686
 -82 11182
 -82 11249
 -3 8355709
 -3 32637
 -3 11133
 -3 11111
 -50 8355790
 -50 32718
 -50 10958
 -50 10911
 -176 8355664
 -176 32592
 -176 10832
 -176 10796
 -188 8355652
 -188 32580
 -188 10820
 -188 10760
 -134 8355834
 -134 32762
 -134 11002
 -134 10891
 -53 8355787
 -53 32715
 -53 10699
 -53 10716
 34 162
 34 162
 34 10914
 34 10932
 39 39
 39 39
 39 11047
 39 11033
 -204 8355764
 -204 32692
 -204 10932
 -204 10894
 -112 8355600
 -112 32528
 -112 10768
 -112 10807
 38 166
 38 166
 38 10662
 38 10694
 152 152
 152 152
 152 10648
 152 10749
 261 261
 261 261
 261 10757
 261 10843
 25 153
 25 153
 25 10649
 25 10644
 -118 8355722
 -118 32650
 -118 10634
 -118 10660
 25 25
 25 25
 25 10521
 25 10535
 270 270
 270 270
 270 10766
 270 10811
 221 221
 221 221
 221 10973
 221 10884
 159 31
 159 31
 159 10783
 159 10879
 92 220
 92 220
 92 11228
 92 11156
 -101 8355739
 -101 32667
 -101 11419
 -101 11481
 -21 8355819
 -21 32747
 -21 11499
 -21 11461
 136 8
 136 8
 136 11528
 136 11567
 190 190
 190 190
 190 11710
 190 11660
 122 250
 122 250
 122 11770
 122 11750
 112 240
 112 240
 112 11760
 112 11742
 -159 8355809
 -159 32737
 -159 11745
 -159 11730
 -152 8355816
 -152 32744
 -152 11752
 -152 11744
 337 337
 337 337
 337 11857
 337 11776
 346 346
 346 346
 346 11610
 346 11640
 -15 8355697
 -15 32625
 -15 11633
 -15 11617
 117 117
 117 117
 117 11637
 117 11556
 115 115
 115 115
 115 11635
 115 11547
 338 338
 338 338
 338 11602
 338 11579
 243 115
 243 115
 243 11891
 243 11786
 273 273
 273 273
 273 11793
 273 11899
 225 225
 225 225
 225 11745
 225 11719
 137 9
 137 9
 137 11529
 137 11571
 299 427
 299 427
 299 11179
 299 11173
 459 331
 459 331
 459 11083
 459 11107
 573 701
 573 701
 573 10941
 573 10955
 431 303
 431 303
 431 10799
 431 10871
 380 380
 380 380
 380 10876
 380 10860
 345 473
 345 473
 345 10713
 345 10707
 619 747
 619 747
 619 10731
 619 10671
 659 531
 659 531
 659 10771
 659 10756
 659 659
 659 659
 659 10643
 659 10697
 822 950
 822 950
 822 10678
 822 10717
 749 621
 749 621
 749 10861
 749 10754
 693 693
 693 693
 693 10677
 693 10739
 936 808
 936 808
 936 10536
 936 10588
 987 859
 987 859
 987 10587
 987 10554
 775 903
 775 903
 775 10375
 775 10461
 1211 1083
 1211 1083
 1211 10299
 1211 10353
 1515 1387
 1515 1387
 1515 10347
 1515 10327
 1415 1287
 1415 1287
 1415 10503
 1415 10518
 1354 1482
 1354 1482
 1354 10698
 1354 10674
 1587 1715
 1587 1715
 1587 10931
 1587 10907
 1599 1599
 1599 1599
 1599 11071
 1599 11063
 1976 1848
 1976 1848
 1976 10808
 1976 10851
 2189 2061
 2189 2061
 2189 10765
 2189 10837
 1977 1849
 1977 1849
 1977 10809
 1977 10869
 2069 2197
 2069 2197
 2069 11157
 2069 11143
 2488 2488
 2488 2488
 2488 11192
 2488 11176
 2915 3043
 2915 3043
 2915 11235
 2915 11223
 2873 3001
 2873 3001
 2873 11449
 2873 11434
 2839 2967
 2839 2967
 2839 11415
 2839 11440
 3174 3302
 3174 3302
 3174 11238
 3174 11255
 3474 3346
 3474 3346
 3474 11026
 3474 11021
 3450 3578
 3450 3578
 3450 11002
 3450 10993
 3872 4000
 3872 4000
 3872 10912
 3872 10995
 4495 4495
 4495 4495
 4495 10895
 4495 11007
 4699 4827
 4699 4827
 4699 11227
 4699 11198
 4782 4782
 4782 4782
 4782 11182
 4782 11155
 5271 5143
 5271 5143
 5271 11031
 5271 11048
 5440 5440
 5440 5440
 5440 11072
 5440 11010
 5932 6060
 5932 6060
 5932 10924
 5932 10965
 6406 6406
 6406 6406
 6406 10502
 6406 10580
 6858 6858
 6858 6858
 6858 10186
 6858 10173
 7485 7485
 7485 7485
 7485 10045
 7485 10095
 8081 8081
 8081 8081
 8081 9873
 8081 9961
 8223 8223
 8223 8223
 8223 9759
 8223 9775
 8842 8842
 8842 8842
 8842 9354
 8842 9375
 9618 9618
 9618 9618
 9618 9106
 9618 9162
 10396 10268
 10396 10268
 10396 8988
 10396 9026
 10649 10649
 10649 10649
 10649 9113
 10649 9090
 11589 11589
 11589 11589
 11589 9029
 11589 9051
 12169 12169
 12169 12169
 12169 9097
 12169 9131
 13212 13084
 13212 13084
 13212 8988
 13212 9020
 14190 14318
 14190 14318
 14190 8942
 14190 8958
 14940 15068
 14940 15068
 14940 8924
 14940 8959
 15716 15716
 15716 15716
 15716 8548
 15716 8507
 16622 16622
 16622 16622
 16622 8430
 16622 8321
 17697 17825
 17697 17825
 17697 8097
 17697 8158
 18942 18814
 18942 18814
 18942 8062
 18942 7980
 20250 20378
 20250 20378
 20250 8090
 20250 8073
 21483 21355
 21483 21355
 21483 8043
 21483 7999
 22672 22544
 22672 22544
 22672 7952
 22672 7969
 24041 24041
 24041 24041
 24041 7913
 24041 7908
 25478 25478
 25478 25478
 25478 7814
 25478 7875
 27065 26937
 27065 26937
 27065 7993
 27065 8052
 28591 28591
 28591 28591
 28591 7855
 28591 7885
 30268 30268
 30268 30268
 30268 7740
 30268 7737
 32035 32035
 32035 32035
 32035 7459
 32035 7530
 33826 1058
 33826 1058
 33826 7202
 33826 7248
 35958 3190
 35958 3190
 35958 7030
 35958 7036
 38108 5212
 38108 5212
 38108 7004
 38108 6955
 40203 7563
 40203 7563
 40203 6283
 40203 6351
 42721 9953
 42721 9953
 42721 6113
 42721 6060
 45070 12302
 45070 12302
 45070 5902
 45070 5895
 47484 14844
 47484 14844
 47484 5372
 47484 5366
 50098 17330
 50098 17330
 50098 5042
 50098 5002
 52706 19810
 52706 19810
 52706 4962
 52706 4878
 55465 22569
 55465 22569
 55465 4393
 55465 4420
 58454 25686
 58454 25686
 58454 3926
 58454 3956
 61703 28935
 61703 28935
 61703 3335
 61703 3372
 65070 32430
 65070 32430
 65070 2734
 65070 2736
 68372 68500
 68372 2964
 68372 2196
 68372 2241
 1388416 -7000320
 1388416 -250112
 1388416 -249856
 1388416 -249847
 1378535 -7010073
 1378535 -259865
 1378535 -249881
 1378535 -249888
 1367656 -7053592
 1367656 -237848
 1367656 -249624
 1367656 -249654
 1355688 -7065688
 1355688 -249944
 1355688 -249176
 1355688 -249146
 1342650 -7045958
 1342650 -230214
 1342650 -248390
 1342650 -248328
 1328325 -7060411
 1328325 -244667
 1328325 -247483
 1328325 -247494
 1312943 -7075793
 1312943 -260049
 1312943 -246737
 1312943 -246701
 1296336 -7125040
 1296336 -243760
 1296336 -245296
 1296336 -245278
 1278858 -7142646
 1278858 -261366
 1278858 -243958
 1278858 -243855
 1260080 -7128400
 1260080 -247120
 1260080 -242512
 1260080 -242476
 1240169 -7181207
 1240169 -234391
 1240169 -240791
 1240169 -240801
 1218906 -7202342
 1218906 -255526
 1218906 -238886
 1218906 -238960
 1196796 -7191940
 1196796 -245124
 1196796 -236676
 1196796 -236760
 1173619 -7247629
 1173619 -235277
 1173619 -234509
 1173619 -234561
 1149518 -7271730
 1149518 -259378
 1149518 -231986
 1149518 -232028
 1124134 -7231706
 1124134 -219354
 1124134 -229338
 1124134 -229272
 1097658 -7291078
 1097658 -213190
 1097658 -225990
 1097658 -225977
 1070208 -7285760
 1070208 -207872
 1070208 -222720
 1070208 -222631
 1041613 -7346995
 1041613 -203571
 1041613 -219699
 1041613 -219660
 1012168 -7343672
 1012168 -200248
 1012168 -216120
 1012168 -216181
 981853 -7406627
 981853 -197667
 981853 -212003
 981853 -212052
 950551 -7438057
 950551 -229097
 950551 -208105
 950551 -208090
 918203 -7437765
 918203 -228805
 918203 -204229
 918203 -204262
 885108 -7503372
 885108 -228876
 885108 -199948
 885108 -200060
 850897 -7570607
 850897 -165039
 850897 -195759
 850897 -195718
 815865 -7572743
 815865 -167175
 815865 -191239
 815865 -191268
 780063 -7641185
 780063 -170081
 780063 -186721
 780063 -186736
 743675 -7645061
 743675 -173957
 743675 -181893
 743675 -181943
 706503 -7714873
 706503 -178233
 706503 -176953
 706503 -176985
 668570 -7720166
 668570 -183526
 668570 -172006
 668570 -171926
 629640 -7791864
 629640 -189688
 629640 -166648
 629640 -166579
 590191 -7765521
 590191 -163345
 590191 -161041
 590191 -161121
 550455 -7805385
 550455 -137673
 550455 -155337
 550455 -155381
 509925 -7878811
 509925 -145563
 509925 -149403
 509925 -149452
 468908 -7887060
 468908 -153812
 468908 -143828
 468908 -143806
 427264 -7961344
 427264 -162560
 427264 -137984
 427264 -137934
 385245 -8003491
 385245 -139171
 385245 -132003
 385245 -132080
 342841 -8045639
 342841 -115783
 342841 -126279
 342841 -126254
 300113 -8121135
 300113 -125743
 300113 -120367
 300113 -120373
 257044 -8164332
 257044 -103404
 257044 -114156
 257044 -114132
 213694 -8174914
 213694 -113986
 213694 -107842
 213694 -107879
 169988 -8251260
 169988 -124796
 169988 -101244
 169988 -101207
 126383 -8262353
 126383 -70353
 126383 -94417
 126383 -94343
 82582 -8273258
 82582 -81258
 82582 -87658
 82582 -87572
 38595 -8350141
 38595 -92605
 38595 -80829
 38595 -80837
 -5781 -5653
 -5781 -71189
 -5781 -73749
 -5781 -73756
 -50209 -17569
 -50209 -83105
 -50209 -66977
 -50209 -66985
 -94081 -126849
 -94081 -61313
 -94081 -59777
 -94081 -59876
 -137765 -170661
 -137765 -39589
 -137765 -52645
 -137765 -52622
 -181551 -181679
 -181551 -50607
 -181551 -45743
 -181551 -45699
 -225102 -257998
 -225102 -61390
 -225102 -38350
 -225102 -38390
 -268116 -268116
 -268116 -5972
 -268116 -31316
 -268116 -31237
 -310796 -278028
 -310796 -15884
 -310796 -24076
 -310796 -24177
 -353196 -353196
 -353196 -25516
 -353196 -17068
 -353196 -17098
 -395373 -395501
 -395373 -2285
 -395373 -9965
 -395373 -9965
 -436912 -404144
 -436912 -10928
 -436912 -2736
 -436912 -2785
 -477840 7878128
 -477840 13808
 -477840 4848
 -477840 4840
 -518495 7870113
 -518495 5793
 -518495 12193
 -518495 12245
 -558400 7830080
 -558400 31296
 -558400 19776
 -558400 19714
 -597844 7757996
 -597844 24748
 -597844 26796
 -597844 26763
 -636724 7784652
 -636724 51404
 -636724 33740
 -636724 33763
 -674676 7713932
 -674676 46220
 -674676 40844
 -674676 40862
 -712379 7709125
 -712379 41413
 -712379 47813
 -712379 47865
 -749041 7639567
 -749041 37391
 -749041 54543
 -749041 54601
 -785324 7636180
 -785324 34004
 -785324 61396
 -785324 61429
 -820543 7568065
 -820543 96961
 -820543 68033
 -820543 68063
 -854817 7501023
 -854817 95455
 -854817 74719
 -854817 74669
 -888291 7500445
 -888291 94877
 -888291 81053
 -888291 81058
 -920876 7434964
 -920876 94932
 -920876 87508
 -920876 87504
 -952739 7435869
 -952739 95837
 -952739 94045
 -952739 93985
 -983828 7404780
 -983828 130284
 -983828 100332
 -983828 100334
 -1013547 7374933
 -1013547 100437
 -1013547 106581
 -1013547 106613
 -1042635 7378741
 -1042635 104245
 -1042635 112437
 -1042635 112502
 -1070524 7318212
 -1070524 109252
 -1070524 118468
 -1070524 118458
 -1097536 7323840
 -1097536 114880
 -1097536 124096
 -1097536 124083
 -1123511 7265097
 -1123511 121673
 -1123511 129865
 -1123511 129879
 -1148227 7240253
 -1148227 162365
 -1148227 135229
 -1148227 135233
 -1172111 7216625
 -1172111 138737
 -1172111 140273
 -1172111 140237
 -1194691 7161149
 -1194691 148797
 -1194691 145469
 -1194691 145437
 -1216413 7172323
 -1216413 159971
 -1216413 150499
 -1216413 150412
 -1236898 7151838
 -1236898 139486
 -1236898 155102
 -1236898 155096
 -1256461 7099251
 -1256461 152435
 -1256461 159859
 -1256461 159769
 -1274795 7113941
 -1274795 167125
 -1274795 164309
 -1274795 164330
 -1292046 7129330
 -1292046 182514
 -1292046 168946
 -1292046 168869
 -1308308 7113196
 -1308308 166380
 -1308308 173292
 -1308308 173205
 -1323157 7065579
 -1323157 184299
 -1323157 177643
 -1323157 177570
 -1337200 7051280
 -1337200 170000
 -1337200 181776
 -1337200 181808
 -1350005 7071371
 -1350005 190091
 -1350005 185483
 -1350005 185548
 -1361550 7059954
 -1361550 178674
 -1361550 189170
 -1361550 189068
 -1371964 7049284
 -1371964 168004
 -1371964 192836
 -1371964 192873
 -1381536 7007200
 -1381536 191456
 -1381536 196320
 -1381536 196282
 -1389801 6966039
 -1389801 215831
 -1389801 199191
 -1389801 199287
 -1397057 6958655
 -1397057 208447
 -1397057 202047
 -1397057 202044
 -1403023 6952945
 -1403023 202737
 -1403023 205041
 -1403023 204971
 -1408096 6947616
 -1408096 197408
 -1408096 207648
 -1408096 207695
 -1412233 6976503
 -1412233 226295
 -1412233 210423
 -1412233 210412
 -1415024 6973456
 -1415024 223248
 -1415024 213008
 -1415024 213065
 -1416980 6971500
 -1416980 221292
 -1416980 215404
 -1416980 215378
 -1418181 6970555
 -1418181 220347
 -1418181 217531
 -1418181 217492
 -1417851 6970757
 -1417851 220549
 -1417851 219269
 -1417851 219290
 -1416523 6971957
 -1416523 221749
 -1416523 220981
 -1416523 220929
 -1414528 6974080
 -1414528 223872
 -1414528 222336
 -1414528 222413
 -1411587 6976893
 -1411587 226685
 -1411587 224125
 -1411587 224102
 -1407618 6948222
 -1407618 198014
 -1407618 225406
 -1407618 225306
 -1402766 6953202
 -1402766 202994
 -1402766 226290
 -1402766 226228
 -1397144 6958824
 -1397144 208616
 -1397144 227048
 -1397144 226969
 -1390740 6965228
 -1390740 215020
 -1390740 227564
 -1390740 227480
 -1382993 6972847
 -1382993 222639
 -1382993 227759
 -1382993 227780
 -1374979 7013501
 -1374979 197757
 -1374979 228221
 -1374979 228190
 -1366271 7022465
 -1366271 206721
 -1366271 228481
 -1366271 228508
 -1356521 7032087
 -1356521 216343
 -1356521 228631
 -1356521 228720
 -1346277 7042459
 -1346277 226715
 -1346277 228763
 -1346277 228770
 -1335260 7020580
 -1335260 204836
 -1335260 228388
 -1335260 228375
 -1323446 7032522
 -1323446 216778
 -1323446 228042
 -1323446 227995
 -1311079 7044761
 -1311079 229017
 -1311079 227481
 -1311079 227477
 -1298051 7090685
 -1298051 209405
 -1298051 226813
 -1298051 226769
 -1284505 7104231
 -1284505 222951
 -1284505 225767
 -1284505 225698
 -1270442 7085398
 -1270442 204118
 -1270442 224598
 -1270442 224550
 -1255638 7100330
 -1255638 219050
 -1255638 223402
 -1255638 223403
 -1240429 7148051
 -1240429 201235
 -1240429 222227
 -1240429 222281
 -1225045 7163435
 -1225045 216619
 -1225045 221227
 -1225045 221209
 -1209124 7146588
 -1209124 199772
 -1209124 219740
 -1209124 219769
 -1192738 7162974
 -1192738 216158
 -1192738 218462
 -1192738 218481
 -1175951 7212657
 -1175951 200305
 -1175951 216945
 -1175951 216950
 -1158859 7229877
 -1158859 217525
 -1158859 215221
 -1158859 215290
 -1141340 7214500
 -1141340 202148
 -1141340 213412
 -1141340 213387
 -1123472 7232368
 -1123472 220016
 -1123472 211568
 -1123472 211456
 -1105331 7283405
 -1105331 205517
 -1105331 209869
 -1105331 209817
 -1087194 7301414
 -1087194 223526
 -1087194 207910
 -1087194 207881
 -1068909 7286803
 -1068909 208915
 -1068909 205587
 -1068909 205637
 -1049883 7305957
 -1049883 228069
 -1049883 203237
 -1049883 203221
 -1030994 7357614
 -1030994 214190
 -1030994 201134
 -1030994 201185
 -1012232 7343480
 -1012232 200056
 -1012232 199032
 -1012232 198961
 -993064 7362776
 -993064 219352
 -993064 196824
 -993064 196811
 -973846 7447530
 -973846 173034
 -973846 194794
 -973846 194784
 -954687 7466561
 -954687 192065
 -954687 192833
 -954687 192807
 -935382 7453226
 -935382 178730
 -935382 190506
 -935382 190580
 -915958 7505546
 -915958 165514
 -915958 188298
 -915958 188357
 -896510 7524994
 -896510 184962
 -896510 185730
 -896510 185760
 -877336 7511144
 -877336 171112
 -877336 183400
 -877336 183359
 -858040 7530568
 -858040 190536
 -858040 180808
 -858040 180826
 -838734 7582642
 -838734 177074
 -838734 178098
 -838734 178097
 -819434 7602070
 -819434 196502
 -819434 175510
 -819434 175518
 -800475 7588261
 -800475 182693
 -800475 172965
 -800475 173055
 -781370 7639878
 -781370 168774
 -781370 170566
 -781370 170611
 -762494 7658882
 -762494 187778
 -762494 167810
 -762494 167817
 -743750 7644858
 -743750 173754
 -743750 165050
 -743750 165102
 -725136 7630704
 -725136 159600
 -725136 162416
 -725136 162312
 -706650 7681958
 -706650 145318
 -706650 159398
 -706650 159454
 -688209 7700399
 -688209 163759
 -688209 156591
 -688209 156648
 -669976 7685736
 -669976 149096
 -669976 154216
 -669976 154158
 -652164 7736444
 -652164 134268
 -652164 151420
 -652164 151387
 -634565 7754043
 -634565 151867
 -634565 148539
 -634565 148562
 -617081 7738631
 -617081 136455
 -617081 145671
 -617081 145701
 -599482 7756358
 -599482 154182
 -599482 142918
 -599482 142894
 -582432 7806176
 -582432 138464
 -582432 139744
 -582432 139769
 -565721 7823015
 -565721 155303
 -565721 137127
 -565721 137186
 -549253 7806587
 -549253 138875
 -549253 134779
 -549253 134673
 -533026 7822814
 -533026 155102
 -533026 131806
 -533026 131806
 -516890 7904486
 -516890 105702
 -516890 129254
 -516890 129194
 -501097 7920151
 -501097 121367
 -501097 126487
 -501097 126513
 -485706 7902774
 -485706 103990
 -485706 123958
 -485706 123930
 -470418 7918190
 -470418 119406
 -470418 121454
 -470418 121415
 -455527 7965849
 -455527 101529
 -455527 118681
 -455527 118675
 -440962 7980542
 -440962 116222
 -440962 116222
 -440962 116110
 -426668 7994708
 -426668 130388
 -426668 113748
 -426668 113693
 -412618 7975990
 -412618 111670
 -412618 111414
 -412618 111469
 -398975 7989505
 -398975 125185
 -398975 109057
 -398975 109134
 -385375 8035873
 -385375 106017
 -385375 106785
 -385375 106800
 -372259 8049117
 -372259 119261
 -372259 104413
 -372259 104341
 -359360 8029248
 -359360 99392
 -359360 101952
 -359360 101996
 -346797 8041811
 -346797 111955
 -346797 99667
 -346797 99651
 -334839 8021129
 -334839 91273
 -334839 97417
 -334839 97530
 -323046 8065690
 -323046 70298
 -323046 95386
 -323046 95487
 -311330 8077278
 -311330 81886
 -311330 93662
 -311330 93585
 -299888 8088720
 -299888 93328
 -299888 91536
 -299888 91622
 -288860 8066980
 -288860 71588
 -288860 89508
 -288860 89542
 -278229 8077611
 -278229 82219
 -278229 87851
 -278229 87833
 -267961 8087879
 -267961 92487
 -267961 85831
 -267961 85862
 -257660 8130948
 -257660 70020
 -257660 83844
 -257660 83854
 -247740 8140996
 -247740 80068
 -247740 82116
 -247740 82076
 -238169 8150311
 -238169 89383
 -238169 80167
 -238169 80245
 -228953 8126759
 -228953 65831
 -228953 78375
 -228953 78404
 -219864 8135976
 -219864 75048
 -219864 76584
 -219864 76665
 -211223 8144617
 -211223 83689
 -211223 74985
 -211223 74937
 -202770 8152942
 -202770 92014
 -202770 73326
 -202770 73339
 -194733 8194003
 -194733 67539
 -194733 71379
 -194733 71390
 -186583 8202153
 -186583 75689
 -186583 69289
 -186583 69280
 -178908 8209700
 -178908 83236
 -178908 67876
 -178908 67849
 -171443 8217293
 -171443 90829
 -171443 66509
 -171443 66456
 -164452 8256924
 -164452 64924
 -164452 64924
 -164452 64974
 -157381 8231227
 -157381 39227
 -157381 63547
 -157381 63570
 -150772 8237836
 -150772 45836
 -150772 61964
 -150772 61973
 -144343 8244265
 -144343 52265
 -144343 60457
 -144343 60537
 -137681 8251055
 -137681 59055
 -137681 59055
 -137681 59058
 -131743 8256993
 -131743 64993
 -131743 57313
 -131743 57334
 -125896 8295608
 -125896 38072
 -125896 55992
 -125896 55999
 -120344 8301032
 -120344 43496
 -120344 54504
 -120344 54524
 -115101 8306275
 -115101 48739
 -115101 53091
 -115101 53021
 -110004 8311372
 -110004 53836
 -110004 51788
 -110004 51741
 -105153 8316223
 -105153 58687
 -105153 50495
 -105153 50559
 -100255 8321249
 -100255 63713
 -100255 49377
 -100255 49349
 -95461 8293147
 -95461 35611
 -95461 48411
 -95461 48406
 -91236 8297244
 -91236 39708
 -91236 47388
 -91236 47386
 -86912 8301568
 -86912 44032
 -86912 46336
 -86912 46440
 -82799 8305809
 -82799 48273
 -82799 45457
 -82799 45477
 -78926 8309554
 -78926 52018
 -78926 44594
 -78926 44633
 -74974 8313634
 -74974 56098
 -74974 43554
 -74974 43621
 -71291 8317189
 -71291 59653
 -71291 42501
 -71291 42496
 -67905 8320703
 -67905 63167
 -67905 41663
 -67905 41610
 -64658 8356846
 -64658 33774
 -64658 40942
 -64658 40836
 -61475 8359901
 -61475 36829
 -61475 39901
 -61475 39929
 -58567 8362809
 -58567 39737
 -58567 39225
 -58567 39241
 -55559 8365689
 -55559 42617
 -55559 38777
 -55559 38692
 -52705 8368799
 -52705 45727
 -52705 38303
 -52705 38397
 -50144 8371232
 -50144 48160
 -50144 37664
 -50144 37722
 -47524 8373980
 -47524 50908
 -47524 36828
 -47524 36839
 -45185 8376319
 -45185 53247
 -45185 36351
 -45185 36281
 -42968 8378536
 -42968 55464
 -42968 35752
 -42968 35805
 -40621 8380755
 -40621 57683
 -40621 35155
 -40621 35172
 -38432 8382944
 -38432 59872
 -38432 34528
 -38432 34556
 -36441 8384807
 -36441 61735
 -36441 33831
 -36441 33852
 -34364 8387012
 -34364 63940
 -34364 33220
 -34364 33186
 -32470 8323498
 -32470 426
 -32470 32426
 -32470 32490
 -31069 8324643
 -31069 1571
 -31069 32035
 -31069 32081
 -29539 8326301
 -29539 3229
 -29539 31389
 -29539 31373
 -27855 8327985
 -27855 4913
 -27855 31025
 -27855 30976
 -26323 8329645
 -26323 6573
 -26323 30381
 -26323 30462
 -24741 8331227
 -24741 8155
 -24741 30171
 -24741 30101
 -23593 8332247
 -23593 9175
 -23593 29655
 -23593 29574
 -22223 8333745
 -22223 10673
 -22223 29105
 -22223 29167
 -21010 8334702
 -21010 11630
 -21010 28782
 -21010 28708
 -19791 8336049
 -19791 12977
 -19791 28081
 -19791 28098
 -18879 8337089
 -18879 14017
 -18879 27329
 -18879 27299
 -17585 8338255
 -17585 15183
 -17585 26703
 -17585 26671
 -16692 8339148
 -16692 16076
 -16692 26316
 -16692 26281
 -15911 8339801
 -15911 16729
 -15911 25945
 -15911 25903
 -14658 8341182
 -14658 18110
 -14658 25790
 -14658 25738
 -14051 8341917
 -14051 18845
 -14051 25245
 -14051 25281
 -13333 8342507
 -13333 19435
 -13333 24811
 -13333 24807
 -12511 8343329
 -12511 20257
 -12511 24097
 -12511 24102
 -11737 8344103
 -11737 21031
 -11737 23847
 -11737 23826
 -10928 8345040
 -10928 21968
 -10928 23760
 -10928 23704
 -10277 8345563
 -10277 22491
 -10277 23259
 -10277 23287
 -9762 8346078
 -9762 23006
 -9762 23006
 -9762 22960
 -9091 8346877
 -9091 23805
 -9091 23037
 -9091 22959
 -8644 8347196
 -8644 24124
 -8644 22844
 -8644 22784
 -8399 8347441
 -8399 24369
 -8399 22321
 -8399 22300
 -7708 8348132
 -7708 25060
 -7708 21988
 -7708 21990
 -7134 8348706
 -7134 25634
 -7134 21794
 -7134 21813
 -6859 8348981
 -6859 25909
 -6859 21813
 -6859 21768
 -6595 8349373
 -6595 26301
 -6595 21437
 -6595 21442
 -6174 8349538
 -6174 26466
 -6174 21346
 -6174 21257
 -5737 8349975
 -5737 26903
 -5737 21527
 -5737 21515
 -5480 8350232
 -5480 27160
 -5480 21528
 -5480 21613
 -5133 8350579
 -5133 27507
 -5133 21619
 -5133 21533
 -4806 8351162
 -4806 28090
 -4806 21434
 -4806 21425
 -4615 8351225
 -4615 28153
 -4615 21497
 -4615 21392
 -4118 8351722
 -4118 28650
 -4118 21226
 -4118 21238
 -4006 8351834
 -4006 28762
 -4006 21082
 -4006 21104
 -3857 8351855
 -3857 28783
 -3857 20847
 -3857 20831
 -3729 8352111
 -3729 29039
 -3729 20335
 -3729 20315
 -3202 8352638
 -3202 29566
 -3202 20606
 -3202 20505
 -3250 8352590
 -3250 29518
 -3250 20558
 -3250 20518
 -3085 8352627
 -3085 29555
 -3085 20083
 -3085 20029
 -2763 8353077
 -2763 30005
 -2763 20021
 -2763 19993
 -2474 8353494
 -2474 30422
 -2474 19926
 -2474 19963
 -2464 8353376
 -2464 30304
 -2464 20064
 -2464 19992
 -2243 8353597
 -2243 30525
 -2243 19773
 -2243 19740
 -1989 8353979
 -1989 30907
 -1989 19387
 -1989 19417
 -1772 8354196
 -1772 31124
 -1772 19092
 -1772 19074
 -1979 8353989
 -1979 30917
 -1979 18885
 -1979 18908
 -2152 8353560
 -2152 30488
 -2152 18456
 -2152 18515
 -1892 8353948
 -1892 30876
 -1892 18332
 -1892 18337
 -1460 8354508
 -1460 31436
 -1460 18380
 -1460 18335
 -1306 8354406
 -1306 31334
 -1306 17766
 -1306 17720
 -1444 8354524
 -1444 31452
 -1444 17372
 -1444 17386
 -1326 8354514
 -1326 31442
 -1326 17362
 -1326 17280
 -1223 8354745
 -1223 31673
 -1223 17081
 -1223 17127
 -1262 8354578
 -1262 31506
 -1262 17170
 -1262 17158
 -1245 8354595
 -1245 31523
 -1245 17187
 -1245 17161
 -1079 8354633
 -1079 31561
 -1079 16969
 -1079 17014
 -984 8354984
 -984 31912
 -984 16808
 -984 16802
 -863 8354977
 -863 31905
 -863 16801
 -863 16808
 -958 8354882
 -958 31810
 -958 16706
 -958 16736
 -849 8354991
 -849 31919
 -849 16815
 -849 16834
 -674 8355166
 -674 32094
 -674 16734
 -674 16655
 -773 8355067
 -773 31995
 -773 16635
 -773 16516
 -850 8354862
 -850 31790
 -850 16430
 -850 16448
 -629 8355211
 -629 32139
 -629 16267
 -629 16304
 -527 8355185
 -527 32113
 -527 16497
 -527 16409
 -756 8355084
 -756 32012
 -756 16396
 -756 16483
 -842 8354870
 -842 31798
 -842 16438
 -842 16488
 -955 8355013
 -955 31941
 -955 16581
 -955 16625
 -846 8354994
 -846 31922
 -846 16562
 -846 16571
 -755 8355213
 -755 32141
 -755 16525
 -755 16570
 -403 8355565
 -403 32493
 -403 16877
 -403 16828
 -277 8355563
 -277 32491
 -277 16875
 -277 16862
 -329 8355511
 -329 32439
 -329 16823
 -329 16832
 -372 8355340
 -372 32268
 -372 16652
 -372 16688
 -526 8355186
 -526 32114
 -526 16754
 -526 16666
 -552 8355288
 -552 32216
 -552 16600
 -552 16524
 -454 8355514
 -454 32442
 -454 16570
 -454 16565
 -465 8355503
 -465 32431
 -465 16303
 -465 16300
 -223 8355617
 -223 32545
 -223 16161
 -223 16247
 -420 8355420
 -420 32348
 -420 16220
 -420 16129
 -232 8355736
 -232 32664
 -232 16280
 -232 16312
 -652 8355188
 -652 32116
 -652 16500
 -652 16494
 -509 8355459
 -509 32387
 -509 16003
 -509 16104
 -211 8355629
 -211 32557
 -211 15917
 -211 15943
 -284 8355556
 -284 32484
 -284 15588
 -284 15585
 -261 8355451
 -261 32379
 -261 15483
 -261 15374
 -570 8355270
 -570 32198
 -570 15302
 -570 15277
 -447 8355393
 -447 32321
 -447 15169
 -447 15114
 -426 8355414
 -426 32342
 -426 15190
 -426 15180
 -605 8355107
 -605 32035
 -605 14883
 -605 14875
 -595 8355245
 -595 32173
 -595 14765
 -595 14724
 -368 8355344
 -368 32272
 -368 14608
 -368 14619
 -112 8355728
 -112 32656
 -112 14736
 -112 14782
 126 126
 126 126
 126 14718
 126 14616
 -49 8355791
 -49 32719
 -49 14543
 -49 14551
 -293 8355547
 -293 32475
 -293 14555
 -293 14511
 -116 8355724
 -116 32652
 -116 14476
 -116 14578
 -219 8355749
 -219 32677
 -219 14501
 -219 14566
 -100 8355740
 -100 32668
 -100 14492
 -100 14474
 -175 8355793
 -175 32721
 -175 14289
 -175 14303
 -230 8355738
 -230 32666
 -230 14234
 -230 14236
 -202 8355766
 -202 32694
 -202 14262
 -202 14218
 -186 8355654
 -186 32582
 -186 14150
 -186 14189
 -297 8355415
 -297 32343
 -297 14167
 -297 14131
 -235 8355605
 -235 32533
 -235 14101
 -235 14183
 -311 8355401
 -311 32329
 -311 14665
 -311 14618
 -81 8355631
 -81 32559
 -81 14895
 -81 14884
 -50 8355662
 -50 32590
 -50 14926
 -50 14895
 -358 8355482
 -358 32410
 -358 15002
 -358 14981
 -221 8355747
 -221 32675
 -221 15011
 -221 15085
 -323 8355389
 -323 32317
 -323 14909
 -323 14856
 -193 8355775
 -193 32703
 -193 14783
 -193 14796
 -246 8355594
 -246 32522
 -246 14858
 -246 14856
 -194 8355774
 -194 32702
 -194 14782
 -194 14766
 -432 8355536
 -432 32464
 -432 14800
 -432 14782
 -257 8355583
 -257 32511
 -257 14591
 -257 14530
 2 130
 2 130
 2 14466
 2 14477
 -170 8355670
 -170 32598
 -170 14422
 -170 14449
 -370 8355470
 -370 32398
 -370 14222
 -370 14280
 -542 8355298
 -542 32226
 -542 14562
 -542 14560
 -306 8355534
 -306 32462
 -306 14542
 -306 14535
 -4 8355836
 -4 32764
 -4 14588
 -4 14542
 49 177
 49 177
 49 14257
 49 14228
 -284 8355428
 -284 32356
 -284 13924
 -284 13826
 -168 8355800
 -168 32728
 -168 14040
 -168 14031
 13 13
 13 13
 13 13837
 13 13907
 75 75
 75 75
 75 13643
 75 13695
 -299 8355413
 -299 32341
 -299 13397
 -299 13426
 -269 8355443
 -269 32371
 -269 13427
 -269 13319
 -124 8355716
 -124 32644
 -124 13188
 -124 13286
 81 81
 81 81
 81 12881
 81 12881
 -175 8355793
 -175 32721
 -175 13009
 -175 12953
 -343 8355497
 -343 32425
 -343 12969
 -343 12957
 -293 8355419
 -293 32347
 -293 13147
 -293 13066
 -216 8355752
 -216 32680
 -216 12968
 -216 12985
 -206 8355762
 -206 32690
 -206 12978
 -206 12975
 -66 8355774
 -66 32702
 -66 12990
 -66 13024
 -161 8355807
 -161 32735
 -161 13023
 -161 13042
 -246 8355722
 -246 32650
 -246 12938
 -246 12953
 -57 8355655
 -57 32583
 -57 12615
 -57 12639
 221 221
 221 221
 221 12765
 221 12784
 153 153
 153 153
 153 12697
 153 12717
 -212 8355756
 -212 32684
 -212 12716
 -212 12717
 -240 8355600
 -240 32528
 -240 12816
 -240 12926
 -221 8355747
 -221 32675
 -221 12963
 -221 12971
 -175 8355665
 -175 32593
 -175 13137
 -175 13064
 108 108
 108 108
 108 13420
 108 13330
 -286 8355554
 -286 32482
 -286 13282
 -286 13304
 -211 8355757
 -211 32685
 -211 13485
 -211 13491
 -99 8355613
 -99 32541
 -99 13597
 -99 13653
 26 26
 26 26
 26 13594
 26 13600
 -215 8355625
 -215 32553
 -215 13609
 -215 13647
 -301 8355539
 -301 32467
 -301 13779
 -301 13699
 -300 8355540
 -300 32468
 -300 13524
 -300 13549
 -344 8355368
 -344 32296
 -344 13352
 -344 13347
 -190 8355778
 -190 32706
 -190 13250
 -190 13202
 -219 8355621
 -219 32549
 -219 13093
 -219 13159
 -137 8355703
 -137 32631
 -137 13175
 -137 13072
 -186 8355782
 -186 32710
 -186 12998
 -186 13034
 -150 8355690
 -150 32618
 -150 13162
 -150 13107
 -182 8355786
 -182 32714
 -182 13258
 -182 13300
 -213 8355627
 -213 32555
 -213 13355
 -213 13345
 -351 8355489
 -351 32417
 -351 13217
 -351 13233
 11 139
 11 139
 11 12939
 11 12959
 5 133
 5 133
 5 12933
 5 13041
 -152 8355816
 -152 32744
 -152 13032
 -152 12987
 -355 8355485
 -355 32413
 -355 12445
 -355 12473
 -368 8355344
 -368 32272
 -368 12304
 -368 12358
 -122 8355590
 -122 32518
 -122 12294
 -122 12407
 20 148
 20 148
 20 12180
 20 12256
 84 84
 84 84
 84 12372
 84 12298
 -319 8355521
 -319 32449
 -319 12225
 -319 12216
 -174 8355666
 -174 32594
 -174 12114
 -174 12074
 -7 8355833
 -7 32761
 -7 12025
 -7 12014
 162 34
 162 34
 162 12066
 162 12057
 -176 8355664
 -176 32592
 -176 12112
 -176 12051
 -150 8355818
 -150 32746
 -150 12010
 -150 11935
 -121 8355591
 -121 32519
 -121 11783
 -121 11870
 157 29
 157 29
 157 11805
 157 11888
 72 72
 72 72
 72 11848
 72 11786
 -93 8355747
 -93 32675
 -93 11939
 -93 11907
 -203 8355637
 -203 32565
 -203 12085
 -203 12032
 -262 8355450
 -262 32378
 -262 12154
 -262 12134
 31 31
 31 31
 31 12063
 31 12118
 -196 8355772
 -196 32700
 -196 12476
 -196 12479
 -8 8355704
 -8 32632
 -8 12664
 -8 12578
 -307 8355533
 -307 32461
 -307 12749
 -307 12697
 -152 8355688
 -152 32616
 -152 12904
 -152 12848
 0 0
 0 0
 0 12800
 0 12891
 23 23
 23 23
 23 12823
 23 12924
 -165 8355803
 -165 32731
 -165 13019
 -165 12931
 19 19
 19 19
 19 12819
 19 12862
 -47 8355665
 -47 32593
 -47 12881
 -47 12862
 -144 8355824
 -144 32752
 -144 12784
 -144 12728
 -60 8355652
 -60 32580
 -60 12612
 -60 12647
 -242 8355598
 -242 32526
 -242 12302
 -242 12378
 -214 8355754
 -214 32682
 -214 12458
 -214 12450
 -60 8355652
 -60 32580
 -60 12612
 -60 12584
 -18 8355822
 -18 32750
 -18 13038
 -18 12934
 -201 8355639
 -201 32567
 -201 12855
 -201 12896
 63 191
 63 191
 63 12735
 63 12730
 -45 8355667
 -45 32595
 -45 12627
 -45 12669
 73 73
 73 73
 73 12361
 73 12345
 125 253
 125 253
 125 12029
 125 11964
 -43 8355797
 -43 32725
 -43 11989
 -43 11939
 -107 8355733
 -107 32661
 -107 11925
 -107 11918
 -36 8355804
 -36 32732
 -36 11740
 -36 11761
 -16 8355824
 -16 32752
 -16 11760
 -16 11751
 -172 8355668
 -172 32596
 -172 11604
 -172 11590
 -194 8355646
 -194 32574
 -194 11326
 -194 11389
 -248 8355592
 -248 32520
 -248 11272
 -248 11385
 -231 8355609
 -231 32537
 -231 11545
 -231 11522
 -191 8355649
 -191 32577
 -191 11329
 -191 11308
 53 181
 53 181
 53 11189
 53 11185
 20 148
 20 148
 20 11412
 20 11397
 -235 8355733
 -235 32661
 -235 11413
 -235 11519
 -117 8355595
 -117 32523
 -117 11275
 -117 11391
 -5 8355707
 -5 32635
 -5 11387
 -5 11302
 -45 8355667
 -45 32595
 -45 11091
 -45 11103
 -260 8355452
 -260 32380
 -260 11132
 -260 11056
 -61 8355779
 -61 32707
 -61 10947
 -61 10994
 -81 8355759
 -81 32687
 -81 11183
 -81 11190
 48 176
 48 176
 48 11440
 48 11467
 -54 8355786
 -54 32714
 -54 11722
 -54 11662
 -126 8355714
 -126 32642
 -126 11650
 -126 11676
 -232 8355608
 -232 32536
 -232 11800
 -232 11829
 -226 8355614
 -226 32542
 -226 11806
 -226 11866
 138 138
 138 138
 138 11914
 138 11954
 13 141
 13 141
 13 12173
 13 12268
 -18 8355822
 -18 32750
 -18 12270
 -18 12211
 -130 8355710
 -130 32638
 -130 12158
 -130 12065
 138 10
 138 10
 138 12042
 138 12110
 -127 8355713
 -127 32641
 -127 11905
 -127 11930
 -81 8355631
 -81 32559
 -81 11823
 -81 11897
 -181 8355659
 -181 32587
 -181 11851
 -181 11845
 -54 8355658
 -54 32586
 -54 11850
 -54 11877
 -15 8355825
 -15 32753
 -15 12017
 -15 12009
 -63 8355777
 -63 32705
 -63 12225
 -63 12237
 -20 8355820
 -20 32748
 -20 12268
 -20 12238
 -56 8355784
 -56 32712
 -56 11976
 -56 11994
 -116 8355596
 -116 32524
 -116 11788
 -116 11897
 300 428
 300 428
 300 11692
 300 11756
 97 97
 97 97
 97 11617
 97 11549
 -258 8355454
 -258 32382
 -258 11646
 -258 11546
 -215 8355625
 -215 32553
 -215 11305
 -215 11277
 -68 8355772
 -68 32700
 -68 11196
 -68 11261
 -138 8355830
 -138 32758
 -138 11254
 -138 11247
 -70 8355642
 -70 32570
 -70 11066
 -70 11071
 -3 8355709
 -3 32637
 -3 10877
 -3 10823
 -28 8355684
 -28 32612
 -28 10852
 -28 10781
 218 90
 218 90
 218 10842
 218 10797
 20 148
 20 148
 20 10644
 20 10711
 -130 8355838
 -130 32766
 -130 11006
 -130 10925
 -28 8355684
 -28 32612
 -28 11108
 -28 11076
 -108 8355604
 -108 32532
 -108 11028
 -108 11122
 1 129
 1 129
 1 10881
 1 10968
 -66 8355774
 -66 32702
 -66 10942
 -66 10985
 7 135
 7 135
 7 10887
 7 10891
 -4 8355836
 -4 32764
 -4 10748
 -4 10641
 -124 8355716
 -124 32644
 -124 10628
 -124 10750
 114 114
 114 114
 114 11122
 114 11044
 -36 8355804
 -36 32732
 -36 11484
 -36 11408
 1 1
 1 1
 1 11265
 1 11325
 -262 8355450
 -262 32378
 -262 11386
 -262 11345
 -82 8355758
 -82 32686
 -82 11438
 -82 11422
 6 6
 6 6
 6 11270
 6 11321
 46 46
 46 46
 46 11310
 46 11367
 127 255
 127 255
 127 11519
 127 11501
 93 221
 93 221
 93 11485
 93 11412
 -118 8355722
 -118 32650
 -118 11402
 -118 11502
 4 132
 4 132
 4 11652
 4 11686
 -9 8355703
 -9 32631
 -9 11639
 -9 11521
 -106 8355606
 -106 32534
 -106 11542
 -106 11630
 -28 8355812
 -28 32740
 -28 11492
 -28 11408
 -171 8355797
 -171 32725
 -171 11221
 -171 11240
 -277 8355435
 -277 32363
 -277 11627
 -277 11565
 -246 8355594
 -246 32522
 -246 11530
 -246 11556
 -265 8355447
 -265 32375
 -265 11639
 -265 11566
 -247 8355593
 -247 32521
 -247 11529
 -247 11575
 -169 8355799
 -169 32727
 -169 11479
 -169 11407
 -102 8355738
 -102 32666
 -102 11162
 -102 11223
 43 43
 43 43
 43 11051
 43 11038
 -6 8355706
 -6 32634
 -6 10874
 -6 10794
 -343 8355369
 -343 32297
 -343 10537
 -343 10507
 -76 8355764
 -76 32692
 -76 10676
 -76 10738
 284 412
 284 412
 284 10652
 284 10736
 25 153
 25 153
 25 10649
 25 10691
 -103 8355737
 -103 32665
 -103 10393
 -103 10432
 -72 8355640
 -72 32568
 -72 10296
 -72 10366
 -228 8355612
 -228 32540
 -228 10524
 -228 10542
 -149 8355819
 -149 32747
 -149 10731
 -149 10624
 -94 8355746
 -94 32674
 -94 10402
 -94 10433
 -83 8355757
 -83 32685
 -83 10413
 -83 10456
 -78 8355762
 -78 32690
 -78 10418
 -78 10478
 -149 8355819
 -149 32747
 -149 10475
 -149 10457
 124 124
 124 124
 124 10364
 124 10281
 -23 8355689
 -23 32617
 -23 10345
 -23 10359
 -138 8355702
 -138 32630
 -138 10614
 -138 10540
 -297 8355543
 -297 32471
 -297 10455
 -297 10439
 -83 8355757
 -83 32685
 -83 10413
 -83 10372
 -110 8355602
 -110 32530
 -110 10514
 -110 10569
 33 33
 33 33
 33 10785
 33 10862
 -115 8355597
 -115 32525
 -115 11021
 -115 11050
 -44 8355796
 -44 32724
 -44 11220
 -44 11158
 2 2
 2 2
 2 11266
 2 11283
 246 118
 246 118
 246 11382
 246 11286
 156 28
 156 28
 156 11292
 156 11333
 -303 8355537
 -303 32465
 -303 11217
 -303 11251
 -239 8355729
 -239 32657
 -239 11153
 -239 11145
 -60 8355652
 -60 32580
 -60 11076
 -60 11113
 178 50
 178 50
 178 11314
 178 11277
 -185 8355655
 -185 32583
 -185 11335
 -185 11350
 -463 8355377
 -463 32305
 -463 11313
 -463 11374
 -326 8355386
 -326 32314
 -326 11322
 -326 11381
 -179 8355661
 -179 32589
 -179 11341
 -179 11345
 -16 8355824
 -16 32752
 -16 11504
 -16 11448
 -133 8355835
 -133 32763
 -133 11515
 -133 11427
 -86 8355626
 -86 32554
 -86 11306
 -86 11311
 -82 8355630
 -82 32558
 -82 11054
 -82 11103
 -120 8355720
 -120 32648
 -120 10888
 -120 10921
 -9 8355831
 -9 32759
 -9 10487
 -9 10392
 122 250
 122 250
 122 10490
 122 10392
 -203 8355637
 -203 32565
 -203 10293
 -203 10275
 -108 8355732
 -108 32660
 -108 10132
 -108 10185
 137 137
 137 137
 137 10121
 137 10153
 341 341
 341 341
 341 10325
 341 10294
 46 46
 46 46
 46 10030
 46 10051
 -211 8355757
 -211 32685
 -211 9901
 -211 9933
 -70 8355642
 -70 32570
 -70 9786
 -70 9832
 -76 8355636
 -76 32564
 -76 10036
 -76 10061
 133 5
 133 5
 133 9989
 133 10010
 -47 8355793
 -47 32721
 -47 10193
 -47 10115
 -54 8355658
 -54 32586
 -54 10058
 -54 10029
 -39 8355673
 -39 32601
 -39 10073
 -39 10056
 -37 8355803
 -37 32731
 -37 9947
 -37 9966
 -109 8355731
 -109 32659
 -109 9619
 -109 9704
 -59 8355781
 -59 32709
 -59 9925
 -59 9860
 -160 8355808
 -160 32736
 -160 9952
 -160 9921
 -179 8355661
 -179 32589
 -179 10061
 -179 9995
 -75 8355765
 -75 32693
 -75 10165
 -75 10209
 79 207
 79 207
 79 10447
 79 10484
 -17 8355695
 -17 32623
 -17 10607
 -17 10502
 -119 8355721
 -119 32649
 -119 10633
 -119 10627
 -121 8355719
 -121 32647
 -121 10887
 -121 10886
 80 80
 80 80
 80 10832
 80 10818
 108 236
 108 236
 108 10988
 108 10912
 -403 8355565
 -403 32493
 -403 10733
 -403 10737
 -246 8355722
 -246 32650
 -246 10890
 -246 10954
 95 223
 95 223
 95 10975
 95 11000
 33 33
 33 33
 33 10785
 33 10813
 -17 8355823
 -17 32751
 -17 10735
 -17 10729
 -209 8355631
 -209 32559
 -209 10799
 -209 10762
 -118 8355594
 -118 32522
 -118 10762
 -118 10819
 -4 8355708
 -4 32636
 -4 10876
 -4 10854
 -1 8355711
 -1 32639
 -1 10623
 -1 10621
 -199 8355641
 -199 32569
 -199 10809
 -199 10813
 -99 8355741
 -99 32669
 -99 10909
 -99 10908
 -37 8355803
 -37 32731
 -37 10715
 -37 10702
 46 174
 46 174
 46 10670
 46 10645
 -67 8355773
 -67 32701
 -67 10429
 -67 10380
 -251 8355717
 -251 32645
 -251 10117
 -251 10177
 -211 8355757
 -211 32685
 -211 10157
 -211 10201
 -108 8355604
 -108 32532
 -108 10004
 -108 9995
 26 154
 26 154
 26 9882
 26 9885
 -107 8355733
 -107 32661
 -107 9877
 -107 9900
 -178 8355790
 -178 32718
 -178 9678
 -178 9650
 -253 8355587
 -253 32515
 -253 9731
 -253 9835
 34 162
 34 162
 34 9890
 34 9946
 -37 8355803
 -37 32731
 -37 9691
 -37 9683
 -136 8355704
 -136 32632
 -136 9848
 -136 9757
 -90 8355622
 -90 32550
 -90 9766
 -90 9832
 -210 8355758
 -210 32686
 -210 9646
 -210 9698
 -181 8355659
 -181 32587
 -181 9803
 -181 9757
 -142 8355698
 -142 32626
 -142 9842
 -142 9765
 -126 8355714
 -126 32642
 -126 9602
 -126 9683
 -204 8355636
 -204 32564
 -204 9780
 -204 9808
 -81 8355759
 -81 32687
 -81 9647
 -81 9720
 -183 8355785
 -183 32713
 -183 9929
 -183 9857
 98 226
 98 226
 98 9954
 98 9934
 -279 8355561
 -279 32489
 -279 9961
 -279 9943
 -96 8355744
 -96 32672
 -96 9888
 -96 9887
 168 40
 168 40
 168 10280
 168 10247
 -77 8355763
 -77 32691
 -77 10675
 -77 10689
 -266 8355574
 -266 32502
 -266 10742
 -266 10648
 -224 8355616
 -224 32544
 -224 10784
 -224 10823
 -92 8355748
 -92 32676
 -92 10660
 -92 10669
 -123 8355589
 -123 32517
 -123 10501
 -123 10593
 -147 8355821
 -147 32749
 -147 10477
 -147 10494
 -170 8355670
 -170 32598
 -170 10582
 -170 10596
 -213 8355755
 -213 32683
 -213 10667
 -213 10724
 -484 8355356
 -484 32284
 -484 10524
 -484 10606
 -352 8355360
 -352 32288
 -352 10272
 -352 10361
 -46 8355666
 -46 32594
 -46 10578
 -46 10591
 31 159
 31 159
 31 10655
 31 10722
 -124 8355588
 -124 32516
 -124 10500
 -124 10504
 -119 8355593
 -119 32521
 -119 10505
 -119 10499
 -16 8355696
 -16 32624
 -16 10608
 -16 10569
 -245 8355595
 -245 32523
 -245 10507
 -245 10530
 -227 8355613
 -227 32541
 -227 10269
 -227 10278
 -265 8355447
 -265 32375
 -265 10103
 -265 10061
 -253 8355715
 -253 32643
 -253 9859
 -253 9929
 -16 8355696
 -16 32624
 -16 9840
 -16 9840
 22 22
 22 22
 22 9750
 22 9831
 -73 8355639
 -73 32567
 -73 9783
 -73 9771
 -190 8355650
 -190 32578
 -190 9794
 -190 9771
 78 206
 78 206
 78 9678
 78 9690
 75 203
 75 203
 75 9419
 75 9452
 33 161
 33 161
 33 9633
 33 9658
 -77 8355763
 -77 32691
 -77 9651
 -77 9629
 -33 8355807
 -33 32735
 -33 9695
 -33 9726
 -48 8355792
 -48 32720
 -48 9680
 -48 9659
 -1 8355839
 -1 32767
 -1 9727
 -1 9646
 -17 8355695
 -17 32623
 -17 9583
 -17 9574
 33 161
 33 161
 33 9633
 33 9673
 -94 8355618
 -94 32546
 -94 9506
 -94 9503
 -147 8355821
 -147 32749
 -147 9453
 -147 9410
 -115 8355725
 -115 32653
 -115 9613
 -115 9644
 95 223
 95 223
 95 9695
 95 9628
 126 126
 126 126
 126 9598
 126 9596
 -171 8355669
 -171 32597
 -171 9557
 -171 9561
 -367 8355473
 -367 32401
 -367 10129
 -367 10117
 -178 8355662
 -178 32590
 -178 10062
 -178 10087
 -47 8355793
 -47 32721
 -47 10193
 -47 10144
 -172 8355668
 -172 32596
 -172 10324
 -172 10340
 -57 8355655
 -57 32583
 -57 10311
 -57 10262
 -70 8355770
 -70 32698
 -70 10170
 -70 10150
 85 213
 85 213
 85 10453
 85 10381
 -114 8355726
 -114 32654
 -114 10126
 -114 10210
 -261 8355579
 -261 32507
 -261 10235
 -261 10162
 -190 8355650
 -190 32578
 -190 10050
 -190 10089
 -180 8355660
 -180 32588
 -180 10060
 -180 10097
 101 229
 101 229
 101 10213
 101 10154
 52 180
 52 180
 52 10420
 52 10443
 124 252
 124 252
 124 10492
 124 10473
 -45 8355667
 -45 32595
 -45 10579
 -45 10502
 -81 8355631
 -81 32559
 -81 10287
 -81 10348
 -194 8355646
 -194 32574
 -194 10046
 -194 10074
 147 19
 147 19
 147 9747
 147 9852
 -52 8355788
 -52 32716
 -52 9676
 -52 9661
 -93 8355619
 -93 32547
 -93 9507
 -93 9580
 -17 8355695
 -17 32623
 -17 9583
 -17 9487
 -121 8355591
 -121 32519
 -121 9223
 -121 9340
 -282 8355430
 -282 32358
 -282 9318
 -282 9293
 -369 8355343
 -369 32271
 -369 8975
 -369 9016
 -136 8355832
 -136 32760
 -136 9208
 -136 9190
 64 192
 64 192
 64 9152
 64 9185
 85 85
 85 85
 85 9045
 85 9000
 -60 8355652
 -60 32580
 -60 9028
 -60 9086
 -55 8355785
 -55 32713
 -55 9161
 -55 9195
 -263 8355577
 -263 32505
 -263 9209
 -263 9198
 35 163
 35 163
 35 9123
 35 9094
 158 30
 158 30
 158 8990
 158 8985
 -147 8355821
 -147 32749
 -147 8941
 -147 8929
 -99 8355741
 -99 32669
 -99 8861
 -99 8861
 34 162
 34 162
 34 9122
 34 9125
 -20 8355820
 -20 32748
 -20 9452
 -20 9427
 -86 8355754
 -86 32682
 -86 9642
 -86 9629
 -186 8355654
 -186 32582
 -186 9798
 -186 9806
 -310 8355530
 -310 32458
 -310 9930
 -310 9941
 46 174
 46 174
 46 9902
 46 9977
 -29 8355811
 -29 32739
 -29 9699
 -29 9664
 79 79
 79 79
 79 9807
 79 9754
 -32 8355808
 -32 32736
 -32 9952
 -32 9895
 -53 8355787
 -53 32715
 -53 9931
 -53 9980
 69 69
 69 69
 69 10309
 69 10261
 37 37
 37 37
 37 9765
 37 9836
 -39 8355673
 -39 32601
 -39 9817
 -39 9819
 -174 8355666
 -174 32594
 -174 10066
 -174 10055
 36 164
 36 164
 36 9892
 36 9884
 -131 8355709
 -131 32637
 -131 10109
 -131 9995
 -25 8355687
 -25 32615
 -25 10343
 -25 10247
 -26 8355686
 -26 32614
 -26 10342
 -26 10266
 -78 8355762
 -78 32690
 -78 10162
 -78 10134
 11 139
 11 139
 11 10123
 11 10174
 76 76
 76 76
 76 10060
 76 10058
 101 229
 101 229
 101 9957
 101 9880
 -20 8355820
 -20 32748
 -20 9708
 -20 9659
 -164 8355804
 -164 32732
 -164 9692
 -164 9671
 -203 8355765
 -203 32693
 -203 9653
 -203 9606
 -205 8355763
 -205 32691
 -205 9395
 -205 9471
 -246 8355722
 -246 32650
 -246 9098
 -246 9200
 56 184
 56 184
 56 9144
 56 9108
 -117 8355723
 -117 32651
 -117 8843
 -117 8959
 -175 8355793
 -175 32721
 -175 8913
 -175 8897
 -68 8355772
 -68 32700
 -68 8892
 -68 8933
 -3 8355837
 -3 32765
 -3 9213
 -3 9174
 -253 8355587
 -253 32515
 -253 8963
 -253 8975
 -74 8355766
 -74 32694
 -74 8886
 -74 8911
 -169 8355671
 -169 32599
 -169 9303
 -169 9218
 -21 8355819
 -21 32747
 -21 9195
 -21 9107
 67 195
 67 195
 67 8899
 67 8899
 -353 8355359
 -353 32287
 -353 8735
 -353 8723
 -237 8355731
 -237 32659
 -237 8595
 -237 8685
 -224 8355744
 -224 32672
 -224 8864
 -224 8869
 -244 8355596
 -244 32524
 -244 8716
 -244 8808
 -58 8355782
 -58 32710
 -58 9158
 -58 9145
 -168 8355672
 -168 32600
 -168 9560
 -168 9485
 -203 8355765
 -203 32693
 -203 9909
 -203 9876
 5 5
 5 5
 5 9733
 5 9846
 38 166
 38 166
 38 9894
 38 9906
 -15 8355697
 -15 32625
 -15 9841
 -15 9827
 -79 8355633
 -79 32561
 -79 9777
 -79 9798
 -83 8355629
 -83 32557
 -83 9773
 -83 9794
 1 129
 1 129
 1 9601
 1 9681
 -29 8355683
 -29 32611
 -29 9571
 -29 9596
 -141 8355699
 -141 32627
 -141 9843
 -141 9741
 -275 8355437
 -275 32365
 -275 9837
 -275 9748
 -63 8355649
 -63 32577
 -63 9793
 -63 9845
 33 161
 33 161
 33 9633
 33 9630
 -8 8355704
 -8 32632
 -8 9848
 -8 9822
 -56 8355656
 -56 32584
 -56 10056
 -56 10105
 -435 8355405
 -435 32333
 -435 10061
 -435 10105
 -116 8355596
 -116 32524
 -116 9996
 -116 10051
 132 4
 132 4
 132 9732
 132 9730
 163 163
 163 163
 163 9635
 163 9665
 -28 8355812
 -28 32740
 -28 9444
 -28 9382
 -43 8355797
 -43 32725
 -43 9429
 -43 9383
 -147 8355693
 -147 32621
 -147 9581
 -147 9478
 78 206
 78 206
 78 9422
 78 9364
 155 27
 155 27
 155 8987
 155 9007
 30 30
 30 30
 30 8734
 30 8718
 -177 8355663
 -177 32591
 -177 8783
 -177 8704
 -10 8355702
 -10 32630
 -10 8822
 -10 8799
 158 30
 158 30
 158 8734
 158 8731
 110 238
 110 238
 110 8942
 110 8928
 89 89
 89 89
 89 9049
 89 8985
 -98 8355742
 -98 32670
 -98 8862
 -98 8915
 -85 8355627
 -85 32555
 -85 9003
 -85 8991
 -187 8355781
 -187 32709
 -187 8901
 -187 8896
 -92 8355748
 -92 32676
 -92 8868
 -92 8881
 -66 8355646
 -66 32574
 -66 8766
 -66 8724
 -113 8355727
 -113 32655
 -113 8591
 -113 8616
 -168 8355672
 -168 32600
 -168 8280
 -168 8316
 -227 8355741
 -227 32669
 -227 8605
 -227 8667
 -65 8355647
 -65 32575
 -65 9023
 -65 9043
 -121 8355719
 -121 32647
 -121 9095
 -121 9185
 -172 8355796
 -172 32724
 -172 9428
 -172 9397
 -82 8355758
 -82 32686
 -82 9390
 -82 9388
 270 270
 270 270
 270 9486
 270 9560
 41 169
 41 169
 41 9641
 41 9671
 -115 8355725
 -115 32653
 -115 9613
 -115 9697
 104 232
 104 232
 104 9960
 104 9954
 -32 8355680
 -32 32608
 -32 9824
 -32 9786
 -132 8355708
 -132 32636
 -132 9596
 -132 9564
 122 250
 122 250
 122 9722
 122 9646
 -7 8355833
 -7 32761
 -7 9721
 -7 9724
 -126 8355714
 -126 32642
 -126 9602
 -126 9600
 -61 8355779
 -61 32707
 -61 9411
 -61 9427
 -23 8355817
 -23 32745
 -23 9705
 -23 9695
 -1 8355839
 -1 32767
 -1 9983
 -1 9975
 13 13
 13 13
 13 9997
 13 10076
 20 148
 20 148
 20 9876
 20 9872
 -7 8355705
 -7 32633
 -7 9593
 -7 9582
 -73 8355639
 -73 32567
 -73 9527
 -73 9537
 -74 8355638
 -74 32566
 -74 9526
 -74 9578
 -110 8355602
 -110 32530
 -110 9490
 -110 9512
 -83 8355757
 -83 32685
 -83 9389
 -83 9377
 -191 8355649
 -191 32577
 -191 9025
 -191 9071
 -2 8355838
 -2 32766
 -2 8702
 -2 8685
 -143 8355697
 -143 32625
 -143 8817
 -143 8759
 18 18
 18 18
 18 8722
 18 8783
 -205 8355635
 -205 32563
 -205 8755
 -205 8711
 -63 8355777
 -63 32705
 -63 8641
 -63 8683
 -216 8355624
 -216 32552
 -216 8744
 -216 8720
 -215 8355753
 -215 32681
 -215 8617
 -215 8602
 -109 8355731
 -109 32659
 -109 8851
 -109 8840
 78 78
 78 78
 78 8782
 78 8714
 242 114
 242 114
 242 8562
 242 8574
 -156 8355812
 -156 32740
 -156 8420
 -156 8356
 35 35
 35 35
 35 8227
 35 8293
 -87 8355753
 -87 32681
 -87 8361
 -87 8408
 -59 8355653
 -59 32581
 -59 8517
 -59 8479
 -135 8355833
 -135 32761
 -135 8441
 -135 8428
 -127 8355585
 -127 32513
 -127 8449
 -127 8520
 -16 8355696
 -16 32624
 -16 8816
 -16 8788
 -86 8355626
 -86 32554
 -86 9258
 -86 9302
 -99 8355741
 -99 32669
 -99 9117
 -99 9147
 -7 8355833
 -7 32761
 -7 9465
 -7 9400
 -76 8355636
 -76 32564
 -76 9524
 -76 9515
 -121 8355591
 -121 32519
 -121 9479
 -121 9543
 -27 8355685
 -27 32613
 -27 9573
 -27 9534
 -140 8355828
 -140 32756
 -140 9460
 -140 9358
 -93 8355747
 -93 32675
 -93 9123
 -93 9151
 -129 8355839
 -129 32767
 -129 9215
 -129 9110
 -22 8355690
 -22 32618
 -22 9322
 -22 9292
 -24 8355816
 -24 32744
 -24 9448
 -24 9444
 126 126
 126 126
 126 9598
 126 9479
 275 275
 275 275
 275 9235
 275 9269
 61 61
 61 61
 61 9277
 61 9294
 -76 8355636
 -76 32564
 -76 9524
 -76 9570
 -122 8355590
 -122 32518
 -122 9478
 -122 9591
 -49 8355791
 -49 32719
 -49 9679
 -49 9608
 -156 8355684
 -156 32612
 -156 9572
 -156 9586
 -87 8355625
 -87 32553
 -87 9257
 -87 9288
 -215 8355625
 -215 32553
 -215 9001
 -215 9072
 26 154
 26 154
 26 8858
 26 8939
 -43 8355797
 -43 32725
 -43 8661
 -43 8615
 144 16
 144 16
 144 8720
 144 8723
 167 39
 167 39
 167 8743
 167 8724
 -3 8355709
 -3 32637
 -3 8829
 -3 8751
 -217 8355623
 -217 32551
 -217 8487
 -217 8512
 -261 8355451
 -261 32379
 -261 8315
 -261 8250
 26 26
 26 26
 26 8218
 26 8274
 -208 8355760
 -208 32688
 -208 8368
 -208 8425
 -95 8355745
 -95 32673
 -95 8609
 -95 8637
 -165 8355803
 -165 32731
 -165 8667
 -165 8623
 -125 8355715
 -125 32643
 -125 8579
 -125 8610
 -144 8355824
 -144 32752
 -144 8432
 -144 8400
 -147 8355693
 -147 32621
 -147 8301
 -147 8227
 -50 8355790
 -50 32718
 -50 8142
 -50 8085
 -161 8355807
 -161 32735
 -161 8159
 -161 8129
 70 70
 70 70
 70 8262
 70 8281
 -14 8355826
 -14 32754
 -14 8434
 -14 8443
 47 47
 47 47
 47 8751
 47 8736
 40 168
 40 168
 40 8872
 40 8914
 14 142
 14 142
 14 9102
 14 9094
 -7 8355705
 -7 32633
 -7 9337
 -7 9281
 175 175
 175 175
 175 9391
 175 9399
 -87 8355753
 -87 32681
 -87 9129
 -87 9210
 -104 8355736
 -104 32664
 -104 9368
 -104 9401
 -7 8355833
 -7 32761
 -7 9465
 -7 9448
 237 109
 237 109
 237 9581
 237 9552
 61 189
 61 189
 61 9405
 61 9375
 -254 8355714
 -254 32642
 -254 9090
 -254 9100
 -260 8355452
 -260 32380
 -260 9340
 -260 9275
 -81 8355631
 -81 32559
 -81 9263
 -81 9226
 160 32
 160 32
 160 9248
 160 9315
 -24 8355688
 -24 32616
 -24 9576
 -24 9598
 -85 8355755
 -85 32683
 -85 9643
 -85 9603
 -76 8355636
 -76 32564
 -76 9524
 -76 9522
 -157 8355683
 -157 32611
 -157 9315
 -157 9326
 -3 8355709
 -3 32637
 -3 9085
 -3 9052
 155 27
 155 27
 155 8987
 155 9003
 -66 8355774
 -66 32702
 -66 8894
 -66 8840
 -62 8355650
 -62 32578
 -62 8770
 -62 8826
 185 185
 185 185
 185 8633
 185 8616
 -237 8355603
 -237 32531
 -237 8211
 -237 8244
 -159 8355681
 -159 32609
 -159 8289
 -159 8268
 -137 8355703
 -137 32631
 -137 8311
 -137 8213
 -72 8355768
 -72 32696
 -72 8120
 -72 8098
 -64 8355648
 -64 32576
 -64 8000
 -64 8045
 -1 8355711
 -1 32639
 -1 8063
 -1 8024
 -206 8355762
 -206 32690
 -206 8114
 -206 8101
 -292 8355420
 -292 32348
 -292 8028
 -292 8063
 -102 8355610
 -102 32538
 -102 8218
 -102 8264
 100 228
 100 228
 100 8420
 100 8368
 135 135
 135 135
 135 8071
 135 8089
 -193 8355647
 -193 32575
 -193 7999
 -193 8050
 -224 8355744
 -224 32672
 -224 7840
 -224 7834
 -41 8355799
 -41 32727
 -41 7895
 -41 7881
 200 72
 200 72
 200 8008
 200 8046
 -92 8355620
 -92 32548
 -92 8228
 -92 8220
 -229 8355611
 -229 32539
 -229 8731
 -229 8761
 -67 8355645
 -67 32573
 -67 9021
 -67 9044
 -112 8355728
 -112 32656
 -112 9104
 -112 9122
 -97 8355615
 -97 32543
 -97 8991
 -97 8975
 37 165
 37 165
 37 9125
 37 9131
 -263 8355577
 -263 32505
 -263 9465
 -263 9469
 -379 8355333
 -379 32261
 -379 9221
 -379 9342
 -103 8355737
 -103 32665
 -103 9369
 -103 9401
 -148 8355820
 -148 32748
 -148 9452
 -148 9417
 -104 8355736
 -104 32664
 -104 9368
 -104 9389
 -95 8355745
 -95 32673
 -95 9377
 -95 9384
 69 197
 69 197
 69 9157
 69 9173
 222 222
 222 222
 222 8926
 222 8942
 44 172
 44 172
 44 9132
 44 9088
 -106 8355606
 -106 32534
 -106 9238
 -106 9286
 -242 8355598
 -242 32526
 -242 9230
 -242 9218
 -14 8355826
 -14 32754
 -14 9458
 -14 9412
 108 108
 108 108
 108 9324
 108 9284
 40 40
 40 40
 40 9256
 40 9240
 118 118
 118 118
 118 9078
 118 8972
 21 149
 21 149
 21 8853
 21 8921
 -209 8355631
 -209 32559
 -209 9007
 -209 8960
 -9 8355703
 -9 32631
 -9 8823
 -9 8805
 -28 8355684
 -28 32612
 -28 8548
 -28 8529
 48 176
 48 176
 48 8368
 48 8425
 19 19
 19 19
 19 8211
 19 8298
 7 135
 7 135
 7 8071
 7 8140
 142 142
 142 142
 142 7822
 142 7866
 22 150
 22 150
 22 7830
 22 7831
 86 214
 86 214
 86 8150
 86 8081
 -157 8355683
 -157 32611
 -157 8035
 -157 8052
 -121 8355719
 -121 32647
 -121 8071
 -121 8097
 180 180
 180 180
 180 8372
 180 8375
 130 130
 130 130
 130 8066
 130 8188
 -147 8355693
 -147 32621
 -147 8045
 -147 7952
 -137 8355703
 -137 32631
 -137 7799
 -137 7756
 -135 8355833
 -135 32761
 -135 7673
 -135 7557
 263 263
 263 263
 263 7687
 263 7786
 -4 8355836
 -4 32764
 -4 8188
 -4 8176
 -143 8355825
 -143 32753
 -143 8689
 -143 8613
 -60 8355652
 -60 32580
 -60 8772
 -60 8708
 122 250
 122 250
 122 8954
 122 8933
 189 189
 189 189
 189 8893
 189 8937
 -73 8355767
 -73 32695
 -73 8887
 -73 8872
 -113 8355599
 -113 32527
 -113 8975
 -113 9071
 -157 8355811
 -157 32739
 -157 9187
 -157 9112
 140 140
 140 140
 140 9356
 140 9380
 87 87
 87 87
 87 9303
 87 9248
 -98 8355742
 -98 32670
 -98 8862
 -98 8922
 37 165
 37 165
 37 8869
 37 8867
 -193 8355647
 -193 32575
 -193 9023
 -193 9013
 -1 8355711
 -1 32639
 -1 9087
 -1 9031
 59 187
 59 187
 59 9147
 59 9137
 -122 8355590
 -122 32518
 -122 9222
 -122 9298
 -105 8355607
 -105 32535
 -105 9239
 -105 9339
 -36 8355676
 -36 32604
 -36 9308
 -36 9257
 -27 8355813
 -27 32741
 -27 9189
 -27 9136
 96 224
 96 224
 96 8928
 96 8912
 17 145
 17 145
 17 8593
 17 8622
 -16 8355824
 -16 32752
 -16 8688
 -16 8692
 -26 8355686
 -26 32614
 -26 8550
 -26 8539
 -175 8355793
 -175 32721
 -175 8145
 -175 8186
 -270 8355570
 -270 32498
 -270 8178
 -270 8070
 -247 8355593
 -247 32521
 -247 7945
 -247 7939
 -73 8355767
 -73 32695
 -73 8119
 -73 8071
 -83 8355757
 -83 32685
 -83 8109
 -83 8122
 129 129
 129 129
 129 8065
 129 8100
 31 31
 31 31
 31 7967
 31 7937
 -180 8355788
 -180 32716
 -180 7884
 -180 7912
 152 152
 152 152
 152 7832
 152 7861
 79 79
 79 79
 79 8015
 79 8047
 61 61
 61 61
 61 7997
 61 8042
 -64 8355648
 -64 32576
 -64 8000
 -64 7973
 -65 8355647
 -65 32575
 -65 7743
 -65 7747
 -278 8355562
 -278 32490
 -278 7658
 -278 7589
 -176 8355792
 -176 32720
 -176 7632
 -176 7660
 -216 8355752
 -216 32680
 -216 7848
 -216 7921
 -143 8355697
 -143 32625
 -143 8305
 -143 8219
 -198 8355770
 -198 32698
 -198 8378
 -198 8326
 -129 8355839
 -129 32767
 -129 8703
 -129 8647
 58 186
 58 186
 58 8890
 58 8890
 61 61
 61 61
 61 9021
 61 9006
 -100 8355740
 -100 32668
 -100 9116
 -100 9213
 -176 8355792
 -176 32720
 -176 9168
 -176 9149
 -102 8355610
 -102 32538
 -102 8986
 -102 9078
 141 141
 141 141
 141 8845
 141 8869
 253 125
 253 125
 253 8829
 253 8712
 44 172
 44 172
 44 8620
 44 8650
 35 35
 35 35
 35 8739
 35 8723
 -67 8355645
 -67 32573
 -67 8765
 -67 8810
 -26 8355814
 -26 32742
 -26 8934
 -26 8951
 -5 8355835
 -5 32763
 -5 8955
 -5 8882
 -138 8355702
 -138 32630
 -138 9078
 -138 9082
 -110 8355602
 -110 32530
 -110 9234
 -110 9321
 -213 8355755
 -213 32683
 -213 9131
 -213 9206
 -105 8355607
 -105 32535
 -105 8983
 -105 9015
 -3 8355709
 -3 32637
 -3 9085
 -3 9036
 -8 8355832
 -8 32760
 -8 8952
 -8 8847
 -107 8355733
 -107 32661
 -107 8341
 -107 8418
 169 41
 169 41
 169 8233
 169 8205
 256 256
 256 256
 256 7936
 256 8017
 98 226
 98 226
 98 8162
 98 8103
 -160 8355680
 -160 32608
 -160 8032
 -160 8038
 -313 8355527
 -313 32455
 -313 7879
 -313 7809
 73 201
 73 201
 73 7881
 73 7841
 76 76
 76 76
 76 7756
 76 7772
 -84 8355756
 -84 32684
 -84 7852
 -84 7834
 -46 8355666
 -46 32594
 -46 8018
 -46 7993
 47 175
 47 175
 47 7855
 47 7885
 37 165
 37 165
 37 7845
 37 7843
 -141 8355827
 -141 32755
 -141 7923
 -141 7858
 -58 8355654
 -58 32582
 -58 7750
 -58 7752
 -95 8355745
 -95 32673
 -95 7585
 -95 7663
 -166 8355802
 -166 32730
 -166 7642
 -166 7602
 16 16
 16 16
 16 7440
 16 7527
 268 396
 268 396
 268 7820
 268 7878
 54 182
 54 182
 54 7862
 54 7862
 -80 8355760
 -80 32688
 -80 8112
 -80 8166
 -136 8355704
 -136 32632
 -136 8312
 -136 8236
 72 72
 72 72
 72 8264
 72 8213
 0 128
 0 128
 0 8064
 0 8150
 -14 8355826
 -14 32754
 -14 8690
 -14 8678
 -182 8355658
 -182 32586
 -182 8778
 -182 8816
 -25 8355815
 -25 32743
 -25 8935
 -25 8915
 -157 8355683
 -157 32611
 -157 8803
 -157 8831
 -191 8355777
 -191 32705
 -191 8897
 -191 8869
 -76 8355764
 -76 32692
 -76 8884
 -76 8912
 -183 8355657
 -183 32585
 -183 8777
 -183 8780
 -242 8355598
 -242 32526
 -242 8718
 -242 8793
 -323 8355389
 -323 32317
 -323 8509
 -323 8575
 -40 8355672
 -40 32600
 -40 8792
 -40 8718
 -232 8355736
 -232 32664
 -232 8856
 -232 8921
 -128 8355584
 -128 32512
 -128 8960
 -128 8988
 -255 8355585
 -255 32513
 -255 8961
 -255 9018
 -126 8355714
 -126 32642
 -126 8834
 -126 8888
 -70 8355770
 -70 32698
 -70 8634
 -70 8577
 -287 8355553
 -287 32481
 -287 8673
 -287 8637
 -254 8355714
 -254 32642
 -254 8578
 -254 8630
 -215 8355753
 -215 32681
 -215 8105
 -215 8102
