 8379693 16768301
 8379693 8969517
 8379693 8954925
 8379693 8954982
 8379743 16768479
 8379743 8904159
 8379743 8890847
 8379743 8890869
 8379847 16735559
 8379847 8674631
 8379847 8679495
 8379847 8679542
 8379911 16735751
 8379911 8543751
 8379911 8523783
 8379911 8523812
 8380311 16768791
 8380311 8445719
 8380311 8449815
 8380311 8449853
 8380872 16736712
 8380872 8413640
 8380872 8415432
 8380872 8415460
 8380924 16736636
 8380924 8413564
 8380924 8399228
 8380924 8399118
 8380443 16736283
 8380443 8413211
 8380443 8390939
 8380443 8391002
 8380032 8379904
 8380032 8379904
 8380032 8387328
 8380032 8387328
 8379887 8379759
 8379887 8379759
 8379887 8385647
 8379887 8385595
 8379975 8379975
 8379975 8379975
 8379975 8384583
 8379975 8384601
 8379847 8379719
 8379847 8379719
 8379847 8384071
 8379847 8384042
 8379424 8379552
 8379424 8379552
 8379424 8383392
 8379424 8383466
 8378628 8378628
 8378628 8378628
 8378628 8382468
 8378628 8382483
 8378665 8378665
 8378665 8378665
 8378665 8381737
 8378665 8381752
 8379331 8379203
 8379331 8379203
 8379331 8381507
 8379331 8381491
 8379532 8379404
 8379532 8379404
 8379532 8381708
 8379532 8381737
 8379643 8379643
 8379643 8379643
 8379643 8381691
 8379643 8381608
 8379808 8379680
 8379808 8379680
 8379808 8381472
 8379808 8381504
 8379742 8379870
 8379742 8379870
 8379742 8381406
 8379742 8381374
 8379763 8379891
 8379763 8379891
 8379763 8381427
 8379763 8381326
 8379655 8379783
 8379655 8379783
 8379655 8381319
 8379655 8381316
 8379788 8379788
 8379788 8379788
 8379788 8381324
 8379788 8381341
 8379785 8379785
 8379785 8379785
 8379785 8381321
 8379785 8381428
 8379693 8379693
 8379693 8379693
 8379693 8381229
 8379693 8381311
 8379608 8379608
 8379608 8379608
 8379608 8381400
 8379608 8381380
 8379748 8379876
 8379748 8379876
 8379748 8381412
 8379748 8381387
 8379849 8379849
 8379849 8379849
 8379849 8381385
 8379849 8381343
 8379857 8379857
 8379857 8379857
 8379857 8381393
 8379857 8381371
 8379764 8379764
 8379764 8379764
 8379764 8381556
 8379764 8381454
 8379706 8379706
 8379706 8379706
 8379706 8381498
 8379706 8381451
 8379742 8379870
 8379742 8379870
 8379742 8381406
 8379742 8381340
 8380042 8380042
 8380042 8380042
 8380042 8381322
 8380042 8381344
 8379994 8379994
 8379994 8379994
 8379994 8381274
 8379994 8381294
 8379843 8379715
 8379843 8379715
 8379843 8381251
 8379843 8381209
 8379736 8379736
 8379736 8379736
 8379736 8381272
 8379736 8381222
 8379645 8379645
 8379645 8379645
 8379645 8381437
 8379645 8381438
 8379694 8379694
 8379694 8379694
 8379694 8381486
 8379694 8381448
 8379714 8379714
 8379714 8379714
 8379714 8381250
 8379714 8381224
 8379825 8379825
 8379825 8379825
 8379825 8381105
 8379825 8381167
 8379987 8380115
 8379987 8380115
 8379987 8381395
 8379987 8381349
 8379803 8379803
 8379803 8379803
 8379803 8381339
 8379803 8381372
 8379791 8379663
 8379791 8379663
 8379791 8381455
 8379791 8381481
 8379919 8379919
 8379919 8379919
 8379919 8381455
 8379919 8381552
 8379806 8379806
 8379806 8379806
 8379806 8381342
 8379806 8381381
 8379741 8379869
 8379741 8379869
 8379741 8381405
 8379741 8381417
 8379831 8379703
 8379831 8379703
 8379831 8381239
 8379831 8381212
 8379972 8379972
 8379972 8379972
 8379972 8381252
 8379972 8381303
 8379912 8379912
 8379912 8379912
 8379912 8381192
 8379912 8381265
 8379929 8379929
 8379929 8379929
 8379929 8381209
 8379929 8381223
 8379961 8380089
 8379961 8380089
 8379961 8381113
 8379961 8381099
 8379950 8379950
 8379950 8379950
 8379950 8381230
 8379950 8381273
 8379935 8379935
 8379935 8379935
 8379935 8381215
 8379935 8381231
 8379856 8379856
 8379856 8379856
 8379856 8381392
 8379856 8381344
 8379745 8379873
 8379745 8379873
 8379745 8381409
 8379745 8381353
 8379859 8379859
 8379859 8379859
 8379859 8381395
 8379859 8381412
 8379592 8379464
 8379592 8379464
 8379592 8381256
 8379592 8381213
 8379852 8379724
 8379852 8379724
 8379852 8381260
 8379852 8381254
 8379947 8379947
 8379947 8379947
 8379947 8381227
 8379947 8381250
 8379723 8379723
 8379723 8379723
 8379723 8381259
 8379723 8381257
 8379481 8379481
 8379481 8379481
 8379481 8381273
 8379481 8381205
 8379708 8379836
 8379708 8379836
 8379708 8381372
 8379708 8381342
 8379523 8379523
 8379523 8379523
 8379523 8381059
 8379523 8381166
 8379820 8379692
 8379820 8379692
 8379820 8380972
 8379820 8381038
 8379761 8379889
 8379761 8379889
 8379761 8381425
 8379761 8381354
 8379760 8379888
 8379760 8379888
 8379760 8381424
 8379760 8381401
 8379900 8379772
 8379900 8379772
 8379900 8381308
 8379900 8381302
 8379967 8380095
 8379967 8380095
 8379967 8381375
 8379967 8381404
 8379893 8379893
 8379893 8379893
 8379893 8381429
 8379893 8381374
 8379895 8379895
 8379895 8379895
 8379895 8381431
 8379895 8381414
 8380056 8380056
 8380056 8380056
 8380056 8381336
 8380056 8381360
 8379944 8379944
 8379944 8379944
 8379944 8381224
 8379944 8381249
 8379749 8379877
 8379749 8379877
 8379749 8381413
 8379749 8381369
 8379937 8379937
 8379937 8379937
 8379937 8381473
 8379937 8381508
 8379971 8379971
 8379971 8379971
 8379971 8381251
 8379971 8381297
 8379870 8379742
 8379870 8379742
 8379870 8381278
 8379870 8381236
 8379745 8379873
 8379745 8379873
 8379745 8381153
 8379745 8381117
 8379739 8379867
 8379739 8379867
 8379739 8381403
 8379739 8381368
 8379598 8379598
 8379598 8379598
 8379598 8381646
 8379598 8381585
 8379730 8379730
 8379730 8379730
 8379730 8381522
 8379730 8381440
 8379917 8380045
 8379917 8380045
 8379917 8381325
 8379917 8381433
 8379901 8379901
 8379901 8379901
 8379901 8381437
 8379901 8381387
 8379927 8379927
 8379927 8379927
 8379927 8381207
 8379927 8381277
 8380022 8380022
 8380022 8380022
 8380022 8381302
 8380022 8381217
 8379968 8380096
 8379968 8380096
 8379968 8381376
 8379968 8381364
 8379860 8379732
 8379860 8379732
 8379860 8381524
 8379860 8381498
 8379762 8379762
 8379762 8379762
 8379762 8381298
 8379762 8381255
 8379625 8379625
 8379625 8379625
 8379625 8381161
 8379625 8381167
 8379863 8379735
 8379863 8379735
 8379863 8381271
 8379863 8381230
 8379929 8379929
 8379929 8379929
 8379929 8381209
 8379929 8381232
 8380052 8380052
 8380052 8380052
 8380052 8381332
 8380052 8381353
 8379876 8379876
 8379876 8379876
 8379876 8381668
 8379876 8381569
 8379887 8379887
 8379887 8379887
 8379887 8381423
 8379887 8381403
 8379880 8379752
 8379880 8379752
 8379880 8381288
 8379880 8381248
 8379981 8380109
 8379981 8380109
 8379981 8381389
 8379981 8381333
 8379815 8379815
 8379815 8379815
 8379815 8381095
 8379815 8381109
 8379821 8379821
 8379821 8379821
 8379821 8381101
 8379821 8381060
 8379774 8379902
 8379774 8379902
 8379774 8381182
 8379774 8381162
 8379942 8380070
 8379942 8380070
 8379942 8381350
 8379942 8381386
 8379798 8379798
 8379798 8379798
 8379798 8381590
 8379798 8381570
 8379751 8379751
 8379751 8379751
 8379751 8381287
 8379751 8381225
 8379737 8379737
 8379737 8379737
 8379737 8381273
 8379737 8381220
 8379811 8379683
 8379811 8379683
 8379811 8380963
 8379811 8380992
 8379811 8379683
 8379811 8379683
 8379811 8381219
 8379811 8381218
 8379635 8379635
 8379635 8379635
 8379635 8381171
 8379635 8381168
 8379667 8379667
 8379667 8379667
 8379667 8381203
 8379667 8381204
 8379982 8379982
 8379982 8379982
 8379982 8381262
 8379982 8381235
 8380016 8380144
 8380016 8380144
 8380016 8381424
 8380016 8381367
 8379871 8379871
 8379871 8379871
 8379871 8381407
 8379871 8381370
 8379935 8380063
 8379935 8380063
 8379935 8381087
 8379935 8381078
 8379981 8380109
 8379981 8380109
 8379981 8381133
 8379981 8381125
 8379750 8379750
 8379750 8379750
 8379750 8381286
 8379750 8381297
 8379731 8379731
 8379731 8379731
 8379731 8381523
 8379731 8381473
 8379777 8379649
 8379777 8379649
 8379777 8381185
 8379777 8381209
 8379877 8379877
 8379877 8379877
 8379877 8381157
 8379877 8381094
 8379880 8379752
 8379880 8379752
 8379880 8381288
 8379880 8381219
 8379805 8379805
 8379805 8379805
 8379805 8381085
 8379805 8381158
 8379892 8379892
 8379892 8379892
 8379892 8381428
 8379892 8381350
 8380014 8380014
 8380014 8380014
 8380014 8381294
 8380014 8381245
 8379840 8379840
 8379840 8379840
 8379840 8381120
 8379840 8381091
 8379847 8379847
 8379847 8379847
 8379847 8381127
 8379847 8381182
 8379832 8379832
 8379832 8379832
 8379832 8381368
 8379832 8381346
 8380057 8380057
 8380057 8380057
 8380057 8381337
 8380057 8381394
 8379885 8379757
 8379885 8379757
 8379885 8381293
 8379885 8381287
 8379961 8379961
 8379961 8379961
 8379961 8381241
 8379961 8381193
 8379746 8379874
 8379746 8379874
 8379746 8381154
 8379746 8381112
 8379809 8379681
 8379809 8379681
 8379809 8381217
 8379809 8381228
 8379859 8379731
 8379859 8379731
 8379859 8381267
 8379859 8381260
 8379758 8379758
 8379758 8379758
 8379758 8381294
 8379758 8381277
 8379825 8379825
 8379825 8379825
 8379825 8381361
 8379825 8381321
 8379802 8379674
 8379802 8379674
 8379802 8381466
 8379802 8381479
 8379846 8379846
 8379846 8379846
 8379846 8381382
 8379846 8381355
 8379840 8379840
 8379840 8379840
 8379840 8381376
 8379840 8381330
 8379868 8379868
 8379868 8379868
 8379868 8381404
 8379868 8381386
 8379702 8379830
 8379702 8379830
 8379702 8381366
 8379702 8381325
 8379647 8379647
 8379647 8379647
 8379647 8381439
 8379647 8381396
 8380012 8380012
 8380012 8380012
 8380012 8381036
 8380012 8381042
 8380046 8379918
 8380046 8379918
 8380046 8380942
 8380046 8381047
 8379891 8379891
 8379891 8379891
 8379891 8381427
 8379891 8381312
 8379917 8380045
 8379917 8380045
 8379917 8381325
 8379917 8381415
 8379879 8379751
 8379879 8379751
 8379879 8381287
 8379879 8381188
 8379979 8380107
 8379979 8380107
 8379979 8381131
 8379979 8381147
 8379813 8379685
 8379813 8379685
 8379813 8381221
 8379813 8381217
 8379798 8379798
 8379798 8379798
 8379798 8381334
 8379798 8381357
 8379886 8379758
 8379886 8379758
 8379886 8381294
 8379886 8381289
 8379677 8379677
 8379677 8379677
 8379677 8381213
 8379677 8381256
 8379648 8379776
 8379648 8379776
 8379648 8381056
 8379648 8381174
 8379822 8379694
 8379822 8379694
 8379822 8381230
 8379822 8381230
 8379772 8379772
 8379772 8379772
 8379772 8381308
 8379772 8381260
 8379628 8379628
 8379628 8379628
 8379628 8381164
 8379628 8381126
 8379860 8379732
 8379860 8379732
 8379860 8381268
 8379860 8381225
 8380156 8380156
 8380156 8380156
 8380156 8381436
 8380156 8381340
 8379865 8379865
 8379865 8379865
 8379865 8381401
 8379865 8381436
 8379562 8379434
 8379562 8379434
 8379562 8381482
 8379562 8381532
 8379751 8379751
 8379751 8379751
 8379751 8381287
 8379751 8381277
 8379925 8380053
 8379925 8380053
 8379925 8381333
 8379925 8381437
 8379971 8380099
 8379971 8380099
 8379971 8381379
 8379971 8381369
 8379943 8380071
 8379943 8380071
 8379943 8381351
 8379943 8381319
 8379979 8380107
 8379979 8380107
 8379979 8381387
 8379979 8381354
 8379864 8379864
 8379864 8379864
 8379864 8381400
 8379864 8381408
 8379726 8379726
 8379726 8379726
 8379726 8381262
 8379726 8381193
 8379664 8379664
 8379664 8379664
 8379664 8381456
 8379664 8381551
 8379950 8379950
 8379950 8379950
 8379950 8381486
 8379950 8381440
 8379879 8379751
 8379879 8379751
 8379879 8381543
 8379879 8381556
 8380127 8380127
 8380127 8380127
 8380127 8381407
 8380127 8381394
 8380044 8380044
 8380044 8380044
 8380044 8381068
 8380044 8381074
 8379832 8379832
 8379832 8379832
 8379832 8381112
 8379832 8381174
 8379742 8379742
 8379742 8379742
 8379742 8381278
 8379742 8381211
 8379713 8379713
 8379713 8379713
 8379713 8381249
 8379713 8381267
 8379746 8379746
 8379746 8379746
 8379746 8381538
 8379746 8381494
 8379679 8379679
 8379679 8379679
 8379679 8381471
 8379679 8381508
 8379830 8379830
 8379830 8379830
 8379830 8381366
 8379830 8381354
 8379795 8379795
 8379795 8379795
 8379795 8381331
 8379795 8381424
 8379954 8379954
 8379954 8379954
 8379954 8381234
 8379954 8381271
 8379867 8379867
 8379867 8379867
 8379867 8381147
 8379867 8381166
 8379781 8379781
 8379781 8379781
 8379781 8381061
 8379781 8381152
 8379937 8380065
 8379937 8380065
 8379937 8381089
 8379937 8381117
 8379951 8380079
 8379951 8380079
 8379951 8381359
 8379951 8381319
 8380013 8380141
 8380013 8380141
 8380013 8381421
 8380013 8381433
 8379840 8379712
 8379840 8379712
 8379840 8381504
 8379840 8381538
 8379866 8379866
 8379866 8379866
 8379866 8381402
 8379866 8381428
 8380040 8379912
 8380040 8379912
 8380040 8381192
 8380040 8381287
 8379939 8379939
 8379939 8379939
 8379939 8381219
 8379939 8381214
 8379779 8379651
 8379779 8379651
 8379779 8381187
 8379779 8381196
 8379960 8379960
 8379960 8379960
 8379960 8381240
 8379960 8381198
 8379931 8379931
 8379931 8379931
 8379931 8381211
 8379931 8381213
 8379679 8379679
 8379679 8379679
 8379679 8381215
 8379679 8381289
 8379797 8379797
 8379797 8379797
 8379797 8381333
 8379797 8381314
 8379747 8379747
 8379747 8379747
 8379747 8381539
 8379747 8381468
 8379814 8379686
 8379814 8379686
 8379814 8381222
 8379814 8381288
 8379767 8379895
 8379767 8379895
 8379767 8381431
 8379767 8381404
 8379897 8379769
 8379897 8379769
 8379897 8381561
 8379897 8381482
 8380002 8380002
 8380002 8380002
 8380002 8381538
 8380002 8381473
 8379844 8379716
 8379844 8379716
 8379844 8381508
 8379844 8381444
 8379635 8379507
 8379635 8379507
 8379635 8381299
 8379635 8381297
 8379746 8379874
 8379746 8379874
 8379746 8381410
 8379746 8381321
 8379932 8379932
 8379932 8379932
 8379932 8381212
 8379932 8381300
 8380054 8380054
 8380054 8380054
 8380054 8381334
 8380054 8381320
 8379867 8379739
 8379867 8379739
 8379867 8381275
 8379867 8381301
 8379996 8380124
 8379996 8380124
 8379996 8381404
 8379996 8381345
 8379760 8379760
 8379760 8379760
 8379760 8381296
 8379760 8381231
 8379680 8379808
 8379680 8379808
 8379680 8381088
 8379680 8381090
 8379751 8379751
 8379751 8379751
 8379751 8381287
 8379751 8381203
 8379735 8379735
 8379735 8379735
 8379735 8381271
 8379735 8381288
 8379705 8379705
 8379705 8379705
 8379705 8381241
 8379705 8381221
 8379726 8379726
 8379726 8379726
 8379726 8381262
 8379726 8381258
 8379741 8379741
 8379741 8379741
 8379741 8381533
 8379741 8381441
 8379694 8379694
 8379694 8379694
 8379694 8381230
 8379694 8381298
 8379959 8379959
 8379959 8379959
 8379959 8381239
 8379959 8381255
 8379923 8379923
 8379923 8379923
 8379923 8381203
 8379923 8381287
 8379811 8379811
 8379811 8379811
 8379811 8381091
 8379811 8381168
 8379738 8379738
 8379738 8379738
 8379738 8381274
 8379738 8381298
 8379827 8379827
 8379827 8379827
 8379827 8381363
 8379827 8381325
 8380001 8380001
 8380001 8380001
 8380001 8381281
 8380001 8381252
 8380059 8379931
 8380059 8379931
 8380059 8381467
 8380059 8381534
 8380010 8380010
 8380010 8380010
 8380010 8381290
 8380010 8381270
 8379883 8379883
 8379883 8379883
 8379883 8381419
 8379883 8381336
 8379749 8379749
 8379749 8379749
 8379749 8381285
 8379749 8381191
 8379788 8379660
 8379788 8379660
 8379788 8381196
 8379788 8381302
 8379877 8379749
 8379877 8379749
 8379877 8381285
 8379877 8381213
 8379664 8379664
 8379664 8379664
 8379664 8381200
 8379664 8381307
 8379644 8379644
 8379644 8379644
 8379644 8381436
 8379644 8381320
 8379792 8379792
 8379792 8379792
 8379792 8381328
 8379792 8381322
 8379788 8379660
 8379788 8379660
 8379788 8381196
 8379788 8381195
 8379686 8379814
 8379686 8379814
 8379686 8381094
 8379686 8381149
 8379737 8379865
 8379737 8379865
 8379737 8381401
 8379737 8381392
 8379745 8379745
 8379745 8379745
 8379745 8381537
 8379745 8381440
 8379673 8379801
 8379673 8379801
 8379673 8381337
 8379673 8381385
 8379748 8379876
 8379748 8379876
 8379748 8381412
 8379748 8381424
 8379766 8379894
 8379766 8379894
 8379766 8381430
 8379766 8381322
 8379852 8379724
 8379852 8379724
 8379852 8381260
 8379852 8381192
 8379885 8379885
 8379885 8379885
 8379885 8381165
 8379885 8381167
 8379853 8379853
 8379853 8379853
 8379853 8381133
 8379853 8381178
 8379679 8379807
 8379679 8379807
 8379679 8381343
 8379679 8381332
 8379794 8379666
 8379794 8379666
 8379794 8381202
 8379794 8381196
 8379696 8379696
 8379696 8379696
 8379696 8381232
 8379696 8381282
 8379744 8379872
 8379744 8379872
 8379744 8381408
 8379744 8381411
 8379663 8379663
 8379663 8379663
 8379663 8381199
 8379663 8381235
 8379483 8379483
 8379483 8379483
 8379483 8381275
 8379483 8381227
 8379623 8379623
 8379623 8379623
 8379623 8381415
 8379623 8381379
 8379683 8379811
 8379683 8379811
 8379683 8381347
 8379683 8381349
 8379775 8379903
 8379775 8379903
 8379775 8381183
 8379775 8381118
 8379891 8379891
 8379891 8379891
 8379891 8381171
 8379891 8381146
 8379761 8379889
 8379761 8379889
 8379761 8381169
 8379761 8381145
 8379839 8379711
 8379839 8379711
 8379839 8381247
 8379839 8381225
 8379988 8379988
 8379988 8379988
 8379988 8381268
 8379988 8381294
 8380022 8380022
 8380022 8380022
 8380022 8381558
 8380022 8381458
 8379975 8380103
 8379975 8380103
 8379975 8381383
 8379975 8381378
 8379822 8379694
 8379822 8379694
 8379822 8381230
 8379822 8381292
 8379818 8379818
 8379818 8379818
 8379818 8381098
 8379818 8381137
 8379922 8380050
 8379922 8380050
 8379922 8381074
 8379922 8381127
 8379915 8380043
 8379915 8380043
 8379915 8381067
 8379915 8381079
 8379709 8379837
 8379709 8379837
 8379709 8381117
 8379709 8381151
 8379781 8379781
 8379781 8379781
 8379781 8381317
 8379781 8381357
 8379825 8379825
 8379825 8379825
 8379825 8381361
 8379825 8381338
 8379743 8379871
 8379743 8379871
 8379743 8381151
 8379743 8381160
 8379675 8379675
 8379675 8379675
 8379675 8381211
 8379675 8381246
 8379607 8379607
 8379607 8379607
 8379607 8381143
 8379607 8381159
 8379587 8379587
 8379587 8379587
 8379587 8381379
 8379587 8381318
 8379838 8379710
 8379838 8379710
 8379838 8381502
 8379838 8381466
 8379865 8379865
 8379865 8379865
 8379865 8381401
 8379865 8381358
 8379560 8379560
 8379560 8379560
 8379560 8381352
 8379560 8381354
 8379808 8379680
 8379808 8379680
 8379808 8381472
 8379808 8381467
 8379919 8380047
 8379919 8380047
 8379919 8381327
 8379919 8381376
 8379903 8379903
 8379903 8379903
 8379903 8381439
 8379903 8381384
 8379770 8379770
 8379770 8379770
 8379770 8381306
 8379770 8381280
 8379746 8379746
 8379746 8379746
 8379746 8381282
 8379746 8381210
 8379827 8379827
 8379827 8379827
 8379827 8381107
 8379827 8381172
 8379761 8379761
 8379761 8379761
 8379761 8381297
 8379761 8381214
 8379809 8379809
 8379809 8379809
 8379809 8381345
 8379809 8381353
 8379537 8379537
 8379537 8379537
 8379537 8381073
 8379537 8381096
 8379664 8379664
 8379664 8379664
 8379664 8380944
 8379664 8381039
 8379808 8379680
 8379808 8379680
 8379808 8381216
 8379808 8381278
 8379765 8379893
 8379765 8379893
 8379765 8381429
 8379765 8381415
 8379719 8379719
 8379719 8379719
 8379719 8381255
 8379719 8381227
 8379928 8380056
 8379928 8380056
 8379928 8381080
 8379928 8381069
 8379879 8379879
 8379879 8379879
 8379879 8381415
 8379879 8381327
 8379920 8379920
 8379920 8379920
 8379920 8381456
 8379920 8381444
 8379978 8379978
 8379978 8379978
 8379978 8381258
 8379978 8381237
 8379798 8379798
 8379798 8379798
 8379798 8381078
 8379798 8381106
 8379709 8379837
 8379709 8379837
 8379709 8381117
 8379709 8381132
 8379742 8379870
 8379742 8379870
 8379742 8381150
 8379742 8381120
 8379918 8380046
 8379918 8380046
 8379918 8381326
 8379918 8381336
 8379910 8379910
 8379910 8379910
 8379910 8381190
 8379910 8381293
 8379815 8379687
 8379815 8379687
 8379815 8381223
 8379815 8381207
 8379872 8379744
 8379872 8379744
 8379872 8381280
 8379872 8381214
 8379793 8379793
 8379793 8379793
 8379793 8381329
 8379793 8381316
 8379735 8379735
 8379735 8379735
 8379735 8381271
 8379735 8381222
 8379831 8379703
 8379831 8379703
 8379831 8381239
 8379831 8381303
 8379663 8379791
 8379663 8379791
 8379663 8381327
 8379663 8381357
 8379852 8379852
 8379852 8379852
 8379852 8381644
 8379852 8381571
 8379931 8379931
 8379931 8379931
 8379931 8381467
 8379931 8381520
 8379958 8379958
 8379958 8379958
 8379958 8381238
 8379958 8381286
 8380030 8380030
 8380030 8380030
 8380030 8381310
 8380030 8381282
 8379822 8379822
 8379822 8379822
 8379822 8381102
 8379822 8381074
 8379850 8379850
 8379850 8379850
 8379850 8381386
 8379850 8381356
 8379820 8379820
 8379820 8379820
 8379820 8381356
 8379820 8381408
 8379910 8379910
 8379910 8379910
 8379910 8381190
 8379910 8381252
 8379818 8379818
 8379818 8379818
 8379818 8381098
 8379818 8381147
 8379952 8379952
 8379952 8379952
 8379952 8381232
 8379952 8381203
 8379875 8379875
 8379875 8379875
 8379875 8381411
 8379875 8381317
 8379774 8379774
 8379774 8379774
 8379774 8381310
 8379774 8381304
 8379598 8379470
 8379598 8379470
 8379598 8381262
 8379598 8381299
 8379746 8379746
 8379746 8379746
 8379746 8381282
 8379746 8381198
 8379830 8379830
 8379830 8379830
 8379830 8381110
 8379830 8381130
 8379743 8379743
 8379743 8379743
 8379743 8381279
 8379743 8381218
 8379760 8379888
 8379760 8379888
 8379760 8381168
 8379760 8381162
 8379957 8379957
 8379957 8379957
 8379957 8381237
 8379957 8381269
 8379913 8379913
 8379913 8379913
 8379913 8381193
 8379913 8381231
 8379554 8379426
 8379554 8379426
 8379554 8381218
 8379554 8381265
 8379586 8379458
 8379586 8379458
 8379586 8380994
 8379586 8380989
 8379566 8379566
 8379566 8379566
 8379566 8381102
 8379566 8381115
 8379752 8379752
 8379752 8379752
 8379752 8381288
 8379752 8381249
 8379838 8379710
 8379838 8379710
 8379838 8381246
 8379838 8381296
 8379976 8380104
 8379976 8380104
 8379976 8381384
 8379976 8381313
 8379901 8379773
 8379901 8379773
 8379901 8381309
 8379901 8381233
 8379832 8379832
 8379832 8379832
 8379832 8381368
 8379832 8381329
 8380079 8380079
 8380079 8380079
 8380079 8381359
 8380079 8381332
 8379884 8379756
 8379884 8379756
 8379884 8381292
 8379884 8381248
 8379764 8379764
 8379764 8379764
 8379764 8381300
 8379764 8381302
 8379684 8379812
 8379684 8379812
 8379684 8381092
 8379684 8381179
 8379473 8379601
 8379473 8379601
 8379473 8381393
 8379473 8381343
 8379763 8379891
 8379763 8379891
 8379763 8381427
 8379763 8381353
 8379819 8379819
 8379819 8379819
 8379819 8381355
 8379819 8381365
 8379733 8379733
 8379733 8379733
 8379733 8381269
 8379733 8381287
 8379898 8379770
 8379898 8379770
 8379898 8381306
 8379898 8381307
 8380005 8380005
 8380005 8380005
 8380005 8381541
 8380005 8381540
 8379901 8379901
 8379901 8379901
 8379901 8381437
 8379901 8381389
 8379841 8379841
 8379841 8379841
 8379841 8381121
 8379841 8381172
 8379885 8379885
 8379885 8379885
 8379885 8381421
 8379885 8381333
 8379575 8379575
 8379575 8379575
 8379575 8381367
 8379575 8381319
 8379779 8379651
 8379779 8379651
 8379779 8381187
 8379779 8381249
 8379902 8379774
 8379902 8379774
 8379902 8381310
 8379902 8381258
 8379924 8380052
 8379924 8380052
 8379924 8381076
 8379924 8381125
 8379711 8379711
 8379711 8379711
 8379711 8380991
 8379711 8381044
 8379841 8379713
 8379841 8379713
 8379841 8381249
 8379841 8381204
 8380016 8380144
 8380016 8380144
 8380016 8381424
 8380016 8381380
 8379866 8379866
 8379866 8379866
 8379866 8381402
 8379866 8381390
 8379881 8379881
 8379881 8379881
 8379881 8381417
 8379881 8381343
 8379757 8379885
 8379757 8379885
 8379757 8381421
 8379757 8381354
 8379878 8379878
 8379878 8379878
 8379878 8381414
 8379878 8381341
 8379813 8379813
 8379813 8379813
 8379813 8381093
 8379813 8381120
 8379781 8379653
 8379781 8379653
 8379781 8381189
 8379781 8381207
 8379844 8379844
 8379844 8379844
 8379844 8381380
 8379844 8381424
 8379820 8379692
 8379820 8379692
 8379820 8381228
 8379820 8381194
 8379788 8379788
 8379788 8379788
 8379788 8381068
 8379788 8381116
 8379665 8379665
 8379665 8379665
 8379665 8381201
 8379665 8381275
 8379672 8379800
 8379672 8379800
 8379672 8381080
 8379672 8381094
 8379631 8379631
 8379631 8379631
 8379631 8381167
 8379631 8381115
 8379547 8379547
 8379547 8379547
 8379547 8381339
 8379547 8381395
 8379824 8379824
 8379824 8379824
 8379824 8381360
 8379824 8381336
 8379761 8379889
 8379761 8379889
 8379761 8381425
 8379761 8381341
 8379692 8379692
 8379692 8379692
 8379692 8381228
 8379692 8381259
 8379853 8379725
 8379853 8379725
 8379853 8381261
 8379853 8381241
 8379855 8379855
 8379855 8379855
 8379855 8381391
 8379855 8381320
 8379859 8379859
 8379859 8379859
 8379859 8381395
 8379859 8381328
 8379721 8379849
 8379721 8379849
 8379721 8381385
 8379721 8381385
 8379783 8379655
 8379783 8379655
 8379783 8381191
 8379783 8381212
 8379873 8379745
 8379873 8379745
 8379873 8381281
 8379873 8381244
 8379852 8379724
 8379852 8379724
 8379852 8381260
 8379852 8381269
 8379902 8379774
 8379902 8379774
 8379902 8381310
 8379902 8381238
 8379911 8380039
 8379911 8380039
 8379911 8381063
 8379911 8381118
 8379710 8379710
 8379710 8379710
 8379710 8381246
 8379710 8381203
 8379678 8379806
 8379678 8379806
 8379678 8381342
 8379678 8381323
 8379709 8379709
 8379709 8379709
 8379709 8381245
 8379709 8381292
 8379838 8379710
 8379838 8379710
 8379838 8381246
 8379838 8381264
 8379854 8379726
 8379854 8379726
 8379854 8381518
 8379854 8381446
 8379911 8380039
 8379911 8380039
 8379911 8381319
 8379911 8381365
 8379868 8379740
 8379868 8379740
 8379868 8381276
 8379868 8381300
 8379968 8380096
 8379968 8380096
 8379968 8381376
 8379968 8381317
 8379981 8379981
 8379981 8379981
 8379981 8381261
 8379981 8381292
 8379844 8379844
 8379844 8379844
 8379844 8381124
 8379844 8381154
 8379756 8379884
 8379756 8379884
 8379756 8381420
 8379756 8381374
 8379764 8379892
 8379764 8379892
 8379764 8381428
 8379764 8381414
 8379970 8379970
 8379970 8379970
 8379970 8381506
 8379970 8381446
 8379986 8379986
 8379986 8379986
 8379986 8381266
 8379986 8381212
 8379813 8379685
 8379813 8379685
 8379813 8381221
 8379813 8381263
 8379718 8379718
 8379718 8379718
 8379718 8381254
 8379718 8381208
 8379988 8380116
 8379988 8380116
 8379988 8381396
 8379988 8381320
 8379836 8379836
 8379836 8379836
 8379836 8381372
 8379836 8381434
 8379688 8379688
 8379688 8379688
 8379688 8381480
 8379688 8381445
 8380059 8380059
 8380059 8380059
 8380059 8381339
 8380059 8381394
 8379937 8379937
 8379937 8379937
 8379937 8381217
 8379937 8381309
 8379999 8379999
 8379999 8379999
 8379999 8381279
 8379999 8381270
 8379917 8379917
 8379917 8379917
 8379917 8381197
 8379917 8381235
 8379840 8379840
 8379840 8379840
 8379840 8381376
 8379840 8381324
 8379930 8379930
 8379930 8379930
 8379930 8381210
 8379930 8381293
 8379845 8379717
 8379845 8379717
 8379845 8381253
 8379845 8381287
 8379713 8379713
 8379713 8379713
 8379713 8381249
 8379713 8381300
 8379683 8379683
 8379683 8379683
 8379683 8381219
 8379683 8381288
 8379971 8380099
 8379971 8380099
 8379971 8381379
 8379971 8381368
 8379971 8380099
 8379971 8380099
 8379971 8381379
 8379971 8381354
 8379856 8379728
 8379856 8379728
 8379856 8381264
 8379856 8381296
 8379727 8379855
 8379727 8379855
 8379727 8381391
 8379727 8381339
 8379921 8380049
 8379921 8380049
 8379921 8381329
 8379921 8381434
 8380042 8380042
 8380042 8380042
 8380042 8381322
 8380042 8381317
 8379982 8379982
 8379982 8379982
 8379982 8381518
 8379982 8381455
 8379958 8379958
 8379958 8379958
 8379958 8381494
 8379958 8381464
 8379922 8380050
 8379922 8380050
 8379922 8381330
 8379922 8381394
 8379692 8379820
 8379692 8379820
 8379692 8381356
 8379692 8381395
 8379745 8379745
 8379745 8379745
 8379745 8381281
 8379745 8381226
 8379854 8379726
 8379854 8379726
 8379854 8381518
 8379854 8381447
 8379827 8379699
 8379827 8379699
 8379827 8381235
 8379827 8381212
 8379787 8379787
 8379787 8379787
 8379787 8381067
 8379787 8381159
 8379932 8380060
 8379932 8380060
 8379932 8381340
 8379932 8381340
 8379946 8380074
 8379946 8380074
 8379946 8381354
 8379946 8381406
 8379743 8379743
 8379743 8379743
 8379743 8381279
 8379743 8381256
 8379944 8380072
 8379944 8380072
 8379944 8381352
 8379944 8381313
 8379902 8379774
 8379902 8379774
 8379902 8381310
 8379902 8381263
 8379942 8379942
 8379942 8379942
 8379942 8381222
 8379942 8381187
 8379744 8379744
 8379744 8379744
 8379744 8381280
 8379744 8381307
 8379551 8379551
 8379551 8379551
 8379551 8381343
 8379551 8381352
 8379776 8379648
 8379776 8379648
 8379776 8381440
 8379776 8381480
 8379812 8379812
 8379812 8379812
 8379812 8381348
 8379812 8381412
 8379540 8379540
 8379540 8379540
 8379540 8381076
 8379540 8381168
 8379819 8379691
 8379819 8379691
 8379819 8381227
 8379819 8381299
 8379839 8379711
 8379839 8379711
 8379839 8381247
 8379839 8381208
 8379937 8379937
 8379937 8379937
 8379937 8381217
 8379937 8381202
 8379821 8379821
 8379821 8379821
 8379821 8381101
 8379821 8381105
 8380017 8380145
 8380017 8380145
 8380017 8381169
 8380017 8381067
 8379868 8379740
 8379868 8379740
 8379868 8381020
 8379868 8381003
 8379799 8379671
 8379799 8379671
 8379799 8381207
 8379799 8381236
 8379590 8379462
 8379590 8379462
 8379590 8381254
 8379590 8381307
 8379853 8379725
 8379853 8379725
 8379853 8381261
 8379853 8381243
 8380016 8380016
 8380016 8380016
 8380016 8381296
 8380016 8381292
 8379885 8379757
 8379885 8379757
 8379885 8381293
 8379885 8381311
 8379764 8379764
 8379764 8379764
 8379764 8381300
 8379764 8381276
 8379716 8379716
 8379716 8379716
 8379716 8381252
 8379716 8381273
 8379770 8379898
 8379770 8379898
 8379770 8381434
 8379770 8381361
 8379858 8379730
 8379858 8379730
 8379858 8381266
 8379858 8381259
 8379564 8379436
 8379564 8379436
 8379564 8381228
 8379564 8381189
 8379750 8379750
 8379750 8379750
 8379750 8381286
 8379750 8381256
 8379654 8379654
 8379654 8379654
 8379654 8381190
 8379654 8381197
 8379600 8379472
 8379600 8379472
 8379600 8381264
 8379600 8381255
 8379672 8379800
 8379672 8379800
 8379672 8381336
 8379672 8381354
 8379819 8379819
 8379819 8379819
 8379819 8381355
 8379819 8381369
 8379655 8379655
 8379655 8379655
 8379655 8381191
 8379655 8381238
 8379806 8379806
 8379806 8379806
 8379806 8381598
 8379806 8381579
 8379535 8379535
 8379535 8379535
 8379535 8381583
 8379535 8381588
 8379609 8379609
 8379609 8379609
 8379609 8381401
 8379609 8381312
 8379651 8379779
 8379651 8379779
 8379651 8381315
 8379651 8381363
 8379780 8379652
 8379780 8379652
 8379780 8381188
 8379780 8381279
 8379862 8379862
 8379862 8379862
 8379862 8381398
 8379862 8381334
 8379822 8379694
 8379822 8379694
 8379822 8381230
 8379822 8381250
 8379797 8379797
 8379797 8379797
 8379797 8381333
 8379797 8381316
 8379845 8379845
 8379845 8379845
 8379845 8381381
 8379845 8381361
 8379693 8379821
 8379693 8379821
 8379693 8381357
 8379693 8381349
 8379601 8379473
 8379601 8379473
 8379601 8381265
 8379601 8381280
 8379662 8379790
 8379662 8379790
 8379662 8381326
 8379662 8381324
 8379878 8379750
 8379878 8379750
 8379878 8381286
 8379878 8381231
 8380022 8380150
 8380022 8380150
 8380022 8381430
 8380022 8381423
 8379800 8379800
 8379800 8379800
 8379800 8381336
 8379800 8381376
 8379773 8379901
 8379773 8379901
 8379773 8381437
 8379773 8381359
 8379742 8379742
 8379742 8379742
 8379742 8381278
 8379742 8381263
 8379743 8379743
 8379743 8379743
 8379743 8381279
 8379743 8381303
 8379831 8379831
 8379831 8379831
 8379831 8381367
 8379831 8381331
 8379804 8379676
 8379804 8379676
 8379804 8381212
 8379804 8381244
 8379632 8379632
 8379632 8379632
 8379632 8381424
 8379632 8381331
 8379538 8379538
 8379538 8379538
 8379538 8381330
 8379538 8381387
 8379844 8379844
 8379844 8379844
 8379844 8381380
 8379844 8381374
 8379671 8379671
 8379671 8379671
 8379671 8381207
 8379671 8381223
 8379705 8379833
 8379705 8379833
 8379705 8381369
 8379705 8381341
 8379607 8379479
 8379607 8379479
 8379607 8381271
 8379607 8381266
 8379772 8379900
 8379772 8379900
 8379772 8381436
 8379772 8381355
 8379981 8380109
 8379981 8380109
 8379981 8381133
 8379981 8381153
 8379750 8379750
 8379750 8379750
 8379750 8381286
 8379750 8381192
 8379435 8379435
 8379435 8379435
 8379435 8381227
 8379435 8381282
 8379502 8379502
 8379502 8379502
 8379502 8381294
 8379502 8381304
 8379782 8379782
 8379782 8379782
 8379782 8381062
 8379782 8381167
 8379767 8379767
 8379767 8379767
 8379767 8381303
 8379767 8381226
 8380065 8379937
 8380065 8379937
 8380065 8381217
 8380065 8381240
 8379881 8379753
 8379881 8379753
 8379881 8381289
 8379881 8381258
 8379889 8379761
 8379889 8379761
 8379889 8381297
 8379889 8381214
 8380046 8379918
 8380046 8379918
 8380046 8381198
 8380046 8381263
 8379868 8379868
 8379868 8379868
 8379868 8381404
 8379868 8381381
 8379775 8379903
 8379775 8379903
 8379775 8381439
 8379775 8381423
 8379663 8379663
 8379663 8379663
 8379663 8381199
 8379663 8381263
 8379614 8379486
 8379614 8379486
 8379614 8381278
 8379614 8381258
 8379763 8379763
 8379763 8379763
 8379763 8381299
 8379763 8381288
 8379755 8379883
 8379755 8379883
 8379755 8381419
 8379755 8381438
 8379746 8379746
 8379746 8379746
 8379746 8381282
 8379746 8381291
 8379795 8379667
 8379795 8379667
 8379795 8381203
 8379795 8381243
 8379897 8379897
 8379897 8379897
 8379897 8381433
 8379897 8381313
 8379907 8380035
 8379907 8380035
 8379907 8381315
 8379907 8381368
 8379889 8379889
 8379889 8379889
 8379889 8381425
 8379889 8381425
 8379903 8379903
 8379903 8379903
 8379903 8381439
 8379903 8381339
 8379898 8379770
 8379898 8379770
 8379898 8381306
 8379898 8381284
 8379949 8379949
 8379949 8379949
 8379949 8381229
 8379949 8381230
 8379606 8379606
 8379606 8379606
 8379606 8381142
 8379606 8381106
 8379776 8379776
 8379776 8379776
 8379776 8381056
 8379776 8381125
 8379784 8379784
 8379784 8379784
 8379784 8381064
 8379784 8381091
 8379845 8379717
 8379845 8379717
 8379845 8381253
 8379845 8381270
 8379819 8379691
 8379819 8379691
 8379819 8380971
 8379819 8381004
 8379716 8379716
 8379716 8379716
 8379716 8381252
 8379716 8381231
 8379604 8379476
 8379604 8379476
 8379604 8381268
 8379604 8381207
 8379752 8379880
 8379752 8379880
 8379752 8381416
 8379752 8381378
 8379681 8379809
 8379681 8379809
 8379681 8381345
 8379681 8381406
 8379883 8379883
 8379883 8379883
 8379883 8381419
 8379883 8381333
 8380141 8380013
 8380141 8380013
 8380141 8381293
 8380141 8381285
 8379866 8379738
 8379866 8379738
 8379866 8381274
 8379866 8381287
 8379859 8379859
 8379859 8379859
 8379859 8381139
 8379859 8381163
 8379778 8379650
 8379778 8379650
 8379778 8381186
 8379778 8381270
 8379718 8379846
 8379718 8379846
 8379718 8381382
 8379718 8381420
 8379617 8379489
 8379617 8379489
 8379617 8381537
 8379617 8381497
 8379771 8379899
 8379771 8379899
 8379771 8381435
 8379771 8381338
 8379688 8379816
 8379688 8379816
 8379688 8381352
 8379688 8381332
 8379861 8379733
 8379861 8379733
 8379861 8381525
 8379861 8381469
 8379980 8380108
 8379980 8380108
 8379980 8381388
 8379980 8381361
 8379774 8379774
 8379774 8379774
 8379774 8381310
 8379774 8381233
 8379723 8379723
 8379723 8379723
 8379723 8381259
 8379723 8381301
 8379587 8379459
 8379587 8379459
 8379587 8381251
 8379587 8381248
 8379642 8379514
 8379642 8379514
 8379642 8381306
 8379642 8381246
 8379712 8379840
 8379712 8379840
 8379712 8381376
 8379712 8381332
 8379834 8379834
 8379834 8379834
 8379834 8381370
 8379834 8381376
 8379663 8379791
 8379663 8379791
 8379663 8381327
 8379663 8381320
 8379824 8379824
 8379824 8379824
 8379824 8381104
 8379824 8381179
 8380004 8380132
 8380004 8380132
 8380004 8381156
 8380004 8381110
 8379929 8379929
 8379929 8379929
 8379929 8381209
 8379929 8381294
 8379949 8380077
 8379949 8380077
 8379949 8381357
 8379949 8381368
 8379664 8379664
 8379664 8379664
 8379664 8381200
 8379664 8381200
 8379905 8380033
 8379905 8380033
 8379905 8381313
 8379905 8381342
 8379745 8379873
 8379745 8379873
 8379745 8381409
 8379745 8381386
 8379828 8379700
 8379828 8379700
 8379828 8381236
 8379828 8381214
 8379707 8379835
 8379707 8379835
 8379707 8381371
 8379707 8381401
 8379796 8379796
 8379796 8379796
 8379796 8381332
 8379796 8381341
 8379603 8379475
 8379603 8379475
 8379603 8381267
 8379603 8381190
 8379553 8379553
 8379553 8379553
 8379553 8381345
 8379553 8381362
 8379774 8379774
 8379774 8379774
 8379774 8381310
 8379774 8381285
 8379928 8379928
 8379928 8379928
 8379928 8381208
 8379928 8381260
 8379692 8379692
 8379692 8379692
 8379692 8381228
 8379692 8381184
 8379816 8379816
 8379816 8379816
 8379816 8381352
 8379816 8381351
 8379698 8379698
 8379698 8379698
 8379698 8381490
 8379698 8381463
 8379871 8379871
 8379871 8379871
 8379871 8381151
 8379871 8381059
 8380097 8380097
 8380097 8380097
 8380097 8381121
 8380097 8381118
 8380007 8380007
 8380007 8380007
 8380007 8381287
 8380007 8381197
 8379819 8379691
 8379819 8379691
 8379819 8381227
 8379819 8381294
 8379751 8379751
 8379751 8379751
 8379751 8381287
 8379751 8381298
 8379817 8379817
 8379817 8379817
 8379817 8381353
 8379817 8381324
 8379808 8379680
 8379808 8379680
 8379808 8381216
 8379808 8381238
 8379892 8379892
 8379892 8379892
 8379892 8381172
 8379892 8381126
 8379790 8379790
 8379790 8379790
 8379790 8381070
 8379790 8381118
 8379780 8379780
 8379780 8379780
 8379780 8381060
 8379780 8381139
 8379906 8380034
 8379906 8380034
 8379906 8381058
 8379906 8381165
 8379900 8379900
 8379900 8379900
 8379900 8381436
 8379900 8381329
 8379830 8379702
 8379830 8379702
 8379830 8381238
 8379830 8381263
 8379550 8379422
 8379550 8379422
 8379550 8381214
 8379550 8381261
 8379710 8379838
 8379710 8379838
 8379710 8381374
 8379710 8381314
 8379976 8379976
 8379976 8379976
 8379976 8381256
 8379976 8381234
 8380080 8379952
 8380080 8379952
 8380080 8380976
 8380080 8380953
 8379890 8379762
 8379890 8379762
 8379890 8381298
 8379890 8381193
 8379866 8379738
 8379866 8379738
 8379866 8381274
 8379866 8381191
 8379776 8379648
 8379776 8379648
 8379776 8381184
 8379776 8381289
 8379570 8379570
 8379570 8379570
 8379570 8381362
 8379570 8381407
 8379424 8379552
 8379424 8379552
 8379424 8381344
 8379424 8381398
 8379612 8379484
 8379612 8379484
 8379612 8381276
 8379612 8381272
 8379640 8379640
 8379640 8379640
 8379640 8381432
 8379640 8381381
 8379629 8379501
 8379629 8379501
 8379629 8381293
 8379629 8381261
 8379862 8379734
 8379862 8379734
 8379862 8381270
 8379862 8381238
 8379886 8379886
 8379886 8379886
 8379886 8381166
 8379886 8381096
 8379672 8379800
 8379672 8379800
 8379672 8381336
 8379672 8381357
 8379830 8379702
 8379830 8379702
 8379830 8381238
 8379830 8381273
 8380001 8380129
 8380001 8380129
 8380001 8381153
 8380001 8381083
 8380033 8380033
 8380033 8380033
 8380033 8381569
 8380033 8381600
 8379881 8379753
 8379881 8379753
 8379881 8381801
 8379881 8381729
 8379802 8379802
 8379802 8379802
 8379802 8381338
 8379802 8381436
 8379861 8379733
 8379861 8379733
 8379861 8381269
 8379861 8381253
 8379794 8379666
 8379794 8379666
 8379794 8381202
 8379794 8381253
 8379875 8379875
 8379875 8379875
 8379875 8381155
 8379875 8381180
 8379861 8379861
 8379861 8379861
 8379861 8381141
 8379861 8381087
 8379667 8379667
 8379667 8379667
 8379667 8381203
 8379667 8381241
 8379560 8379560
 8379560 8379560
 8379560 8381096
 8379560 8381066
 8379633 8379633
 8379633 8379633
 8379633 8381169
 8379633 8381130
 8379810 8379810
 8379810 8379810
 8379810 8381090
 8379810 8381166
 8379834 8379706
 8379834 8379706
 8379834 8381242
 8379834 8381234
 8379715 8379715
 8379715 8379715
 8379715 8381251
 8379715 8381290
 8379768 8379768
 8379768 8379768
 8379768 8381304
 8379768 8381249
 8379642 8379514
 8379642 8379514
 8379642 8381306
 8379642 8381239
 8379672 8379672
 8379672 8379672
 8379672 8381208
 8379672 8381203
 8379800 8379672
 8379800 8379672
 8379800 8381208
 8379800 8381310
 8379723 8379851
 8379723 8379851
 8379723 8381131
 8379723 8381135
 8379934 8379934
 8379934 8379934
 8379934 8381214
 8379934 8381208
 8379972 8380100
 8379972 8380100
 8379972 8381380
 8379972 8381401
 8379775 8379775
 8379775 8379775
 8379775 8381567
 8379775 8381441
 8379763 8379763
 8379763 8379763
 8379763 8381299
 8379763 8381269
 8379668 8379668
 8379668 8379668
 8379668 8381204
 8379668 8381308
 8379495 8379495
 8379495 8379495
 8379495 8381287
 8379495 8381304
 8379583 8379583
 8379583 8379583
 8379583 8381375
 8379583 8381423
 8379707 8379707
 8379707 8379707
 8379707 8381243
 8379707 8381311
 8379732 8379732
 8379732 8379732
 8379732 8381268
 8379732 8381252
 8379745 8379745
 8379745 8379745
 8379745 8381537
 8379745 8381478
 8379773 8379773
 8379773 8379773
 8379773 8381309
 8379773 8381290
 8379861 8379733
 8379861 8379733
 8379861 8381269
 8379861 8381212
 8379652 8379652
 8379652 8379652
 8379652 8380932
 8379652 8381035
 8379656 8379656
 8379656 8379656
 8379656 8380936
 8379656 8381000
 8379581 8379581
 8379581 8379581
 8379581 8381117
 8379581 8381078
 8379608 8379480
 8379608 8379480
 8379608 8381016
 8379608 8381000
 8379797 8379797
 8379797 8379797
 8379797 8381077
 8379797 8381178
 8379733 8379733
 8379733 8379733
 8379733 8381269
 8379733 8381253
 8379722 8379850
 8379722 8379850
 8379722 8381130
 8379722 8381170
 8379847 8379847
 8379847 8379847
 8379847 8381127
 8379847 8381147
 8379942 8380070
 8379942 8380070
 8379942 8381094
 8379942 8381153
 8379837 8379709
 8379837 8379709
 8379837 8381245
 8379837 8381288
 8379772 8379772
 8379772 8379772
 8379772 8381308
 8379772 8381269
 8379736 8379736
 8379736 8379736
 8379736 8381272
 8379736 8381308
 8379968 8380096
 8379968 8380096
 8379968 8381376
 8379968 8381339
 8379876 8379748
 8379876 8379748
 8379876 8381284
 8379876 8381241
 8379833 8379833
 8379833 8379833
 8379833 8381113
 8379833 8381163
 8379848 8379848
 8379848 8379848
 8379848 8381128
 8379848 8381178
 8379872 8379872
 8379872 8379872
 8379872 8381408
 8379872 8381360
 8379784 8379656
 8379784 8379656
 8379784 8381192
 8379784 8381237
 8379649 8379649
 8379649 8379649
 8379649 8381185
 8379649 8381234
 8379693 8379821
 8379693 8379821
 8379693 8381101
 8379693 8381177
 8379762 8379762
 8379762 8379762
 8379762 8381298
 8379762 8381220
 8379748 8379748
 8379748 8379748
 8379748 8381284
 8379748 8381239
 8379844 8379844
 8379844 8379844
 8379844 8381380
 8379844 8381421
 8379793 8379793
 8379793 8379793
 8379793 8381329
 8379793 8381435
 8379695 8379695
 8379695 8379695
 8379695 8381231
 8379695 8381208
 8379987 8379987
 8379987 8379987
 8379987 8381267
 8379987 8381200
 8379795 8379795
 8379795 8379795
 8379795 8381331
 8379795 8381314
 8379798 8379670
 8379798 8379670
 8379798 8380950
 8379798 8381053
 8379931 8380059
 8379931 8380059
 8379931 8381083
 8379931 8381072
 8379784 8379656
 8379784 8379656
 8379784 8381192
 8379784 8381309
 8379869 8379869
 8379869 8379869
 8379869 8381405
 8379869 8381372
 8379777 8379649
 8379777 8379649
 8379777 8381185
 8379777 8381240
 8379757 8379757
 8379757 8379757
 8379757 8381293
 8379757 8381202
 8379783 8379783
 8379783 8379783
 8379783 8381063
 8379783 8381183
 8379684 8379684
 8379684 8379684
 8379684 8381220
 8379684 8381191
 8379719 8379847
 8379719 8379847
 8379719 8381383
 8379719 8381350
 8379910 8380038
 8379910 8380038
 8379910 8381318
 8379910 8381374
 8379897 8379897
 8379897 8379897
 8379897 8381177
 8379897 8381180
 8379921 8380049
 8379921 8380049
 8379921 8381073
 8379921 8381183
 8379706 8379706
 8379706 8379706
 8379706 8381242
 8379706 8381271
 8379789 8379789
 8379789 8379789
 8379789 8381325
 8379789 8381316
 8379702 8379830
 8379702 8379830
 8379702 8381366
 8379702 8381373
 8379808 8379680
 8379808 8379680
 8379808 8381216
 8379808 8381214
 8379719 8379719
 8379719 8379719
 8379719 8381255
 8379719 8381220
 8379575 8379575
 8379575 8379575
 8379575 8381367
 8379575 8381375
 8379665 8379793
 8379665 8379793
 8379665 8381329
 8379665 8381351
 8379752 8379752
 8379752 8379752
 8379752 8381288
 8379752 8381301
 8379846 8379846
 8379846 8379846
 8379846 8381126
 8379846 8381177
 8379501 8379629
 8379501 8379629
 8379501 8381165
 8379501 8381126
 8379518 8379646
 8379518 8379646
 8379518 8381182
 8379518 8381132
 8379535 8379407
 8379535 8379407
 8379535 8381199
 8379535 8381240
 8379764 8379892
 8379764 8379892
 8379764 8381428
 8379764 8381386
 8379838 8379838
 8379838 8379838
 8379838 8381374
 8379838 8381431
 8379771 8379899
 8379771 8379899
 8379771 8381435
 8379771 8381413
 8379854 8379854
 8379854 8379854
 8379854 8381390
 8379854 8381439
 8379782 8379654
 8379782 8379654
 8379782 8381190
 8379782 8381216
 8379656 8379656
 8379656 8379656
 8379656 8381192
 8379656 8381260
 8379720 8379720
 8379720 8379720
 8379720 8381256
 8379720 8381302
 8379820 8379692
 8379820 8379692
 8379820 8381228
 8379820 8381267
 8379690 8379818
 8379690 8379818
 8379690 8381354
 8379690 8381366
 8379589 8379589
 8379589 8379589
 8379589 8381381
 8379589 8381328
 8379403 8379403
 8379403 8379403
 8379403 8381195
 8379403 8381269
 8379681 8379809
 8379681 8379809
 8379681 8381345
 8379681 8381421
 8379780 8379652
 8379780 8379652
 8379780 8381188
 8379780 8381289
 8379697 8379825
 8379697 8379825
 8379697 8381361
 8379697 8381328
 8379774 8379774
 8379774 8379774
 8379774 8381310
 8379774 8381270
 8379747 8379747
 8379747 8379747
 8379747 8381283
 8379747 8381293
 8379841 8379713
 8379841 8379713
 8379841 8380993
 8379841 8381016
 8379788 8379788
 8379788 8379788
 8379788 8381068
 8379788 8381099
 8379859 8379731
 8379859 8379731
 8379859 8381267
 8379859 8381235
 8379824 8379824
 8379824 8379824
 8379824 8381360
 8379824 8381429
 8379766 8379766
 8379766 8379766
 8379766 8381302
 8379766 8381286
 8379872 8379744
 8379872 8379744
 8379872 8381280
 8379872 8381241
 8379980 8380108
 8379980 8380108
 8379980 8381388
 8379980 8381360
 8379835 8379707
 8379835 8379707
 8379835 8381499
 8379835 8381474
 8379710 8379838
 8379710 8379838
 8379710 8381374
 8379710 8381413
 8379579 8379451
 8379579 8379451
 8379579 8381243
 8379579 8381240
 8379826 8379826
 8379826 8379826
 8379826 8381362
 8379826 8381411
 8379747 8379875
 8379747 8379875
 8379747 8381411
 8379747 8381430
 8379563 8379563
 8379563 8379563
 8379563 8381355
 8379563 8381395
 8379780 8379652
 8379780 8379652
 8379780 8381188
 8379780 8381200
 8379829 8379701
 8379829 8379701
 8379829 8381237
 8379829 8381210
 8379959 8379959
 8379959 8379959
 8379959 8381239
 8379959 8381304
 8380034 8380034
 8380034 8380034
 8380034 8381314
 8380034 8381438
 8379993 8380121
 8379993 8380121
 8379993 8381401
 8379993 8381414
 8380005 8380133
 8380005 8380133
 8380005 8381413
 8380005 8381366
 8379820 8379692
 8379820 8379692
 8379820 8381228
 8379820 8381184
 8379564 8379564
 8379564 8379564
 8379564 8381100
 8379564 8381160
 8379544 8379416
 8379544 8379416
 8379544 8381208
 8379544 8381248
 8379685 8379813
 8379685 8379813
 8379685 8381093
 8379685 8381059
 8379738 8379738
 8379738 8379738
 8379738 8381274
 8379738 8381305
 8379697 8379697
 8379697 8379697
 8379697 8381489
 8379697 8381484
 8379833 8379833
 8379833 8379833
 8379833 8381369
 8379833 8381312
 8379690 8379818
 8379690 8379818
 8379690 8381354
 8379690 8381362
 8379670 8379798
 8379670 8379798
 8379670 8381078
 8379670 8381062
 8379672 8379672
 8379672 8379672
 8379672 8381208
 8379672 8381203
 8379502 8379502
 8379502 8379502
 8379502 8381294
 8379502 8381205
 8379608 8379608
 8379608 8379608
 8379608 8381400
 8379608 8381428
 8379672 8379800
 8379672 8379800
 8379672 8381336
 8379672 8381371
 8379760 8379888
 8379760 8379888
 8379760 8381424
 8379760 8381412
 8379485 8379485
 8379485 8379485
 8379485 8381277
 8379485 8381268
 8379599 8379599
 8379599 8379599
 8379599 8381135
 8379599 8381164
 8379650 8379650
 8379650 8379650
 8379650 8381186
 8379650 8381184
 8379845 8379717
 8379845 8379717
 8379845 8381509
 8379845 8381445
 8379754 8379754
 8379754 8379754
 8379754 8381290
 8379754 8381229
 8379671 8379799
 8379671 8379799
 8379671 8381079
 8379671 8381182
 8379596 8379468
 8379596 8379468
 8379596 8381260
 8379596 8381274
 8379721 8379721
 8379721 8379721
 8379721 8381257
 8379721 8381189
 8379719 8379847
 8379719 8379847
 8379719 8381383
 8379719 8381397
 8379772 8379900
 8379772 8379900
 8379772 8381436
 8379772 8381321
 8379972 8380100
 8379972 8380100
 8379972 8381380
 8379972 8381373
 8380030 8380158
 8380030 8380158
 8380030 8381438
 8380030 8381338
 8379941 8379941
 8379941 8379941
 8379941 8381221
 8379941 8381246
 8379936 8380064
 8379936 8380064
 8379936 8381344
 8379936 8381378
 8379783 8379655
 8379783 8379655
 8379783 8381447
 8379783 8381459
 8379673 8379673
 8379673 8379673
 8379673 8381209
 8379673 8381270
 8379627 8379499
 8379627 8379499
 8379627 8381291
 8379627 8381187
 8379812 8379684
 8379812 8379684
 8379812 8381220
 8379812 8381193
 8379714 8379714
 8379714 8379714
 8379714 8381250
 8379714 8381239
 8379820 8379692
 8379820 8379692
 8379820 8381228
 8379820 8381242
 8379866 8379866
 8379866 8379866
 8379866 8381402
 8379866 8381345
 8379733 8379861
 8379733 8379861
 8379733 8381397
 8379733 8381379
 8379632 8379632
 8379632 8379632
 8379632 8381424
 8379632 8381345
 8379693 8379821
 8379693 8379821
 8379693 8381357
 8379693 8381344
 8379615 8379487
 8379615 8379487
 8379615 8381279
 8379615 8381229
 8379680 8379680
 8379680 8379680
 8379680 8381216
 8379680 8381240
 8379896 8379768
 8379896 8379768
 8379896 8381304
 8379896 8381228
 8379875 8379875
 8379875 8379875
 8379875 8381411
 8379875 8381414
 8379660 8379660
 8379660 8379660
 8379660 8381452
 8379660 8381519
 8379601 8379473
 8379601 8379473
 8379601 8381265
 8379601 8381265
 8379824 8379696
 8379824 8379696
 8379824 8381232
 8379824 8381253
 8379763 8379763
 8379763 8379763
 8379763 8381299
 8379763 8381202
 8380064 8380064
 8380064 8380064
 8380064 8381088
 8380064 8381178
 8379758 8379886
 8379758 8379886
 8379758 8381422
 8379758 8381325
 8379774 8379774
 8379774 8379774
 8379774 8381310
 8379774 8381214
 8379815 8379815
 8379815 8379815
 8379815 8381351
 8379815 8381415
 8379928 8379928
 8379928 8379928
 8379928 8381464
 8379928 8381501
 8379865 8379737
 8379865 8379737
 8379865 8381273
 8379865 8381237
 8380020 8380020
 8380020 8380020
 8380020 8381300
 8380020 8381249
 8380002 8380002
 8380002 8380002
 8380002 8381282
 8380002 8381260
 8379926 8380054
 8379926 8380054
 8379926 8381334
 8379926 8381407
 8379852 8379852
 8379852 8379852
 8379852 8381388
 8379852 8381391
 8379857 8379729
 8379857 8379729
 8379857 8381265
 8379857 8381293
 8379883 8379883
 8379883 8379883
 8379883 8381163
 8379883 8381183
 8379824 8379824
 8379824 8379824
 8379824 8381104
 8379824 8381106
 8379914 8380042
 8379914 8380042
 8379914 8381066
 8379914 8381131
 8379937 8379937
 8379937 8379937
 8379937 8381217
 8379937 8381297
 8380069 8379941
 8380069 8379941
 8380069 8381221
 8380069 8381252
 8379851 8379851
 8379851 8379851
 8379851 8381387
 8379851 8381317
 8379800 8379800
 8379800 8379800
 8379800 8381080
 8379800 8381098
 8379752 8379880
 8379752 8379880
 8379752 8381160
 8379752 8381176
 8379757 8379757
 8379757 8379757
 8379757 8381293
 8379757 8381275
 8379627 8379499
 8379627 8379499
 8379627 8381291
 8379627 8381300
 8379732 8379860
 8379732 8379860
 8379732 8381396
 8379732 8381327
 8379874 8379746
 8379874 8379746
 8379874 8381282
 8379874 8381307
 8379786 8379658
 8379786 8379658
 8379786 8381194
 8379786 8381238
 8379765 8379765
 8379765 8379765
 8379765 8381301
 8379765 8381271
 8379900 8379772
 8379900 8379772
 8379900 8381308
 8379900 8381199
 8379847 8379719
 8379847 8379719
 8379847 8381255
 8379847 8381276
 8379674 8379674
 8379674 8379674
 8379674 8381466
 8379674 8381448
 8379827 8379699
 8379827 8379699
 8379827 8381235
 8379827 8381295
 8379778 8379650
 8379778 8379650
 8379778 8381186
 8379778 8381193
 8379849 8379849
 8379849 8379849
 8379849 8381385
 8379849 8381382
 8379776 8379776
 8379776 8379776
 8379776 8381312
 8379776 8381399
 8379628 8379628
 8379628 8379628
 8379628 8381420
 8379628 8381395
 8379603 8379475
 8379603 8379475
 8379603 8381523
 8379603 8381530
 8379811 8379683
 8379811 8379683
 8379811 8381219
 8379811 8381224
 8379713 8379713
 8379713 8379713
 8379713 8381249
 8379713 8381219
 8379750 8379878
 8379750 8379878
 8379750 8381158
 8379750 8381172
 8379753 8379753
 8379753 8379753
 8379753 8381289
 8379753 8381197
 8379623 8379495
 8379623 8379495
 8379623 8381287
 8379623 8381205
 8379673 8379801
 8379673 8379801
 8379673 8381593
 8379673 8381625
 8379856 8379728
 8379856 8379728
 8379856 8381520
 8379856 8381496
 8380129 8380001
 8380129 8380001
 8380129 8381281
 8380129 8381310
 8379817 8379817
 8379817 8379817
 8379817 8381353
 8379817 8381416
 8379836 8379708
 8379836 8379708
 8379836 8381244
 8379836 8381236
 8379699 8379827
 8379699 8379827
 8379699 8381363
 8379699 8381365
 8379713 8379841
 8379713 8379841
 8379713 8381377
 8379713 8381365
 8379757 8379757
 8379757 8379757
 8379757 8381293
 8379757 8381236
 8379889 8379889
 8379889 8379889
 8379889 8381169
 8379889 8381133
 8379780 8379652
 8379780 8379652
 8379780 8381188
 8379780 8381271
 8379960 8380088
 8379960 8380088
 8379960 8381112
 8379960 8381165
 8379653 8379653
 8379653 8379653
 8379653 8381189
 8379653 8381262
 8379819 8379819
 8379819 8379819
 8379819 8381355
 8379819 8381389
 8379895 8379895
 8379895 8379895
 8379895 8381431
 8379895 8381327
 8379703 8379831
 8379703 8379831
 8379703 8381111
 8379703 8381114
 8379976 8379976
 8379976 8379976
 8379976 8381256
 8379976 8381200
 8379761 8379761
 8379761 8379761
 8379761 8381297
 8379761 8381234
 8379743 8379871
 8379743 8379871
 8379743 8381407
 8379743 8381361
 8379688 8379688
 8379688 8379688
 8379688 8381224
 8379688 8381219
 8379903 8379903
 8379903 8379903
 8379903 8381439
 8379903 8381366
 8379772 8379900
 8379772 8379900
 8379772 8381436
 8379772 8381347
 8379828 8379700
 8379828 8379700
 8379828 8381492
 8379828 8381488
 8379790 8379662
 8379790 8379662
 8379790 8381198
 8379790 8381210
 8379720 8379848
 8379720 8379848
 8379720 8381128
 8379720 8381170
 8380069 8379941
 8380069 8379941
 8380069 8381221
 8380069 8381252
 8379910 8379910
 8379910 8379910
 8379910 8381190
 8379910 8381245
 8379738 8379866
 8379738 8379866
 8379738 8381146
 8379738 8381132
 8379526 8379526
 8379526 8379526
 8379526 8381318
 8379526 8381411
 8379697 8379825
 8379697 8379825
 8379697 8381361
 8379697 8381385
 8379768 8379768
 8379768 8379768
 8379768 8381304
 8379768 8381234
 8379784 8379656
 8379784 8379656
 8379784 8381192
 8379784 8381193
 8379783 8379655
 8379783 8379655
 8379783 8381191
 8379783 8381232
 8379763 8379891
 8379763 8379891
 8379763 8381171
 8379763 8381140
 8379774 8379774
 8379774 8379774
 8379774 8381310
 8379774 8381205
 8379720 8379720
 8379720 8379720
 8379720 8381256
 8379720 8381191
 8379683 8379683
 8379683 8379683
 8379683 8381219
 8379683 8381238
 8379766 8379894
 8379766 8379894
 8379766 8381174
 8379766 8381162
 8379582 8379454
 8379582 8379454
 8379582 8381246
 8379582 8381292
 8379933 8380061
 8379933 8380061
 8379933 8381341
 8379933 8381409
 8379748 8379748
 8379748 8379748
 8379748 8381284
 8379748 8381305
 8379647 8379647
 8379647 8379647
 8379647 8381439
 8379647 8381344
 8379869 8379741
 8379869 8379741
 8379869 8381277
 8379869 8381206
 8379884 8379756
 8379884 8379756
 8379884 8381292
 8379884 8381267
 8379761 8379889
 8379761 8379889
 8379761 8381425
 8379761 8381426
 8379773 8379901
 8379773 8379901
 8379773 8381437
 8379773 8381354
 8379802 8379674
 8379802 8379674
 8379802 8381466
 8379802 8381475
 8379786 8379786
 8379786 8379786
 8379786 8381322
 8379786 8381427
 8379417 8379545
 8379417 8379545
 8379417 8381337
 8379417 8381334
 8379577 8379577
 8379577 8379577
 8379577 8381369
 8379577 8381378
 8379601 8379601
 8379601 8379601
 8379601 8381393
 8379601 8381330
 8379864 8379864
 8379864 8379864
 8379864 8381144
 8379864 8381158
 8379923 8379923
 8379923 8379923
 8379923 8381203
 8379923 8381191
 8379916 8379916
 8379916 8379916
 8379916 8380940
 8379916 8381051
 8379864 8379864
 8379864 8379864
 8379864 8381400
 8379864 8381347
 8379772 8379900
 8379772 8379900
 8379772 8381436
 8379772 8381326
 8379699 8379827
 8379699 8379827
 8379699 8381363
 8379699 8381369
