 108 131308
 224 156652
 224 156652
 224 156665
 224 162912
 172 162920
 172 164012
 172 168876
 172 168884
 -14 174761
 -14 174834
 -14 196463
 -14 196463
 -145 180847
 -145 180775
 -145 180775
 -145 180847
 7 180847
 7 180775
 7 164013
 7 164013
 45 186887
 45 186887
 45 186999
 45 192941
 51 192951
 51 192951
 51 196755
 51 196787
 19 198824
 19 198835
 19 203923
 19 203928
 -83 210605
 -83 210605
 -83 210605
 -83 210627
 14 210627
 14 210605
 14 210627
 14 223118
 106 223127
 106 223127
 106 229482
 106 247119
 189 247146
 189 247146
 189 262205
 189 281899
 344 281917
 344 281917
 344 295384
 344 315352
 65 315389
 65 315389
 65 327873
 65 343233
 368 343266
 368 343266
 368 360651
 368 360944
 75 362372
 75 362372
 75 360651
 75 360651
 4 370564
 4 370626
 4 370626
 4 370564
 -24 370564
 -24 370649
 -24 370649
 -24 363112
 -6 363071
 -6 363071
 -6 360362
 -6 360314
 -86 348794
 -86 348794
 -86 348766
 -86 333036
 -13 332970
 -13 327539
 -13 318067
 -13 317976
 162 303996
 162 303906
 162 294946
 162 289302
 22 289302
 22 289302
 22 289302
 22 289289
 -240 289289
 -240 289302
 -240 289289
 -240 262499
 -250 262416
 -250 262416
 -250 229254
 -250 224429
 -107 224390
 -107 224390
 -107 196373
 -107 188209
 -87 188181
 -87 163753
 -87 153784
 -87 153769
 15 119196
 15 119183
 15 98447
 15 91467
 75 91467
 75 91467
 75 91467
 75 91419
 -152 91419
 -152 91467
 -152 98152
 -152 98152
 -66 74600
 -66 74514
 -66 74184
 -66 74184
 29 74184
 29 74184
 29 87709
 29 87724
 -45 103623
 -45 103623
 -45 103623
 -45 103635
 1 103635
 1 103623
 1 98433
 1 98433
 172 117377
 172 117377
 172 117464
 172 129031
 218 129068
 218 129068
 218 131162
 218 131320
 120 138532
 120 138532
 120 131320
 120 131320
 10 147654
 10 147704
 10 156170
 10 156189
 -82 163374
 -82 163410
 -82 163630
 -82 169825
 -159 169825
 -159 169825
 -159 169825
 -159 169842
 12 169842
 12 169842
 12 176012
 12 176028
 -106 182166
 -106 182264
 -106 196454
 -106 196454
 -26 188262
 -26 188212
 -26 188212
 -26 188262
 54 188262
 54 188262
 54 194209
 54 194230
 -195 200125
 -195 200164
 -195 229309
 -195 229309
 -6 206074
 -6 206074
 -6 229349
 -6 229349
 -27 211429
 -27 211334
 -27 211334
 -27 211429
 51 211429
 51 211334
 51 211334
 51 217779
 112 217841
 112 217841
 112 229488
 112 229552
 48 229744
 48 229744
 48 229751
 48 252585
 84 252592
 84 262228
 84 287059
 84 287060
 -64 320704
 -64 320718
 -64 327616
 -64 349141
 -171 349077
 -171 349077
 -171 349141
 -171 360405
 378 360405
 378 349141
 378 360551
 378 360954
 103 368878
 103 368878
 103 360608
 103 360608
 160 377447
 160 377447
 160 360741
 160 360741
 293 370469
 293 370469
 293 360741
 293 356792
 184 356792
 184 356774
 184 328067
 184 328067
 259 340611
 259 340652
 259 340611
 259 328067
 -208 328067
 -208 340611
 -208 327600
 -208 327499
 -181 325296
 -181 325290
 -181 311371
 -181 311312
 186 297274
 186 297236
 186 294970
 186 271454
 94 271454
 94 271369
 94 262238
 94 234041
 57 234041
 57 234015
 57 229433
 57 197781
 149 197816
 149 197781
 149 196757
 149 163094
 22 163145
 22 163145
 22 163094
 22 131094
 -295 131094
 -295 163094
 -295 130877
 -295 130649
 -195 128345
 -195 128340
 -195 99697
 -195 99645
 240 81776
 240 81773
 240 65685
 240 65685
 149 80533
 149 80533
 149 65685
 149 65685
 179 80533
 179 80533
 179 80550
 179 93235
 146 93290
 146 93290
 146 98358
 146 98450
 54 109202
 54 109202
 54 109266
 54 123430
 246 123446
 246 131190
 246 134774
 246 134777
 -7 144150
 -7 144249
 -7 163705
 -7 163705
 -122 153236
 -122 153222
 -122 153222
 -122 153236
 48 153236
 48 153222
 48 153236
 48 161712
 10 161718
 10 161718
 10 163850
 10 164033
 65 168970
 65 168970
 65 164033
 65 164033
 173 175553
 173 175554
 173 181677
 173 181692
 -192 187922
 -192 187968
 -192 196416
 -192 196416
 -55 194377
 -55 194366
 -55 194377
 -55 196425
 108 196425
 108 194377
 108 196844
 108 196913
 305 200642
 305 200642
 305 196980
 305 196980
 372 206641
 372 206641
 372 196980
 372 196980
 187 212286
 187 212286
 187 196725
 187 196725
 117 217907
 117 217907
 117 217907
 117 224354
 102 224373
 102 224373
 102 229575
 102 229606
 199 235746
 199 235746
 199 235746
 199 257735
 314 257790
 314 257790
 314 262458
 314 291898
 288 291952
 288 291952
 288 295200
 288 325664
 291 325744
 291 325744
 291 328099
 291 354211
 125 354272
 125 354272
 125 360565
 125 360701
 117 374503
 117 374503
 117 360581
 117 360581
 133 384098
 133 384098
 133 360581
 133 360581
 26 377626
 26 377675
 26 377675
 26 377626
 -26 377626
 -26 377626
 -26 363878
 -26 363800
 81 347985
 81 347953
 81 327934
 81 327934
 126 333004
 126 333004
 126 327934
 126 319006
 286 319039
 286 319006
 286 295198
 286 295198
 255 304944
 255 304944
 255 295039
 255 280461
 141 280461
 141 280457
 141 262285
 141 243377
 177 243377
 177 243377
 177 243352
 177 229553
 -15 229553
 -15 243352
 -15 229361
 -15 206833
 -61 206816
 -61 196547
 -61 172227
 -61 172219
 65 137068
 65 137025
 65 131137
 65 107834
 58 107835
 58 107834
 58 98362
 58 89169
 81 89169
 81 89115
 81 65784
 81 65784
 248 86480
 248 86480
 248 86480
 248 86480
 229 86520
 229 86520
 229 98309
 229 98533
 5 99020
 5 99045
 5 115205
 5 115223
 -94 129698
 -94 129698
 -94 129705
 -94 130978
 77 130978
 77 129705
 77 131149
 77 131230
 30 141326
 30 141389
 30 150686
 30 150714
 -62 159897
 -62 159897
 -62 159938
 -62 163778
 361 163778
 361 159938
 361 164005
 361 164329
 165 168336
 165 168336
 165 164005
 165 164005
 137 175269
 137 175269
 137 163977
 137 163977
 137 181897
 137 181897
 137 164055
 137 164055
 87 188297
 87 188297
 87 188342
 87 194519
 196 194546
 196 194546
 196 196754
 196 196804
 146 200599
 146 200599
 146 196754
 146 196754
 241 206994
 241 206994
 241 196721
 241 196721
 208 213310
 208 213361
 208 218960
 208 218983
 -69 224443
 -69 224488
 -69 229307
 -69 230892
 -148 230892
 -148 230892
 -148 230892
 -148 230907
 54 230907
 54 230892
 54 230907
 54 241679
 20 241718
 20 262164
 20 262676
 20 262724
 -29 296338
 -29 296419
 -29 327651
 -29 330955
 -53 330955
 -53 330955
 -53 330955
 -53 330964
 144 330964
 144 330955
 144 330964
 144 360080
 95 360190
 95 360543
 95 381272
 95 381279
 -143 391687
 -143 391687
 -143 391687
 -143 391793
 125 391793
 125 391687
 125 360615
 125 360615
 167 386182
 167 386182
 167 360615
 167 360615
 70 372294
 70 372294
 70 360518
 70 356138
 170 356189
 170 356189
 170 356189
 170 356138
 -10 356138
 -10 356189
 -10 356189
 -10 341238
 -79 341128
 -79 327601
 -79 327131
 -79 327089
 89 313049
 89 313049
 89 312997
 89 295129
 -61 295129
 -61 312997
 -61 294723
 -61 289612
 -120 289603
 -120 289603
 -120 261896
 -120 252997
 -158 252936
 -158 229346
 -158 216054
 -158 216034
 27 181439
 27 181439
 27 181403
 27 163995
 -207 163995
 -207 163761
 -207 146130
 -207 146097
 29 116637
 29 116633
 29 98461
 29 97273
 121 97273
 121 97273
 121 97273
 121 97203
 -89 97203
 -89 97203
 -89 97203
 -89 98215
 127 98215
 127 93095
 127 98431
 127 98581
 405 104969
 405 104969
 405 104969
 405 120853
 169 120887
 169 120887
 169 131241
 169 131248
 176 135337
 176 135337
 176 131259
 176 131259
 59 147089
 59 147089
 59 147089
 59 157115
 139 157135
 139 157135
 139 163851
 139 163972
 4 166155
 4 166184
 4 174724
 4 174834
 -145 182188
 -145 182188
 -145 182188
 -145 182255
 211 182255
 211 182188
 211 164117
 211 164117
 277 188755
 277 188755
 277 188776
 277 195349
 220 195350
 220 195350
 220 196685
 220 196700
 205 201495
 205 201495
 205 196785
 205 196785
 49 207663
 49 207663
 49 196785
 49 196785
 38 213681
 38 213681
 38 196798
 38 196798
 62 219911
 62 219942
 62 225698
 62 225726
 -17 231121
 -17 231121
 -17 231121
 -17 231151
 134 231151
 134 231121
 134 229590
 134 229590
 86 236934
 86 236934
 86 236983
 86 247510
 328 247541
 328 247541
 328 262600
 328 267720
 292 267756
 292 267756
 292 295332
 292 300678
 148 300708
 148 300708
 148 327700
 148 335124
 48 335129
 48 360496
 48 364848
 48 364916
 -162 386693
 -162 386693
 -162 386782
 -162 393182
 101 393182
 101 386782
 101 393260
 101 393445
 44 397475
 44 397541
 44 399404
 44 399404
 -108 399404
 -108 399445
 -108 399445
 -108 393586
 -227 393492
 -227 393492
 -227 393121
 -227 392989
 -95 380505
 -95 380505
 -95 380505
 -95 364510
 -24 364449
 -24 360424
 -24 349160
 -24 349128
 98 335074
 98 335074
 98 335017
 98 327906
 -5 327906
 -5 335017
 -5 327675
 -5 327566
 -242 321275
 -242 321275
 -242 321229
 -242 298901
 -232 298894
 -232 298894
 -232 294808
 -232 262316
 -93 262296
 -93 262296
 -93 229155
 -93 225315
 -20 225315
 -20 225315
 -20 196588
 -20 190700
 -99 190655
 -99 190655
 -99 163741
 -99 155831
 -211 155805
 -211 155805
 -211 130861
 -211 130843
 -101 125741
 -101 125741
 -101 130843
 -101 130843
 -12 105801
 -12 105755
 -12 100596
 -12 100596
 112 100596
 112 100596
 112 111413
 112 111472
 -43 127636
 -43 127636
 -43 127701
 -43 131029
 70 131029
 70 127701
 70 131264
 70 131270
 192 142245
 192 142245
 192 142245
 192 154048
 123 154063
 123 154063
 123 164011
 123 164066
 226 164091
 226 164066
 226 164011
 226 164066
 231 173264
 231 173264
 231 163998
 231 163998
 158 182076
 158 182076
 158 164076
 158 164076
 108 189598
 108 189678
 108 195969
 108 196076
 -262 202429
 -262 202490
 -262 228973
 -262 228973
 -275 208493
 -275 208493
 -275 228973
 -275 228973
 -92 214509
 -92 214436
 -92 214436
 -92 214509
 46 214509
 46 214509
 46 220718
 46 220748
 -52 226892
 -52 226907
 -52 229196
 -52 232593
 -111 232593
 -111 232593
 -111 232593
 -111 232602
 17 232602
 17 232593
 17 229544
 17 229544
 40 237969
 40 237973
 40 243880
 40 243953
 -117 253835
 -117 253835
 -117 253868
 -117 262027
 86 262027
 86 253868
 86 262358
 86 272821
 29 272854
 29 272854
 29 295069
 29 305309
 134 305321
 134 305321
 134 327686
 134 339718
 269 339751
 269 339751
 269 360525
 269 360717
 77 369933
 77 369935
 77 392523
 77 392525
 -115 404109
 -115 404138
 -115 425742
 -115 425742
 -114 406310
 -114 406310
 -114 425742
 -114 425742
 -47 406310
 -47 406310
 -47 406310
 -47 400849
 -16 400779
 -16 393200
 -16 387824
 -16 387810
 7 371783
 7 371719
 7 360455
 7 356286
 190 356286
 190 356237
 190 327870
 190 327870
 62 342206
 62 342268
 62 342268
 62 342206
 -52 342206
 -52 342268
 -52 342268
 -52 328652
 -328 328594
 -328 328594
 -328 327224
 -328 306762
 -271 306744
 -271 294641
 -271 271345
 -271 271270
 31 234220
 31 234143
 31 229535
 31 199729
 49 199782
 49 199782
 49 199729
 49 196657
 -97 196657
 -97 196511
 -97 164767
 -97 164745
 127 133631
 127 133631
 127 133631
 127 131327
 -108 131327
 -108 130964
 -108 112365
 -108 112276
 211 105811
 211 105770
 211 98394
 211 98394
 90 105770
 90 105811
 90 116004
 90 116058
 -30 132319
 -30 132319
 -30 132319
 -30 132322
 61 132322
 61 132319
 61 131261
 61 131261
 146 147348
 146 147348
 146 147348
 146 159378
 39 159402
 39 164007
 39 169127
 39 169174
 -87 178473
 -87 178478
 -87 196393
 -87 196393
 -105 187287
 -105 187287
 -105 196400
 -105 196400
 -80 194908
 -80 194908
 -80 196400
 -80 201591
 -265 201574
 -265 201574
 -265 201574
 -265 201591
 11 201591
 11 201574
 11 196775
 11 196775
 39 208005
 39 208005
 39 196775
 39 196775
 83 214183
 83 214183
 83 196691
 83 196691
 177 220243
 177 220268
 177 226353
 177 226430
 -63 232459
 -63 232513
 -63 261944
 -63 261944
 -72 238174
 -72 238136
 -72 238136
 -72 238174
 88 238174
 88 238136
 88 229615
 88 229615
 239 243768
 239 243768
 239 229615
 239 229615
 212 249514
 212 249514
 212 249514
 212 259018
 118 259028
 118 259028
 118 262262
 118 277366
 46 277367
 46 277367
 46 295086
 46 309377
 202 309422
 202 309422
 202 327882
 202 344456
 71 344522
 71 360519
 71 374830
 71 374855
 -41 398086
 -41 398167
 -41 425815
 -41 425815
 -112 410301
 -112 410256
 -112 410256
 -112 410301
 149 410301
 149 410256
 149 393317
 149 393317
 101 407816
 101 407909
 101 407909
 101 407816
 -153 407816
 -153 407909
 -153 407816
 -153 394727
 -118 394727
 -118 394727
 -118 393062
 -118 392970
 -26 378974
 -26 378974
 -26 378974
 -26 363622
 -195 363560
 -195 360381
 -195 349373
 -195 349312
 41 335821
 41 335821
 41 335785
 41 327849
 -196 327849
 -196 327484
 -196 315196
 -196 315192
 74 279754
 74 279754
 74 279749
 74 262346
 -132 262346
 -132 279749
 -132 262012
 -132 242300
 -194 242249
 -194 229310
 -194 207550
 -194 207526
 109 172397
 109 172375
 109 163949
 109 140963
 35 140963
 35 140958
 35 131235
 35 118597
 69 118651
 69 118597
 69 98559
 69 98559
 127 110820
 127 110820
 127 98559
 127 98559
 35 110820
 35 110820
 35 110820
 35 120355
 282 120389
 282 120389
 282 131159
 282 131482
 215 136346
 215 136393
 215 151619
 215 151639
 -172 163924
 -172 163925
 -172 196436
 -172 196436
 -153 173927
 -153 173920
 -153 173920
 -153 173927
 92 173927
 92 173920
 92 164004
 92 164004
 36 183338
 36 183338
 36 183338
 36 191908
 93 191921
 93 191921
 93 196614
 93 196829
 134 199320
 134 199320
 134 196776
 134 196776
 168 205830
 168 205943
 168 212392
 168 212436
 -28 218468
 -28 218480
 -28 229220
 -28 229220
 -176 224464
 -176 224451
 -176 224464
 -176 229328
 67 229328
 67 224464
 67 229443
 67 229478
 102 230723
 102 230723
 102 229478
 102 229478
 230 236878
 230 236878
 230 229480
 230 229480
 104 242515
 104 242515
 104 229480
 104 229480
 24 247912
 24 247912
 24 247928
 24 253464
 107 253495
 107 262251
 107 262720
 107 262763
 -180 280495
 -180 280495
 -180 280524
 -180 294860
 59 294860
 59 280524
 59 295099
 59 311941
 325 311995
 325 311995
 325 328005
 325 347166
 177 347205
 177 347205
 177 360497
 177 377874
 158 377905
 158 377905
 158 393364
 158 393374
 20 401566
 20 401566
 20 393364
 20 393364
 130 414612
 130 414612
 130 393238
 130 393238
 22 412950
 22 412950
 22 393238
 22 393238
 140 400652
 140 400652
 140 393228
 140 384793
 281 384793
 281 384776
 281 360729
 281 360729
 172 369196
 172 369196
 172 360492
 172 354871
 55 354902
 55 354871
 55 327857
 55 327857
 177 341169
 177 341219
 177 341169
 177 327857
 -170 327857
 -170 327510
 -170 321392
 -170 321366
 129 286936
 129 286849
 129 262273
 129 248968
 8 248990
 8 248990
 8 248968
 8 229512
 -95 229512
 -95 229153
 -95 214310
 -95 214305
 186 179391
 186 179386
 186 164026
 186 147436
 364 147436
 364 147382
 364 131564
 364 124764
 220 124764
 220 124696
 220 98454
 220 98454
 150 115345
 150 115350
 150 115350
 150 115350
 -183 123943
 -183 123977
 -183 130889
 -183 139968
 -192 139911
 -192 139911
 -192 139911
 -192 139968
 190 139968
 190 139911
 190 139911
 190 155427
 267 155454
 267 155454
 267 164107
 267 164331
 363 167947
 363 167947
 363 164348
 363 164348
 380 177897
 380 177897
 380 164348
 380 164348
 216 187113
 216 187132
 216 196148
 216 196184
 -278 203708
 -278 203754
 -278 229098
 -278 229098
 -102 210724
 -102 210714
 -102 210714
 -102 210724
 29 210724
 29 210724
 29 217117
 29 217211
 -66 223120
 -66 223120
 -66 223120
 -66 223166
 231 223166
 231 223120
 231 223120
 231 229053
 182 229095
 182 229430
 182 235062
 182 235066
 -35 241245
 -35 241247
 -35 261981
 -35 261981
 -30 246899
 -30 246899
 -30 261911
 -30 261911
 -105 251999
 -105 251999
 -105 261911
 -105 261911
 -72 257464
 -72 257464
 -72 262072
 -72 266619
 -5 266524
 -5 266524
 -5 266524
 -5 266619
 181 266619
 181 266524
 181 266524
 181 283317
 26 283390
 26 283390
 26 295066
 26 313754
 96 313757
 96 313757
 96 327776
 96 349238
 243 349280
 243 349280
 243 360691
 243 380403
 214 380412
 214 393430
 214 404921
 214 404950
 -19 418824
 -19 418824
 -19 418824
 -19 418925
 37 418925
 37 418824
 37 393467
 37 393467
 123 418555
 123 418555
 123 393467
 123 393467
 105 406842
 105 406842
 105 393321
 105 390617
 217 390654
 217 390654
 217 390654
 217 390617
 -46 390617
 -46 390617
 -46 374610
 -46 374544
 125 360317
 125 360317
 125 360317
 125 360237
 -69 360237
 -69 360317
 -69 360237
 -69 346600
 -46 346555
 -46 327523
 -46 327506
 -46 327506
 121 293753
 121 293664
 121 262265
 121 255777
 161 255849
 161 255777
 161 229409
 161 220894
 222 220894
 222 220894
 222 220883
 222 196830
 -2 196830
 -2 220883
 -2 196606
 -2 185598
 -370 185481
 -370 185481
 -370 163470
 -370 152974
 -268 152960
 -268 152960
 -268 130942
 -268 130676
 -2 129652
 -2 129610
 -2 119422
 -2 119422
 189 119422
 189 119349
 189 119349
 189 126909
 356 126972
 356 126972
 356 131410
 356 131556
 338 142751
 338 142751
 338 142751
 338 157774
 318 157778
 318 157778
 318 164058
 318 164286
 90 170174
 90 170223
 90 180698
 90 180730
 -9 190071
 -9 190071
 -9 190079
 -9 196471
 165 196471
 165 190079
 165 196645
 165 196821
 85 198949
 85 198949
 85 196821
 85 196821
 190 206498
 190 206498
 190 196846
 190 196846
 110 212926
 110 212947
 110 219374
 110 219391
 -235 225685
 -235 225748
 -235 229269
 -235 231565
 -115 231565
 -115 231611
 -115 261909
 -115 261909
 -107 237845
 -107 237845
 -107 261909
 -107 261909
 -253 244198
 -253 244099
 -253 244099
 -253 244198
 42 244198
 42 244198
 42 249770
 42 249853
 -37 255268
 -37 255323
 -37 261947
 -37 261947
 -197 260667
 -197 260667
 -197 261947
 -197 269071
 -113 269071
 -113 269071
 -113 269071
 -113 269088
 11 269088
 11 269088
 11 285323
 11 285403
 -31 315047
 -31 315047
 -31 315105
 -31 327649
 49 327649
 49 315105
 49 327729
 49 350257
 64 350266
 64 360640
 64 381632
 64 381657
 -91 406565
 -91 406565
 -91 406565
 -91 406655
 96 406655
 96 406565
 96 393440
 96 393440
 220 421071
 220 421088
 220 425052
 220 425052
 -96 425052
 -96 425052
 -96 421536
 -96 421511
 11 409977
 11 409977
 11 409977
 11 409867
 -38 409867
 -38 409867
 -38 394330
 -38 394292
 24 378650
 24 378648
 24 360690
 24 360690
 242 363915
 242 363915
 242 360690
 242 350480
 144 350492
 144 350480
 144 327784
 144 327784
 104 331880
 104 331880
 104 327784
 104 298903
 151 298913
 151 298913
 151 298903
 151 295063
 -169 295063
 -169 298903
 -169 261975
 -169 260951
 -340 260898
 -340 260898
 -340 229036
 -340 225747
 -309 225708
 -309 196171
 -309 190576
 -309 190539
 51 157491
 51 157476
 51 131123
 51 131123
 36 133394
 36 133394
 36 131108
 36 122020
 36 122020
 36 122018
 36 98468
 36 98468
 50 122018
 50 122020
 50 128306
 50 128329
 -92 143652
 -92 143667
 -92 163620
 -92 163620
 -118 159465
 -118 159465
 -118 163722
 -118 172225
 -63 172221
 -63 172225
 -63 196457
 -63 196457
 -23 182633
 -23 182610
 -23 182610
 -23 182633
 178 182633
 178 182633
 178 191761
 178 191794
 -6 200497
 -6 200497
 -6 200497
 -6 200570
 39 200570
 39 200570
 39 208167
 39 208220
 -5 215084
 -5 215163
 -5 229197
 -5 229197
 -179 221521
 -179 221521
 -179 229197
 -179 229197
 -169 227567
 -169 227567
 -169 229335
 -169 233652
 -76 233652
 -76 233652
 -76 233652
 -76 233655
 80 233655
 80 233652
 80 229584
 80 229584
 188 239824
 188 239855
 188 246076
 188 246102
 -72 251829
 -72 251832
 -72 262054
 -72 262054
 -90 257231
 -90 257231
 -90 262054
 -90 262653
 -3 262610
 -3 262653
 -3 294773
 -3 294773
 -11 270709
 -11 270654
 -11 270654
 -11 270709
 207 270709
 207 270654
 207 270654
 207 286113
 112 286159
 112 286159
 112 295152
 112 314761
 166 314864
 166 314864
 166 327846
 166 350343
 131 350374
 131 360451
 131 381699
 131 381770
 -114 407054
 -114 407109
 -114 425742
 -114 425742
 -19 422509
 -19 422509
 -19 425837
 -19 427290
 -102 427290
 -102 427348
 -102 427348
 -102 427348
 -6 427290
 -6 427290
 -6 425850
 -6 425812
 -44 424058
 -44 424058
 -44 425812
 -44 425812
 -34 412756
 -34 412756
 -34 412728
 -34 396894
 -36 396872
 -36 393180
 -36 381174
 -36 381148
 29 366709
 29 366709
 29 366621
 29 360477
 -56 360477
 -56 366621
 -56 360412
 -56 360392
 -36 352968
 -36 352968
 -36 352903
 -36 335068
 -100 335051
 -100 335051
 -100 327452
 -100 302935
 -15 302876
 -15 294769
 -15 264831
 -15 264817
 36 229817
 36 229796
 36 229540
 36 194890
 74 194890
 74 194852
 74 163914
 74 161625
 89 161649
 89 161625
 89 131271
 89 131271
 71 136903
 71 136925
 71 136903
 71 131271
 -137 131271
 -137 131063
 -137 124407
 -137 124407
 7 124407
 7 124337
 7 124337
 7 129927
 193 130000
 193 130000
 193 131137
 193 131355
 283 145469
 283 145469
 283 145469
 283 161294
 89 161307
 89 161307
 89 163877
 89 163929
 165 174087
 165 174087
 165 163910
 165 163910
 70 184594
 70 184613
 70 193802
 70 193862
 -203 202375
 -203 202421
 -203 229223
 -203 229223
 -25 210279
 -25 210279
 -25 229223
 -25 229223
 -96 216785
 -96 216736
 -96 216736
 -96 216785
 33 216785
 33 216736
 33 216785
 33 223127
 261 223137
 261 223137
 261 229381
 261 229457
 227 229475
 227 229457
 227 229475
 227 229589
 85 235549
 85 235549
 85 229589
 85 229589
 106 241830
 106 241877
 106 248084
 106 248170
 -210 253742
 -210 253775
 -210 261934
 -210 261934
 -20 259308
 -20 259203
 -20 259308
 -20 262124
 285 262124
 285 259308
 285 262429
 285 262537
 265 264463
 265 264463
 265 262537
 265 262537
 172 272009
 172 272014
 172 286252
 172 286321
 -5 314210
 -5 314210
 -5 314235
 -5 327547
 46 327547
 46 314235
 46 327854
 46 349864
 124 349870
 124 349870
 124 360572
 124 381984
 14 382076
 14 382076
 14 393230
 14 393481
 265 408078
 265 408078
 265 408161
 265 423945
 322 423967
 322 423967
 322 426026
 322 426434
 170 427050
 170 427050
 170 426026
 170 416375
 119 416375
 119 416375
 119 416375
 119 416349
 -82 416349
 -82 416349
 -82 400558
 -82 400545
 27 384585
 27 384539
 27 360549
 27 360549
 101 369758
 101 369758
 101 360549
 101 356217
 121 356217
 121 356108
 121 327911
 121 327911
 231 338879
 231 338919
 231 338879
 231 327911
 -40 327911
 -40 327512
 -40 307800
 -40 307758
 32 269600
 32 269600
 32 269586
 32 262176
 -5 262176
 -5 269586
 -5 262011
 -5 233851
 -162 233812
 -162 233812
 -162 229214
 -162 198753
 -72 198750
 -72 196536
 -72 165627
 -72 165560
 134 140427
 134 140422
 134 131206
 134 126975
 127 126975
 127 126952
 127 126952
 127 126952
 82 126975
 82 126975
 82 131088
 82 131154
 144 131410
 144 131410
 144 131311
 144 131311
 111 146436
 111 146448
 111 162220
 111 162287
 -45 175414
 -45 175443
 -45 196435
 -45 196435
 -87 186025
 -87 186025
 -87 196481
 -87 196481
 -127 195509
 -127 195457
 -127 195509
 -127 196481
 54 196481
 54 195509
 54 196662
 54 196763
 155 204598
 155 204599
 155 212379
 155 212446
 -35 219101
 -35 219101
 -35 219101
 -35 219103
 2 219103
 2 219101
 2 219103
 2 225410
 290 225504
 290 225504
 290 229666
 290 229680
 304 231458
 304 231458
 304 229680
 304 229680
 271 237104
 271 237104
 271 229647
 271 229647
 258 243215
 258 243215
 258 229644
 258 229644
 268 249602
 268 249602
 268 229689
 268 229689
 313 255500
 313 255604
 313 260896
 313 260921
 -117 265867
 -117 265867
 -117 265867
 -117 265920
 51 265920
 51 265867
 51 262323
 51 262323
 146 273331
 146 273387
 146 287378
 146 287401
 -61 314435
 -61 314435
 -61 314456
 -61 327491
 144 327491
 144 314456
 144 327824
 144 349840
 249 349897
 249 349897
 249 360697
 249 382341
 284 382457
 284 382457
 284 393628
 284 393696
 352 408732
 352 408732
 352 408780
 352 425137
 61 425184
 61 425184
 61 426057
 61 426173
 73 429385
 73 429385
 73 426057
 73 419017
 201 419049
 201 419017
 201 393417
 201 393417
 56 403256
 56 403256
 56 393272
 56 387539
 211 387539
 211 387459
 211 360659
 211 360659
 9 372873
 9 372873
 9 360585
 9 359470
 174 359470
 174 359453
 174 327911
 174 327911
 231 342936
 231 343015
 231 342936
 231 327911
 -40 327911
 -40 342936
 -40 327640
 -40 312792
 -7 312749
 -7 312749
 -7 294777
 -7 274809
 -76 274694
 -76 274694
 -76 262068
 -76 239077
 -37 239028
 -37 239028
 -37 229339
 -37 203995
 -17 203947
 -17 203947
 -17 196591
 -17 169967
 -219 169925
 -219 169925
 -219 163621
 -219 143909
 -47 143892
 -47 130897
 -47 130897
 -47 130897
 55 130897
 55 131127
 55 133431
 55 133452
 -40 148405
 -40 148440
 -40 163800
 -40 164346
 -134 164324
 -134 164346
 -134 196389
 -134 196389
 -91 177507
 -91 177445
 -91 177445
 -91 177507
 216 177507
 216 177445
 216 177507
 216 188227
 164 188248
 164 196772
 164 197540
 164 197562
 -147 206414
 -147 206445
 -147 229229
 -147 229229
 -145 214255
 -145 214255
 -145 229169
 -145 229169
 -207 220977
 -207 220939
 -207 220939
 -207 220977
 36 220977
 36 220939
 36 220939
 36 227078
 94 227108
 94 227108
 94 229459
 94 229598
 211 233358
 211 233358
 211 229817
 211 229817
 313 239153
 313 239153
 313 229817
 313 229817
 31 245433
 31 245451
 31 251904
 31 251935
 -70 257978
 -70 257982
 -70 262074
 -70 263551
 -1 263434
 -1 263434
 -1 263434
 -1 263551
 163 263551
 163 263434
 163 262317
 163 262317
 45 268579
 45 268639
 45 275595
 45 275629
 -49 289040
 -49 289040
 -49 289103
 -49 294735
 171 294735
 171 289103
 171 295083
 171 315024
 156 315051
 156 327836
 156 350620
 156 350673
 -158 383451
 -158 383458
 -158 393186
 -158 410228
 -140 410114
 -140 410228
 -140 425844
 -140 427504
 -16 427483
 -16 427483
 -16 427483
 -16 427504
 87 427504
 87 427504
 87 434647
 87 434647
 -15 434647
 -15 434682
 -15 434682
 -15 432881
 -72 432845
 -72 425912
 -72 422840
 -72 422813
 240 407408
 240 407362
 240 393328
 240 391651
 99 391658
 99 391651
 99 360675
 99 360675
 35 376611
 35 376611
 35 360543
 35 360543
 95 362815
 95 362847
 95 362815
 95 360543
 -23 360543
 -23 360425
 -23 347113
 -23 347092
 41 317993
 41 317988
 41 294953
 41 279847
 39 279933
 39 279933
 39 279847
 39 262183
 -241 262183
 -241 279847
 -241 261903
 -241 244082
 -83 243983
 -83 243983
 -83 229293
 -83 209114
 -75 209069
 -75 209069
 -75 196405
 -75 174901
 -85 174891
 -85 163755
 -85 148423
 -85 148395
 152 133048
 152 133016
 152 131289
 152 131289
 89 133016
 89 133016
 89 131349
 89 131349
 277 135073
 277 135073
 277 135073
 277 149781
 48 149866
 48 163888
 48 166166
 48 166192
 -92 179610
 -92 179610
 -92 179610
 -92 179620
 42 179620
 42 179620
 42 190504
 42 190506
 -4 199789
 -4 199789
 -4 199789
 -4 199804
 129 199804
 129 199789
 129 196737
 129 196737
 85 208513
 85 208513
 85 196832
 85 196832
 96 216394
 96 216405
 96 223392
 96 223456
 -90 229797
 -90 229798
 -90 261746
 -90 261746
 -270 235890
 -270 235890
 -270 261746
 -270 261746
 -64 242112
 -64 242091
 -64 242091
 -64 242112
 43 242112
 43 242091
 43 229547
 43 229547
 131 248214
 131 248214
 131 229507
 131 229507
 47 254083
 47 254083
 47 254189
 47 260143
 164 260223
 164 260223
 164 262308
 164 262405
 261 265865
 261 265865
 261 262405
 261 262405
 143 270853
 143 270967
 143 277644
 143 277647
 -70 290486
 -70 290486
 -70 290490
 -70 294842
 21 294842
 21 290490
 21 295061
 21 315797
 16 315863
 16 315863
 16 327696
 16 351504
 154 351558
 154 351558
 154 360474
 154 384538
 270 384616
 270 384616
 270 393486
 270 411662
 223 411701
 223 411701
 223 426079
 223 426230
 118 429915
 118 429919
 118 436940
 118 436940
 -69 436940
 -69 436982
 -69 436940
 -69 435259
 -62 435228
 -62 425966
 -62 425922
 -62 425922
 44 411099
 44 411052
 44 393388
 44 393388
 134 394886
 134 394886
 134 393350
 134 379279
 143 379281
 143 379281
 143 379281
 143 379279
 -9 379279
 -9 379279
 -9 365303
 -9 365293
 149 349817
 149 349717
 149 327701
 149 321822
 286 321822
 286 321822
 286 321813
 286 295198
 -35 295198
 -35 321813
 -35 294749
 -35 283741
 -159 283706
 -159 261985
 -159 247905
 -159 247843
 171 213163
 171 213141
 171 196779
 171 178936
 248 178936
 248 178827
 248 164088
 248 150932
 20 150962
 20 150932
 20 131253
 20 131253
 181 134830
 181 134837
 181 134837
 181 134837
 -83 136365
 -83 136365
 -83 136365
 -83 136380
 215 136380
 215 136365
 215 136380
 215 150613
 101 150615
 101 150615
 101 163941
 101 164011
 43 166417
 43 166417
 43 164011
 43 164011
 190 179883
 190 179883
 190 179920
 190 190526
 107 190534
 107 190534
 107 196673
 107 196715
 65 199476
 65 199476
 65 196673
 65 196673
 48 208449
 48 208449
 48 196790
 48 196790
 54 216624
 54 216624
 54 216683
 54 223414
 31 223473
 31 229535
 31 229791
 31 229809
 -122 236294
 -122 236294
 -122 236294
 -122 236399
 38 236399
 38 236294
 38 229542
 38 229542
 88 242321
 88 242321
 88 229570
 88 229570
 66 248150
 66 248150
 66 229570
 66 229570
 132 254611
 132 254658
 132 260868
 132 260877
 -72 267035
 -72 267064
 -72 294712
 -72 294712
 -49 272719
 -49 272719
 -49 294711
 -49 294711
 -73 279375
 -73 279375
 -73 294711
 -73 294711
 -73 291383
 -73 291382
 -73 291383
 -73 294711
 109 294711
 109 291383
 109 295149
 109 315577
 204 315629
 204 315629
 204 327756
 204 350744
 185 350796
 185 350796
 185 360633
 185 384175
 137 384185
 137 393353
 137 411785
 137 411798
 -33 430303
 -33 430303
 -33 430303
 -33 430313
 139 430313
 139 430313
 139 438027
 139 438027
 -1 438027
 -1 438027
 -1 437759
 -1 437756
 115 429043
 115 428939
 115 426227
 115 414405
 197 414405
 197 414365
 197 393413
 197 393413
 111 398938
 111 398938
 111 393327
 111 383917
 301 383917
 301 383872
 301 360877
 301 360877
 232 369893
 232 369893
 232 360680
 232 354572
 140 354604
 140 354604
 140 354572
 140 327692
 -2 327692
 -2 354572
 -2 327550
 -2 327550
 -179 327430
 -179 294733
 -179 289357
 -179 289287
 72 253128
 72 253064
 72 229576
 72 217734
 6 217848
 6 217848
 6 217734
 6 196742
 -75 196742
 -75 196533
 -75 182453
 -75 182412
 163 153379
 163 153350
 163 131107
 163 131107
 25 136193
 25 136193
 25 131179
 25 131179
 235 136193
 235 136193
 235 131462
 235 131462
 262 137261
 262 137261
 262 137261
 262 151430
 50 151445
 50 151445
 50 164018
 50 164022
 182 167346
 182 167421
 182 181174
 182 181225
 -40 192144
 -40 192144
 -40 192216
 -40 196568
 197 196568
 197 196805
 197 201157
 197 201208
 -23 210179
 -23 210281
 -23 229225
 -23 229225
 -136 218616
 -136 218554
 -136 218554
 -136 218616
 51 218616
 51 218554
 51 218554
 51 225843
 263 225860
 263 225860
 263 229631
 263 229767
 127 232327
 127 232327
 127 229631
 127 229631
 158 238548
 158 238548
 158 229534
 158 229534
 196 244638
 196 244638
 196 229620
 196 229620
 116 250930
 116 250930
 116 250930
 116 257676
 125 257780
 125 262397
 125 263600
 125 263677
 -25 268825
 -25 268825
 -25 268825
 -25 268903
 33 268903
 33 268825
 33 262305
 33 262305
 131 274337
 131 274337
 131 262596
 131 262596
 452 280323
 452 280323
 452 280339
 452 292036
 390 292049
 390 292049
 390 295174
 390 315654
 118 315741
 118 315741
 118 327926
 118 350617
 0 350710
 0 360576
 0 384128
 0 384193
 -18 412394
 -18 412394
 -18 412398
 -18 425966
 2 425966
 2 412398
 2 425986
 2 426187
 203 431618
 203 431618
 203 426187
 203 426187
 46 440267
 46 440284
 46 440494
 46 440494
 -22 440494
 -22 440501
 -22 440501
 -22 432746
 -17 432707
 -17 432707
 -17 425967
 -17 425938
 -174 418543
 -174 418453
 -174 402386
 -174 402314
 90 387034
 90 386980
 90 360666
 90 360666
 43 372779
 43 372779
 43 360491
 43 358254
 110 358254
 110 358182
 110 327845
 110 327845
 165 332453
 165 332453
 165 327845
 165 294945
 161 294965
 161 294945
 161 294945
 161 258203
 155 258208
 155 258208
 155 258203
 155 229531
 -64 229531
 -64 258203
 -64 229184
 -64 222819
 -13 222784
 -13 196467
 -13 187507
 -13 187455
 58 158533
 58 158522
 58 131130
 58 131130
 15 140559
 15 140559
 15 131320
 15 131320
 120 139683
 120 139683
 120 131320
 120 131320
 95 139683
 95 139683
 95 139683
 95 152792
 71 152799
 71 163911
 71 168775
 71 168827
 -14 182884
 -14 182898
 -14 196408
 -14 196408
 -72 194104
 -72 194061
 -72 194104
 -72 196408
 16 196408
 16 194104
 16 196624
 16 197049
 441 203280
 441 203280
 441 197049
 441 197049
 278 212153
 278 212153
 278 196886
 278 196886
 235 220950
 235 220979
 235 228331
 235 228336
 -12 234688
 -12 234688
 -12 234688
 -12 234740
 18 234740
 18 234688
 18 229394
 18 229394
 134 241170
 134 241170
 134 229437
 134 229437
 61 247302
 61 247306
 61 252975
 61 252989
 -32 258912
 -32 258941
 -32 261984
 -32 264975
 -241 264975
 -241 264975
 -241 264975
 -241 265051
 80 265051
 80 264975
 80 262352
 80 262352
 99 270983
 99 271056
 99 276737
 99 276835
 -142 282866
 -142 282866
 -142 282866
 -142 282877
 156 282877
 156 282866
 156 282877
 156 294044
 133 294051
 133 294051
 133 294917
 133 316165
 70 316212
 70 316212
 70 327878
 70 350383
 292 350406
 292 350406
 292 360740
 292 384536
 281 384548
 281 393625
 281 413081
 281 413175
 -37 433490
 -37 433499
 -37 458342
 -37 458342
 -282 443006
 -282 443006
 -282 458342
 -282 458342
 -122 443624
 -122 443526
 -122 443526
 -122 443526
 69 436038
 69 436037
 69 426053
 69 421550
 46 421621
 46 421550
 46 393629
 46 393629
 285 405661
 285 405661
 285 393629
 285 390425
 409 390512
 409 390425
 409 360729
 409 360729
 219 376155
 219 376155
 219 360672
 219 360672
 224 361366
 224 361366
 224 360672
 224 336312
 184 336312
 184 336312
 184 336306
 184 327864
 -214 327864
 -214 336306
 -214 327466
 -214 299060
 -129 299050
 -129 299050
 -129 294783
 -129 262271
 -265 262231
 -265 229111
 -265 227319
 -265 227280
 75 191824
 75 191819
 75 163915
 75 161951
 159 161995
 159 161951
 159 131231
 159 131231
 16 142864
 16 142864
 16 131217
 16 131217
 17 140689
 17 140779
 17 140779
 17 140779
 -126 153346
 -126 153382
 -126 163586
 -126 169587
 -13 169515
 -13 169515
 -13 169515
 -13 169587
 11 169587
 11 169515
 11 163979
 11 163979
 219 183435
 219 183435
 219 183534
 219 194907
 182 194916
 182 196790
 182 204214
 182 204241
 -143 213180
 -143 213180
 -143 213180
 -143 213233
 95 213233
 95 213180
 95 213180
 95 221872
 157 221919
 157 229405
 157 229405
 157 229480
 -22 235964
 -22 236010
 -22 262042
 -22 262042
 -230 242116
 -230 242116
 -230 261897
 -230 261897
 -119 248345
 -119 248329
 -119 248329
 -119 248345
 202 248345
 202 248329
 202 229578
 202 229578
 145 254146
 145 254146
 145 254146
 145 260241
 163 260320
 163 260320
 163 262292
 163 262307
 148 266659
 148 266659
 148 262489
 148 262489
 345 272788
 345 272788
 345 262489
 345 262489
 128 277792
 128 277849
 128 283392
 128 283494
 -169 294231
 -169 294231
 -169 294248
 -169 294743
 82 294743
 82 294248
 82 294994
 82 315421
 260 315474
 260 315474
 260 327940
 260 349700
 70 349702
 70 360646
 70 384454
 70 384458
 -49 413498
 -49 413498
 -49 413519
 -49 425807
 53 425807
 53 413519
 53 426022
 53 426037
 38 434485
 38 434485
 38 426199
 38 426199
 87 444454
 87 444454
 87 426199
 87 426199
 45 438406
 45 438445
 45 438406
 45 426157
 -7 426157
 -7 425977
 -7 424441
 -7 424409
 218 408410
 218 408325
 218 393306
 218 392706
 386 392720
 386 392720
 386 392720
 386 392706
 -73 392706
 -73 392720
 -73 393143
 -73 393143
 -60 378295
 -60 378287
 -60 363980
 -60 363972
 126 339966
 126 339937
 126 327934
 126 302851
 131 302893
 131 302893
 131 302851
 131 294915
 -4 294915
 -4 302851
 -4 294780
 -4 265852
 -251 265751
 -251 265751
 -251 261893
 -251 230507
 -33 230405
 -33 230405
 -33 196447
 -33 196442
 -38 194655
 -38 194603
 -38 164200
 -38 164186
 27 144411
 27 144405
 27 131099
 27 131099
 144 140816
 144 140816
 144 131291
 144 131291
 219 140816
 219 140816
 219 140911
 219 152988
 365 153051
 365 153051
 365 164333
 365 164338
 498 168685
 498 168685
 498 164338
 498 164338
 319 182961
 319 182961
 319 182961
 319 194612
 419 194623
 419 194623
 419 196899
 419 197294
 558 204067
 558 204067
 558 197294
 558 197294
 642 213131
 642 213131
 642 213131
 642 221826
 477 221844
 477 221844
 477 229636
 477 229680
 388 229725
 388 229680
 388 229680
 388 229992
 616 236292
 616 236292
 616 230042
 616 230042
 538 242532
 538 242532
 538 230042
 538 230042
 726 248218
 726 248218
 726 230162
 726 230162
 914 254270
 914 254270
 914 254270
 914 260626
 787 260688
 787 260688
 787 263041
 787 263059
 769 266643
 769 266643
 769 263083
 769 263083
 811 272257
 811 272257
 811 263124
 811 263124
 980 277675
 980 277675
 980 263298
 980 263298
 1154 283604
 1154 283604
 1154 283620
 1154 293762
 970 293787
 970 293787
 970 295754
 970 313930
 1023 313967
 1023 313967
 1023 328703
 1023 347572
 1193 347647
 1193 347647
 1193 361513
 1193 382505
 1371 382529
 1371 382529
 1371 394587
 1371 411995
 1423 412015
 1423 412015
 1423 427407
 1423 427582
 1726 433807
 1726 433807
 1726 428004
 1726 428004
 1892 444734
 1892 444734
 1892 428031
 1892 428031
 2047 439509
 2047 439509
 2047 428031
 2047 427872
 2016 427872
 2016 426080
 2016 425994
 2016 409844
 2036 409844
 2036 409772
 2036 395378
 2036 395252
 2162 395252
 2162 394098
 2162 393999
 2162 379716
 2500 379716
 2500 379694
 2500 363447
 2500 363447
 2871 365239
 2871 365239
 2871 363447
 2871 342442
 2986 342442
 2986 342403
 2986 330666
 2986 305869
 3021 305869
 3021 305855
 3021 297933
 3021 268116
 3156 268118
 3156 268116
 3156 265300
 3156 232875
 3371 232875
 3371 232695
 3371 232619
 3371 200369
 3633 200369
 3633 197073
 3633 197041
 3633 167851
 4011 167851
 4011 166090
 4011 166059
 4011 145545
 4489 145545
 4489 145543
 4489 135665
 4489 135665
 4593 140430
 4593 140430
 4593 136185
 4593 136185
 5113 140430
 5113 140430
 5113 140430
 5113 151748
 5210 151801
 5210 151801
 5210 167558
 5210 167642
 5606 169178
 5606 167642
 5606 169446
 5606 169808
 6096 181970
 6096 181970
 6096 181970
 6096 193549
 6524 193616
 6524 193616
 6524 203132
 6524 203321
 7089 203388
 7089 203388
 7089 203697
 7089 204011
 7403 212401
 7403 212401
 7403 204394
 7403 204394
 7786 221067
 7786 221067
 7786 221067
 7786 228714
 8228 228724
 8228 228724
 8228 235172
 8228 235262
 8948 237732
 8948 235262
 8948 238324
 8948 238972
 9596 241646
 9596 241646
 9596 239638
 9596 239638
 10262 247817
 10262 247817
 10262 240257
 10262 240257
 10881 253462
 10881 253462
 10881 253561
 10881 259713
 11792 259742
 11792 259742
 11792 266256
 11792 266275
 12464 272176
 12464 266275
 12464 272176
 12464 272192
 13074 274480
 13074 272192
 13074 275218
 13074 276164
 14020 277522
 14020 277522
 14020 276813
 14020 276813
 14797 282820
 14797 282820
 14797 282831
 14797 292393
 15854 292429
 15854 292429
 15854 310638
 15854 311865
 16829 311918
 16829 311918
 16829 344381
 16829 344842
 18107 344893
 18107 344893
 18107 378427
 18107 379938
 19322 379963
 19322 379963
 19322 409722
 19322 409722
 20469 412538
 20469 409722
 20469 431901
 20469 431989
 21404 443410
 21404 431989
 21404 443410
 21404 443420
 22641 445213
 22641 443420
 22641 445213
 22641 445213
 24095 445213
 24095 439071
 24095 439047
 24095 425766
 25510 425766
 25510 425746
 25510 420168
 25510 418598
 27080 418598
 27080 409710
 27080 409710
 27080 409672
 28724 409672
 28724 393978
 28724 393908
 28724 391013
 30693 391013
 30693 379237
 30693 379237
 30693 379162
 32524 379162
 32524 365013
 32524 364940
 32524 342759
 34279 342773
 34279 342759
 34279 329191
 34279 306478
 36014 306513
 36014 306478
 36014 298030
 36014 268384
 37984 268385
 37984 268384
 37984 267360
 37984 236925
 40317 236925
 40317 233085
 40317 233082
 40317 206644
 42804 206644
 42804 197206
 42804 197172
 42804 176156
 45084 176156
 45084 165187
 45084 165148
 45084 145944
 47768 145944
 47768 143435
 47768 143435
 47768 143384
 50420 143384
 50420 136958
 50420 136958
 50420 136958
 53078 147626
 53078 136958
 53078 147626
 53078 147670
 55852 151510
 55852 147670
 55852 154284
 55852 163500
 58764 163541
 58764 163541
 58764 177924
 58764 177932
 61997 189613
 61997 177932
 61997 189613
 61997 189683
 65374 193197
 65374 189683
 65374 199187
 65374 199262
 68893 200093
 68893 199262
 68893 200093
 68893 203658
 72458 207773
 72458 207773
 72458 206951
 72458 206951
 76007 216458
 76007 216458
 76007 216477
 76007 223824
 79783 223847
 79783 223847
 79783 230439
 79783 230463
 83930 236714
 83930 230463
 83930 236714
 83930 236762
 88327 242311
 88327 236762
 88327 242311
 88327 242386
 92527 247919
 92527 242386
 92527 247919
 92527 247935
 97164 253964
 97164 247935
 97164 247935
 97164 253964
 102157 254018
 102157 253964
 102157 254018
 102157 259853
 107217 259884
 107217 259884
 107217 265225
 107217 265297
 112554 270122
 112554 265297
 112554 270122
 112554 270207
 117811 275240
 117811 270207
 117811 275240
 117811 275251
 123395 281651
 123395 275251
 123395 283907
 123395 283930
 129372 287235
 129372 283930
 129372 301916
 129372 301948
 135197 325980
 135197 301948
 135197 331805
 135197 333853
 141262 333906
 141262 333906
 141262 368534
 141262 368590
 147861 370638
 147861 368590
 147861 398357
 147861 398418
 154678 409877
 154678 398418
 154678 416950
 154678 420790
 161704 420854
 161704 420854
 161704 431005
 161704 432296
 168861 432333
 168861 432296
 168861 432333
 168861 431005
 176459 431005
 176459 428363
 176459 428305
 176459 414461
 184317 414461
 184317 414417
 184317 414417
 184317 413693
 192271 413693
 192271 397640
 192271 397583
 192271 381354
 200490 381354
 200490 381322
 200490 372948
 200490 366036
 209108 366036
 209108 366036
 209108 366002
 209108 351005
 217885 351049
 217885 351005
 217885 351005
 217885 348957
 226709 348957
 226709 329413
 226709 329365
 226709 293504
 236160 293512
 236160 293504
 236160 268928
 236160 254534
 245958 254572
 245958 254534
 245958 245830
 245958 245830
 255905 223137
 255905 223137
 255905 223137
 255905 218554
 265951 218529
 265951 218529
 265951 181727
 265951 181649
 276424 167647
 276424 181649
 276424 148680
 276424 148636
 287247 145352
 287247 148636
 287247 125334
 287247 125327
 298705 123535
 298705 125327
 298705 116945
 298705 116945
 310405 116945
 310405 125701
 310405 125781
 310405 140465
 321969 140461
 321969 140465
 321969 140465
 321969 154213
 334053 154150
 334053 154150
 334053 154213
 334053 165339
 346203 165319
 346203 165339
 346203 182491
 346203 182491
 358886 174054
 358886 174054
 358886 175302
 358886 181958
 371910 181958
 371910 181958
 371910 182009
 371910 188617
 385225 188617
 385225 189601
 385225 189601
 385225 189641
 398763 189641
 398763 196139
 398763 196222
 398763 201587
 412659 201484
 412659 201587
 412659 201587
 412659 206725
 426629 206725
 426629 206725
 426629 206761
 426629 211522
 441154 211522
 441154 211581
 441154 211778
 441154 215954
 456082 215954
 456082 216063
 456082 216063
 456082 220683
 471051 220683
 471051 220683
 471051 220750
 471051 224421
 486437 224421
 486437 225445
 486437 225471
 486437 230176
 502176 230176
 502176 230179
 502176 239904
 502176 239904
 518041 234395
 518041 234395
 518041 239519
 518041 239519
 534303 238751
 534303 238751
 534303 239519
 534303 245991
 550759 245968
 550759 245991
 550759 245991
 550759 255975
 567344 255975
 567344 261680
 567344 261757
 567344 289631
 584671 289631
 584671 291600
 584671 291679
 584671 307049
 602089 307049
 602089 325397
 602089 325481
 602089 354498
 619586 354497
 619586 354498
 619586 357570
 619586 374974
 637118 374974
 637118 376489
 637118 376510
 637118 387668
 655060 387643
 655060 387668
 655060 387668
 655060 388916
 673332 388916
 673332 388916
 673332 388916
 673332 388916
 691455 382207
 691455 388916
 691455 382343
 691455 382207
 710023 382177
 710023 382207
 710023 382177
 710023 368058
 728846 368007
 728846 368007
 728846 354617
 728846 350222
 747833 350211
 747833 350222
 747833 350211
 747833 332395
 766770 332345
 766770 332345
 766770 327020
 766770 315954
 785900 315907
 785900 315954
 785900 315907
 785900 300140
 805104 300041
 805104 300041
 805104 280688
 805104 277872
 824376 277866
 824376 277866
 824376 241242
 824376 241208
 844033 234552
 844033 241208
 844033 221441
 844033 201300
 863741 201217
 863741 201217
 863741 175613
 863741 164349
 883498 164342
 883498 164342
 883498 129834
 883498 127040
 902814 127018
 902814 127018
 902814 92209
 902814 92190
 922274 83486
 922274 92190
 922274 70178
 922274 67184
 941944 67106
 941944 67106
 941944 57336
 941944 57336
 961619 57336
 961619 63175
 961619 63187
 961619 77163
 981099 77096
 981099 77163
 981099 83010
 981099 89922
 1000514 89920
 1000514 89920
 1000514 89922
 1000514 100246
 1019798 100243
 1019798 100246
 1019798 102294
 1019798 108084
 1039156 108084
 1039156 108108
 1039156 108108
 1039156 115389
 1058237 115344
 1058237 115344
 1058237 115389
 1058237 122561
 1076929 122516
 1076929 122561
 1076929 122561
 1076929 126657
 1095583 126657
 1095583 128140
 1095583 128159
 1095583 131252
 1114164 131252
 1114164 132756
 1114164 132788
 1114164 137010
 1132466 137010
 1132466 137071
 1132466 137071
 1132466 141196
 1150476 141196
 1150476 141196
 1150476 141220
 1150476 145194
 1167914 145189
 1167914 145194
 1167914 145194
 1167914 149527
 1185047 149527
 1185047 149527
 1185047 149527
 1185047 153565
 1202013 153565
 1202013 153821
 1202013 153821
 1202013 153839
 1218596 153839
 1218596 157860
 1218596 157860
 1218596 157924
 1234646 157924
 1234646 161666
 1234646 161750
 1234646 165440
 1250240 165440
 1250240 165486
 1250240 168768
 1250240 172353
 1265601 172346
 1265601 172353
 1265601 172353
 1265601 184129
 1280350 184129
 1280350 187271
 1280350 187358
 1280350 213444
 1294660 213444
 1294660 216243
 1294660 216260
 1294660 249977
 1308281 249921
 1308281 249977
 1308281 259705
 1308281 272617
 1321193 272617
 1321193 279230
 1321193 279273
 1321193 301763
 1333443 301763
 1333443 301774
 1333443 301774
 1333443 313923
 1345091 313923
 1345091 313923
 1345091 313923
 1345091 313943
 1356203 313943
 1356203 315947
 1356203 315967
 1356203 315967
 1366424 315947
 1366424 315967
 1366424 317848
 1366424 317848
 1376179 310246
 1376179 310246
 1376179 310246
 1376179 296883
 1385257 296846
 1385257 296846
 1385257 279631
 1385257 279593
 1393294 279182
 1393294 279593
 1393294 279182
 1393294 262557
 1400298 262542
 1400298 262542
 1400298 259606
 1400298 253290
 1406486 246634
 1406486 246634
 1406486 246556
 1406486 231503
 1412225 231446
 1412225 231446
 1412225 211227
 1412225 211201
 1417107 199681
 1417107 211201
 1417107 176208
 1417107 176147
 1421001 171795
 1421001 176147
 1421001 142921
 1421001 137055
 1423811 137033
 1423811 137033
 1423811 112963
 1423811 101187
 1425819 101169
 1425819 101169
 1425819 64757
 1425819 64667
 1426833 49563
 1426833 64667
 1426833 30949
 1426833 30865
 1426575 17809
 1426575 17551
 1426575 6287
 1426575 6285
 1425608 -4408
 1425608 -4408
 1425608 -4408
 1425608 -4408
 1423740 2734
 1423740 2812
 1423740 11347
 1423740 14844
 1420371 14844
 1420371 17966
 1420371 18003
 1420371 33053
 1415965 33053
 1415965 33067
 1415965 34288
 1415965 39709
 1410544 39709
 1410544 45214
 1410544 45296
 1410544 54919
 1404167 54919
 1404167 54970
 1404167 54970
 1404167 60807
 1396760 60807
 1396760 64024
 1396760 64084
 1396760 73195
 1388267 73166
 1388267 73195
 1388267 73195
 1388267 77547
 1378483 77547
 1378483 81203
 1378483 81204
 1378483 88246
 1367734 88246
 1367734 88288
 1367734 88288
 1367734 89782
 1355797 89782
 1355797 95125
 1355797 95206
 1355797 101793
 1342497 101793
 1342497 101886
 1342497 115671
 1342497 115671
 1328087 108503
 1328087 108503
 1328087 108503
 1328087 115259
 1312571 115259
 1312571 115259
 1312571 115291
 1312571 116171
 1295819 116171
 1295819 122787
 1295819 122787
 1295819 122827
 1278166 122827
 1278166 129801
 1278166 129878
 1278166 136796
 1259356 136760
 1259356 136796
 1259356 145244
 1259356 145244
 1239379 143476
 1239379 143476
 1239379 143476
 1239379 153268
 1218356 153268
 1218356 153268
 1218356 153268
 1218356 170749
 1196157 170731
 1196157 170749
 1196157 180477
 1196157 202221
 1172717 202221
 1172717 202236
 1172717 222445
 1172717 230813
 1148317 230813
 1148317 239510
 1148317 239517
 1148317 270963
 1123059 270963
 1123059 272677
 1123059 272755
 1123059 299337
 1096521 299264
 1096521 299337
 1096521 310089
 1096521 315262
 1068926 315262
 1068926 315669
 1068926 315774
 1068926 319357
 1040381 319357
 1040381 322370
 1040381 322429
 1040381 322429
 1010952 322370
 1010952 322429
 1010952 322824
 1010952 322824
 980482 320851
 980482 320851
 980482 325250
 980482 325250
 948657 311541
 948657 311541
 948657 311541
 948657 297958
 916347 297905
 916347 297905
 916347 293883
 916347 293562
 883258 284667
 883258 284667
 883258 284632
 883258 272632
 849194 272570
 849194 272570
 849194 261307
 849194 261290
 813966 259498
 813966 261290
 813966 256910
 813966 245435
 778114 245390
 778114 245390
 778114 221058
 778114 215510
 741419 215426
 741419 215426
 741419 184363
 741419 180023
 703967 180011
 703967 180011
 703967 147295
 703967 147287
 665926 146783
 665926 147287
 665926 114758
 665926 114729
 627343 108870
 627343 114729
 627343 84495
 627343 84481
 587919 70159
 587919 84481
 587919 63631
 587919 63217
 547787 63119
 547787 63119
 547787 63217
 547787 65763
 507107 65680
 507107 65763
 507107 72877
 507107 81123
 465965 81123
 465965 84650
 465965 84653
 465965 103208
 424360 103208
 424360 103279
 424360 120106
 424360 120106
 382378 119594
 382378 119594
 382378 120106
 382378 133411
 339747 133411
 339747 133441
 339747 133441
 339747 143139
 296858 143139
 296858 146330
 296858 146382
 296858 155171
 253603 155171
 253603 159267
 253603 159325
 253603 171618
 209890 171583
 209890 171583
 209890 171583
 209890 171618
 166169 171618
 166169 171583
 166169 171583
 166169 182553
 122050 182599
 122050 182599
 122050 187458
 122050 193090
 77737 193090
 77737 193090
 77737 197672
 77737 203177
 33832 203232
 33832 203232
 33832 213544
 33832 213590
 -10432 218944
 -10432 224034
 -10432 224064
 -10432 234687
 -54849 234651
 -54849 234687
 -54849 240063
 -54849 244925
 -99139 244925
 -99139 244969
 -99139 250318
 -99139 255182
 -143026 255172
 -143026 255172
 -143026 255182
 -143026 265066
 -186774 265066
 -186774 265084
 -186774 271978
 -186774 277332
 -230188 277277
 -230188 277332
 -230188 293972
 -230188 297136
 -273360 297136
 -273360 297186
 -273360 316592
 -273360 331015
 -316153 331013
 -316153 331015
 -316153 339207
 -316153 362219
 -358677 362219
 -358677 371179
 -358677 371199
 -358677 407236
 -400572 407236
 -400572 407289
 -400572 418756
 -400572 437477
 -441883 437384
 -441883 437477
 -441883 437477
 -441883 442853
 -482754 442853
 -482754 456867
 -482754 456894
 -482754 459925
 -523115 459925
 -523115 465813
 -523115 465829
 -523115 466826
 -563318 466826
 -563318 466859
 -563318 478613
 -563318 478613
 -602731 466859
 -602731 466859
 -602731 466859
 -602731 460202
 -641576 460181
 -641576 460181
 -641576 448984
 -641576 448926
 -679453 439768
 -679453 448926
 -679453 436963
 -679453 436901
 -716506 434659
 -716506 436901
 -716506 425834
 -716506 425766
 -753093 416061
 -753093 425766
 -753093 423263
 -753093 416061
 -789025 416059
 -789025 416061
 -789025 416061
 -789025 402015
 -824022 401980
 -824022 401980
 -824022 388522
 -824022 373727
 -858157 373674
 -858157 373674
 -858157 354131
 -858157 339297
 -891836 339283
 -891836 339283
 -891836 320708
 -891836 307447
 -924358 307396
 -924358 307396
 -924358 288058
 -924358 275770
 -955647 275712
 -955647 275712
 -955647 256897
 -955647 245711
 -986405 245633
 -986405 245633
 -986405 228723
 -986405 226011
 -1016333 224219
 -1016333 224219
 -1016333 224178
 -1016333 223768
 -1044968 223768
 -1044968 223768
 -1044968 223789
 -1044968 238038
 -1072682 238038
 -1072682 242572
 -1072682 242646
 -1072682 243773
 -1099715 243773
 -1099715 261693
 -1099715 261721
 -1099715 277676
 -1125716 277676
 -1125716 277745
 -1125716 283308
 -1125716 291390
 -1150274 291347
 -1150274 291390
 -1150274 291390
 -1150274 300555
 -1173877 300555
 -1173877 303883
 -1173877 303988
 -1173877 310557
 -1196643 310557
 -1196643 316189
 -1196643 316235
 -1196643 322124
 -1217972 322124
 -1217972 327244
 -1217972 327248
 -1217972 334549
 -1238315 334549
 -1238315 337109
 -1238315 337147
 -1238315 346409
 -1257943 346409
 -1257943 346435
 -1257943 346435
 -1257943 347689
 -1276184 347689
 -1276184 355363
 -1276184 355432
 -1276184 364018
 -1293198 364018
 -1293198 364026
 -1293198 364026
 -1293198 372587
 -1309077 372561
 -1309077 372561
 -1309077 372587
 -1309077 380041
 -1323895 380041
 -1323895 381065
 -1323895 381065
 -1323895 381164
 -1337690 381164
 -1337690 389286
 -1337690 389310
 -1337690 397300
 -1350412 397236
 -1350412 397300
 -1350412 407656
 -1350412 407656
 -1361816 404840
 -1361816 404840
 -1361816 404840
 -1361816 407656
 -1372392 407656
 -1372392 414488
 -1372392 414525
 -1372392 431030
 -1381962 430981
 -1381962 431030
 -1381962 453046
 -1381962 460383
 -1390113 460314
 -1390113 460383
 -1390113 477535
 -1390113 497559
 -1397097 497559
 -1397097 497584
 -1397097 503447
 -1397097 529942
 -1403242 529942
 -1403242 531468
 -1403242 531478
 -1403242 557949
 -1408131 557949
 -1408131 559437
 -1408131 559485
 -1408131 576863
 -1412129 576798
 -1412129 576863
 -1412129 583703
 -1412129 583703
 -1415145 583703
 -1415145 583703
 -1415145 583703
 -1415145 583703
 -1416985 583703
 -1416985 583703
 -1416985 582503
 -1416985 582483
 -1417756 581735
 -1417756 582483
 -1417756 581352
 -1417756 581092
 -1417624 573156
 -1417624 573156
 -1417624 573146
 -1417624 558568
 -1416698 558557
 -1416698 558557
 -1416698 551360
 -1416698 549382
 -1414720 543590
 -1414720 543590
 -1414720 543590
 -1414720 529088
 -1411436 529073
 -1411436 529073
 -1411436 521748
 -1411436 515356
 -1407457 515348
 -1407457 515348
 -1407457 498469
 -1407457 498463
 -1402792 493087
 -1402792 498463
 -1402792 467416
 -1402792 467415
 -1397047 465112
 -1397047 467415
 -1397047 437833
 -1397047 428873
 -1390601 428815
 -1390601 428815
 -1390601 392823
 -1390601 392763
 -1383160 378743
 -1383160 392763
 -1383160 357236
 -1383160 357128
 -1374865 353544
 -1374865 357128
 -1374865 322935
 -1374865 322927
 -1366203 305093
 -1366203 322927
 -1366203 305093
 -1366203 296901
 -1356267 296868
 -1356267 296868
 -1356267 292679
 -1356267 287047
 -1345721 287047
 -1345721 287074
 -1345721 292679
 -1345721 301759
 -1334721 301759
 -1334721 301774
 -1334721 303807
 -1334721 315215
 -1323057 315215
 -1323057 316929
 -1323057 317007
 -1323057 329857
 -1310847 329857
 -1310847 329954
 -1310847 340619
 -1310847 340619
 -1297909 340177
 -1297909 340177
 -1297909 340619
 -1297909 349172
 -1284108 349130
 -1284108 349172
 -1284108 349172
 -1284108 354292
 -1269985 354292
 -1269985 357663
 -1269985 357698
 -1269985 365090
 -1255262 365090
 -1255262 365152
 -1255262 365386
 -1255262 371274
 -1240246 371274
 -1240246 371274
 -1240246 371296
 -1240246 376881
 -1224783 376861
 -1224783 376881
 -1224783 376881
 -1224783 380721
 -1208588 380721
 -1208588 381983
 -1208588 381983
 -1208588 382068
 -1192227 382068
 -1192227 386762
 -1192227 386762
 -1192227 386781
 -1175188 386781
 -1175188 391428
 -1175188 391532
 -1175188 396625
 -1158063 396597
 -1158063 396625
 -1158063 399494
 -1158063 401542
 -1140602 401542
 -1140602 401542
 -1140602 401548
 -1140602 406050
 -1122910 406050
 -1122910 406134
 -1122910 406134
 -1122910 410668
 -1104852 410657
 -1104852 410657
 -1104852 410668
 -1104852 417121
 -1086623 417113
 -1086623 417121
 -1086623 420705
 -1086623 429607
 -1067993 429607
 -1067993 429668
 -1067993 439335
 -1067993 455006
 -1049506 455000
 -1049506 455006
 -1049506 457822
 -1049506 476686
 -1030514 476686
 -1030514 489230
 -1030514 489262
 -1030514 495886
 -1011442 495886
 -1011442 520718
 -1011442 520759
 -1011442 545785
 -992263 545666
 -992263 545785
 -992263 547833
 -992263 560294
 -973146 560294
 -973146 560335
 -973146 566950
 -973146 566950
 -953934 564848
 -953934 564848
 -953934 572611
 -953934 572611
 -934717 564848
 -934717 564848
 -934717 564848
 -934717 561347
 -915305 561333
 -915305 561333
 -915305 549570
 -915305 549527
 -895964 545828
 -895964 549527
 -895964 545828
 -895964 532516
 -876439 532493
 -876439 532493
 -876439 519193
 -876439 515177
 -857063 515145
 -857063 515177
 -857063 515145
 -857063 497961
 -837966 497945
 -837966 497945
 -837966 482233
 -837966 482226
 -818642 472754
 -818642 482226
 -818642 463536
 -818642 463534
 -799655 459438
 -799655 463534
 -799655 445529
 -799655 431449
 -780704 431394
 -780704 431394
 -780704 391008
 -780704 390925
 -761574 366176
 -761574 390925
 -761574 352942
 -761574 352922
 -742667 352666
 -742667 352922
 -742667 315509
 -742667 315396
 -724246 305781
 -724246 315396
 -724246 291434
 -724246 279146
 -705699 279104
 -705699 279104
 -705699 250741
 -705699 250717
 -687118 244573
 -687118 250717
 -687118 248786
 -687118 235474
 -668846 235461
 -668846 235474
 -668846 235474
 -668846 248011
 -651061 247987
 -651061 247987
 -651061 248011
 -651061 251265
 -633471 251265
 -633471 262017
 -633471 262096
 -633471 268971
 -615893 268971
 -615893 273579
 -615893 273656
 -615893 282309
 -598587 282309
 -598587 282357
 -598587 282357
 -598587 286149
 -581650 286149
 -581650 289859
 -581650 289902
 -581650 297459
 -564749 297418
 -564749 297459
 -564749 304056
 -564749 304056
 -547912 304056
 -547912 304056
 -547912 304056
 -547912 309424
 -531664 309406
 -531664 309424
 -531664 309424
 -531664 314336
 -515744 314336
 -515744 314336
 -515744 314365
 -515744 319013
 -499931 319013
 -499931 319050
 -499931 319050
 -499931 319269
 -484428 319269
 -484428 323252
 -484428 323252
 -484428 323290
 -469146 323290
 -469146 327468
 -469146 327526
 -469146 331848
 -454328 331840
 -454328 331848
 -454328 332104
 -454328 336196
 -439868 336196
 -439868 336240
 -439868 336240
 -439868 340426
 -425654 340385
 -425654 340385
 -425654 340426
 -425654 342168
 -411496 342168
 -411496 344216
 -411496 344292
 -411496 350233
 -397543 350233
 -397543 350326
 -397543 356121
 -397543 362568
 -384184 362531
 -384184 362568
 -384184 369480
 -384184 382279
 -371257 382279
 -371257 387143
 -371257 387149
 -371257 395223
 -358441 395223
 -358441 421772
 -358441 421847
 -358441 440582
 -345850 440582
 -345850 453638
 -345850 453707
 -345850 479961
 -333735 479922
 -333735 479961
 -333735 485593
 -333735 496200
 -321848 496200
 -321848 496203
 -321848 497224
 -321848 501399
 -310121 501399
 -310121 501426
 -310121 509079
 -310121 509079
 -298573 501426
 -298573 501426
 -298573 501426
 -298573 498426
 -287822 498355
 -287822 498355
 -287822 487510
 -287822 487474
 -277305 476231
 -277305 487474
 -277305 476231
 -277305 471139
 -266616 471111
 -266616 471111
 -266616 454152
 -266616 453901
 -256315 453896
 -256315 453896
 -256315 437701
 -256315 437679
 -246590 431813
 -246590 437679
 -246590 422526
 -246590 422466
 -237135 418097
 -237135 422466
 -237135 418097
 -237135 404852
 -228154 404785
 -228154 404785
 -228154 373830
 -228154 373767
 -218978 361542
 -218978 373767
 -218978 338078
 -218978 333726
 -210080 333703
 -210080 333703
 -210080 314208
 -210080 296032
 -201764 295937
 -201764 295937
 -201764 259420
 -201764 259345
 -193583 256860
 -193583 259345
 -193583 223461
 -193583 223441
 -185710 199633
 -185710 223441
 -185710 195026
 -185710 194962
 -177948 182372
 -177948 194962
 -177948 190204
 -177948 182372
 -170372 179196
 -170372 179196
 -170372 179196
 -170372 190204
 -163132 190204
 -163132 192423
 -163132 192452
 -163132 204122
 -156326 204122
 -156326 207450
 -156326 207487
 -156326 210773
 -149675 210773
 -149675 220217
 -149675 220245
 -149675 229841
 -143279 229841
 -143279 229872
 -143279 250065
 -143279 250065
 -137218 238206
 -137218 238206
 -137218 238206
 -137218 246270
 -130818 246247
 -130818 246247
 -130818 246247
 -130818 246270
 -125041 246270
 -125041 253327
 -125041 253327
 -125041 253385
 -119523 253385
 -119523 259467
 -119523 259485
 -119523 264866
 -114398 264866
 -114398 264935
 -114398 278946
 -114398 278946
 -109245 270585
 -109245 270585
 -109245 284099
 -109245 284099
 -104034 275614
 -104034 275614
 -104034 289182
 -104034 289182
 -99239 280668
 -99239 280668
 -99239 280668
 -99239 286686
 -94754 286656
 -94754 286656
 -94754 286656
 -94754 286686
 -90312 286686
 -90312 292278
 -90312 292280
 -90312 297751
 -86121 297732
 -86121 297751
 -86121 306967
 -86121 306967
 -82064 302832
 -82064 302832
 -82064 311280
 -82064 311280
 -78101 309483
 -78101 309483
 -78101 315115
 -78101 318936
 -74408 318936
 -74408 321496
 -74408 321504
 -74408 346326
 -70698 346315
 -70698 346326
 -70698 355286
 -70698 381219
 -67165 381219
 -67165 381258
 -67165 391459
 -67165 394599
 -64153 394599
 -64153 413751
 -64153 413799
 -64153 430367
 -61025 430367
 -61025 440863
 -61025 440863
 -61025 440871
 -57821 440871
 -57821 458403
 -57821 458444
 -57821 465282
 -54910 465282
 -54910 465358
 -54910 469378
 -54910 469378
 -52228 465358
 -52228 465358
 -52228 465358
 -52228 464124
 -49567 464121
 -49567 464121
 -49567 454642
 -49567 454625
 -47107 444285
 -47107 454625
 -47107 444285
 -47107 439677
 -44611 439552
 -44611 439552
 -44611 423613
 -44611 423590
 -42344 416408
 -42344 423590
 -42344 416408
 -42344 407763
 -40158 407704
 -40158 407704
 -40158 392889
 -40158 392866
 -38176 387808
 -38176 392866
 -38176 387808
 -38176 376314
 -36036 376288
 -36036 376288
 -36036 357308
 -36036 347369
 -34116 347324
 -34116 347324
 -34116 326332
 -34116 308937
 -32292 308924
 -32292 308924
 -32292 272255
 -32292 272220
 -30503 262492
 -30503 272220
 -30503 236889
 -30503 236812
 -28971 231513
 -28971 236812
 -28971 201693
 -28971 201685
 -27503 200405
 -27503 201685
 -27503 173287
 -27503 173201
 -26034 169105
 -26034 173201
 -26034 156366
 -26034 156366
 -24625 156366
 -24625 156977
 -24625 157007
 -24625 169943
 -23209 169914
 -23209 169943
 -23209 173527
 -23209 174846
 -21762 174846
 -21762 185338
 -21762 185342
 -21762 198506
 -20502 198412
 -20502 198506
 -20502 208746
 -20502 208794
 -19558 208794
 -19558 208880
 -19558 209818
 -19558 211009
 -18239 211009
 -18239 217861
 -18239 217861
 -18239 217921
 -17273 217921
 -17273 226567
 -17273 226678
 -17273 235338
 -16438 235316
 -16438 235338
 -16438 245578
 -16438 245578
 -15433 242871
 -15433 242871
 -15433 246711
 -15433 247579
 -14437 247579
 -14437 249371
 -14437 249371
 -14437 249399
 -13729 249399
 -13729 255655
 -13729 255655
 -13729 255711
 -13110 255711
 -13110 261538
 -13110 261578
 -13110 267333
 -12475 267333
 -12475 267333
 -12475 282437
 -12475 282437
 -11532 273396
 -11532 273396
 -11532 283380
 -11532 283380
 -10786 279400
 -10786 279400
 -10786 283998
 -10786 284448
 -10336 284448
 -10336 284960
 -10336 285039
 -10336 285039
 -9745 285039
 -9745 290327
 -9745 290415
 -9745 296287
 -8993 296254
 -8993 296287
 -8993 318559
 -8993 318559
 -8303 307904
 -8303 307904
 -8303 319377
 -8303 332777
 -7959 332673
 -7959 332777
 -7959 352489
 -7959 368428
 -7508 368397
 -7508 368428
 -7508 385580
 -7508 401925
 -7035 401925
 -7035 401980
 -7035 418821
 -7035 430673
 -6703 430617
 -6703 430673
 -6703 451921
 -6703 451921
 -6201 449991
 -6201 449991
 -6201 452551
 -6201 452993
 -5759 452993
 -5759 458113
 -5759 458113
 -5759 458113
 -5307 457850
 -5307 458113
 -5307 457850
 -5307 457797
 -5106 453774
 -5106 457797
 -5106 454025
 -5106 453774
 -4855 449464
 -4855 449464
 -4855 449464
 -4855 434591
 -4601 434569
 -4601 434569
 -4601 421595
 -4601 421383
 -4389 418313
 -4389 418313
 -4389 418313
 -4389 402933
 -4222 402907
 -4222 402907
 -4222 389572
 -4222 388866
 -3772 388456
 -3772 388456
 -3772 388456
 -3772 372679
 -3478 372676
 -3478 372676
 -3478 357098
 -3478 345322
 -3143 345232
 -3143 345232
 -3143 324537
 -3143 307129
 -3097 307096
 -3097 307096
 -3097 291687
 -3097 270183
 -3065 270109
 -3065 270109
 -3065 259079
 -3065 234537
 -2992 234503
 -2992 234503
 -2992 226512
 -2992 198864
 -2757 198806
 -2757 198806
 -2757 193979
 -2757 169659
 -2359 169644
 -2359 169644
 -2359 161841
 -2359 161481
 -1999 151753
 -1999 151753
 -1999 161841
 -1999 164450
 -1822 164450
 -1822 164467
 -1822 194553
 -1822 194553
 -2055 180217
 -2055 180217
 -2055 194553
 -2055 194553
 -1936 194032
 -1936 194032
 -1936 194800
 -1936 204880
 -1840 204880
 -1840 204895
 -1840 227408
 -1840 227408
 -1709 214099
 -1709 214099
 -1709 227667
 -1709 227667
 -1483 223076
 -1483 223076
 -1483 227893
 -1483 231543
 -1417 231495
 -1417 231543
 -1417 260362
 -1417 260362
 -1654 238644
 -1654 238644
 -1654 260362
 -1654 260362
 -1353 245303
 -1353 245303
 -1353 260663
 -1353 260663
 -1099 251957
 -1099 251957
 -1099 260917
 -1099 260917
 -1058 258014
 -1058 258014
 -1058 261086
 -1058 263892
 -1196 263892
 -1196 263911
 -1196 293844
 -1196 293844
 -1179 270316
 -1179 270316
 -1179 293861
 -1179 293861
 -940 276564
 -940 276564
 -940 293945
 -940 293945
 -839 282426
 -839 282426
 -839 293945
 -839 293945
 -771 288125
 -771 288125
 -771 294013
 -771 294163
 -621 294163
 -621 294419
 -621 294460
 -621 306165
 -907 306139
 -907 306165
 -907 326901
 -907 329353
 -759 329353
 -759 329437
 -759 359817
 -759 364368
 -560 364322
 -560 364368
 -560 392528
 -560 398115
 -733 398115
 -733 398180
 -733 425251
 -733 426963
 -813 426915
 -813 426963
 -813 457939
 -813 457939
 -714 447030
 -714 447030
 -714 458033
 -714 458033
 -591 455729
 -591 455729
 -591 458033
 -591 458033
 -502 455729
 -502 455729
 -502 458250
 -502 458250
 -478 455495
 -478 455495
 -478 458233
 -478 458233
 -519 447650
 -519 447650
 -519 447630
 -519 433657
 -532 433537
 -532 433537
 -532 425635
 -532 425452
 -349 417516
 -349 417516
 -349 417489
 -349 402133
 -54 402083
 -54 402083
 -54 393162
 -54 392966
 -250 387821
 -250 387821
 -250 387821
 -250 372595
 -587 372486
 -587 372486
 -587 359861
 -587 346037
 -520 346025
 -520 346025
 -520 327032
 -520 308088
 -102 308058
 -102 308058
 -102 294682
 -102 270927
 -165 270874
 -165 270874
 -165 261979
 -165 235370
 -377 235355
 -377 235355
 -377 228871
 -377 199529
 -525 199431
 -525 199431
 -525 196083
 -525 169971
 -483 169910
 -483 169910
 -483 163485
 -483 163433
 -407 151197
 -407 151197
 -407 163433
 -407 163433
 -36 162533
 -36 162533
 -36 163804
 -36 178128
 -48 178068
 -48 178128
 -48 196479
 -48 196479
 -129 191871
 -129 191871
 -129 196479
 -129 203071
 -193 203071
 -193 203097
 -193 229183
 -193 229183
 -111 212396
 -111 212396
 -111 229175
 -111 229175
 -201 221499
 -201 221499
 -201 229175
 -201 230134
 -138 230134
 -138 230135
 -138 262096
 -138 262096
 -48 237301
 -48 237301
 -48 261944
 -48 261944
 -72 244046
 -72 244046
 -72 261944
 -72 261944
 -50 250619
 -50 250619
 -50 261893
 -50 261893
 -251 256605
 -251 256605
 -251 261893
 -251 262555
 -229 262537
 -229 262555
 -229 294527
 -229 294527
 -257 269183
 -257 269183
 -257 294527
 -257 294527
 -251 275252
 -251 275252
 -251 294661
 -251 294661
 -143 281201
 -143 281201
 -143 294769
 -143 294769
 -151 286697
 -151 286618
 -151 286618
 -151 286697
 87 286697
 87 286697
 87 292951
 87 292973
 -165 304043
 -165 304091
 -165 327412
 -165 327412
 -396 326388
 -396 326388
 -396 327412
 -396 360994
 -350 360966
 -350 360994
 -350 392738
 -350 395254
 -138 395159
 -138 395254
 -138 425974
 -138 425974
 -6 423930
 -6 423930
 -6 425978
 -6 444775
 -25 444691
 -25 444775
 -25 458599
 -25 458599
 -150 454506
 -150 454506
 -150 458602
 -150 458602
 -23 455401
 -23 455401
 -23 458264
 -23 458264
 -360 455401
 -360 455401
 -360 458264
 -360 458264
 -232 447791
 -232 447768
 -232 433816
 -232 433799
 163 417469
 163 417443
 163 393379
 163 393379
 30 401566
 30 401651
 30 401566
 30 393374
 -174 393374
 -174 401566
 -174 393170
 -174 393167
 -177 387306
 -177 387306
 -177 387306
 -177 372687
 -125 372618
 -125 372618
 -125 360195
 -125 347487
 -128 347395
 -128 347395
 -128 327552
 -128 310201
 -218 310144
 -218 310144
 -218 294822
 -218 272852
 -181 272806
 -181 262091
 -181 237003
 -181 236975
 40 200744
 40 200744
 40 200733
 40 196648
 -48 196648
 -48 200733
 -48 196560
 -48 170488
 -29 170448
 -29 170448
 -29 163811
 -29 163623
 -89 151011
 -89 151011
 -89 163623
 -89 163623
 -70 160698
 -70 160698
 -70 163770
 -70 176426
 -86 176406
 -86 176426
 -86 196394
 -86 196394
 -44 190420
 -44 190389
 -44 190420
 -44 196564
 127 196564
 127 190420
 127 196624
 127 196863
 16 201688
 16 201727
 16 211216
 16 211286
 -120 220552
 -120 220560
 -120 229238
 -120 229238
 -138 229238
 -138 229238
 -138 229238
 -138 236897
 -31 236845
 -31 236897
 -31 261985
 -31 261985
 -3 243453
 -3 243453
 -3 261928
 -3 261928
 -88 249896
 -88 249892
 -88 249892
 -88 249896
 101 249896
 101 249892
 101 229628
 101 229628
 124 255909
 124 255973
 124 261884
 124 261885
 -127 268289
 -127 268365
 -127 294657
 -127 294657
 -170 274537
 -170 274537
 -170 294682
 -170 294682
 -230 280386
 -230 280386
 -230 294682
 -230 294682
 -109 285843
 -109 285843
 -109 294785
 -109 294785
 -255 291780
 -255 291780
 -255 294785
 -255 302301
 -35 302301
 -35 302301
 -35 302301
 -35 302318
 148 302318
 148 302301
 148 302318
 148 323732
 24 323827
 24 323827
 24 327704
 24 358424
 182 358511
 182 393398
 182 393620
 182 393654
 -144 422980
 -144 423024
 -144 425840
 -144 444488
 -184 444431
 -184 444431
 -184 444431
 -184 444488
 10 444488
 10 444431
 10 426222
 10 426222
 110 454529
 110 454529
 110 426222
 110 426222
 52 448180
 52 448180
 52 426198
 52 426198
 86 434308
 86 434390
 86 434308
 86 426198
 -72 426198
 -72 434308
 -72 425784
 -72 425633
 -351 418360
 -351 418360
 -351 418308
 -351 402900
 -134 402849
 -134 402849
 -134 393158
 -134 393082
 -186 388218
 -186 388218
 -186 388178
 -186 373452
 -28 373446
 -28 360292
 -28 349032
 -28 349028
 11 311861
 11 311861
 11 311819
 11 294923
 -116 294923
 -116 311819
 -116 294668
 -116 274444
 -286 274442
 -286 274442
 -286 261730
 -286 239202
 -255 239143
 -255 239143
 -255 229121
 -255 203009
 -203 203008
 -203 203008
 -203 196533
 -203 172469
 -111 172430
 -111 163729
 -111 152524
 -111 152465
 4 148202
 4 148100
 4 131204
 4 131204
 197 148100
 197 148100
 197 148202
 197 159795
 216 159813
 216 159813
 216 163928
 216 164066
 98 175885
 98 175960
 98 190392
 98 190434
 -178 201378
 -178 201422
 -178 229196
 -178 229196
 -180 210769
 -180 210764
 -180 210764
 -180 210769
 62 210769
 62 210764
 62 196670
 62 196670
 48 219940
 48 219940
 48 219940
 48 228656
 266 228717
 266 228717
 266 229413
 266 229642
 165 236042
 165 236147
 165 242725
 165 242768
 -44 249300
 -44 249339
 -44 261990
 -44 261990
 -154 255592
 -154 255592
 -154 261990
 -154 261990
 -144 261744
 -144 261655
 -144 261744
 -144 262000
 16 262000
 16 261744
 16 262288
 16 262587
 443 267920
 443 267920
 443 262587
 443 262587
 133 274305
 133 274305
 133 262175
 133 262175
 31 280325
 31 280397
 31 285471
 31 285552
 -86 291754
 -86 291822
 -86 294826
 -86 302028
 -52 302028
 -52 302075
 -52 327462
 -52 327462
 -90 322411
 -90 322342
 -90 322411
 -90 327462
 77 327462
 77 322411
 77 327885
 77 356253
 222 356301
 222 356301
 222 360670
 222 391088
 57 391134
 57 393273
 57 420906
 57 420921
 -12 443352
 -12 443352
 -12 443352
 -12 443380
 79 443380
 79 443352
 79 426063
 79 426063
 166 454477
 166 454477
 166 426075
 166 426075
 219 449570
 219 449627
 219 449627
 219 449570
 -151 449570
 -151 449627
 -151 449570
 -151 436073
 -130 436039
 -130 425854
 -130 420478
 -130 420398
 225 404705
 225 404705
 225 404667
 225 393441
 -98 393441
 -98 404667
 -98 393118
 -98 393034
 -54 389827
 -54 389827
 -54 389827
 -54 375370
 -107 375357
 -107 375357
 -107 360341
 -107 352149
 -33 352139
 -33 352139
 -33 327519
 -33 315999
 -192 315907
 -192 315907
 -192 294720
 -192 278080
 -345 278064
 -345 278064
 -345 261671
 -345 242259
 -269 242215
 -269 242215
 -269 229107
 -269 206067
 -128 205993
 -128 205993
 -128 196352
 -128 174377
 -190 174336
 -190 174336
 -190 163778
 -190 163657
 -55 153312
 -55 153312
 -55 163657
 -55 163657
 -136 158584
 -136 158584
 -136 163704
 -136 174119
 -89 174114
 -89 174119
 -89 196391
 -89 196391
 -150 188394
 -150 188376
 -150 188394
 -150 196586
 41 196586
 41 188394
 41 196649
 41 196843
 107 199977
 107 200061
 107 209865
 107 209899
 -218 218918
 -218 218974
 -218 229158
 -218 229158
 -146 227967
 -146 227967
 -146 229230
 -146 235645
 -131 235640
 -131 235640
 -131 235640
 -131 235645
 33 235645
 33 235640
 33 229565
 33 229565
 61 242318
 61 242337
 61 248960
 61 249021
 -8 255285
 -8 255285
 -8 255285
 -8 255352
 46 255352
 46 255352
 46 261546
 46 261550
 -207 267946
 -207 267953
 -207 294833
 -207 294833
 -131 273917
 -131 273804
 -131 273804
 -131 273917
 63 273917
 63 273917
 63 279615
 63 279652
 -139 284942
 -139 285045
 -139 294745
 -139 294745
 -39 290905
 -39 290863
 -39 290905
 -39 294745
 28 294745
 28 294940
 28 300808
 28 300828
 -54 320198
 -54 320198
 -54 320202
 -54 327626
 17 327626
 17 327825
 17 353681
 17 353716
 -34 388924
 -34 388958
 -34 393054
 -34 419404
 -52 419404
 -52 419404
 -52 419455
 -52 425804
 300 425804
 300 419455
 300 426278
 300 426412
 294 442284
 294 442284
 294 426278
 294 426278
 29 453644
 29 453670
 29 455453
 29 455453
 -126 455453
 -126 455453
 -126 449346
 -126 449282
 132 436152
 132 436100
 132 426116
 132 420672
 320 420672
 320 420609
 320 393536
 320 393536
 32 405024
 32 405024
 32 393248
 32 390305
 33 390367
 33 390305
 33 360631
 33 360631
 55 375991
 55 375991
 55 360631
 55 353833
 41 353852
 41 353852
 41 353833
 41 327721
 -12 327721
 -12 327668
 -12 317684
 -12 317582
 15 279712
 15 279695
 15 262287
 15 244007
 167 244072
 167 244072
 167 244007
 167 229415
 -91 229415
 -91 244007
 -91 229285
 -91 207531
 -206 207525
 -206 207525
 -206 196402
 -206 175470
 -75 175410
 -75 163637
 -75 153909
 -75 153882
 158 147301
 158 147230
 158 131250
 158 131250
 50 147230
 50 147230
 50 147301
 50 157362
 65 157392
 65 163905
 65 173073
 65 173121
 -97 187679
 -97 187752
 -97 196383
 -97 199561
 -119 199557
 -119 199557
 -119 199557
 -119 199561
 95 199561
 95 199557
 95 196703
 95 196703
 14 209154
 14 209154
 14 196889
 14 196889
 281 218126
 281 218126
 281 218230
 281 227081
 284 227097
 284 227097
 284 229421
 284 229660
 45 234756
 45 234756
 45 229598
 45 229598
 94 241453
 94 241524
 94 247727
 94 247774
 -76 253876
 -76 253876
 -76 253876
 -76 253916
 115 253916
 115 253916
 115 260015
 115 260083
 -30 266293
 -30 266338
 -30 294754
 -30 294754
 -32 272864
 -32 272864
 -32 294812
 -32 294812
 -100 278940
 -100 278924
 -100 278924
 -100 278940
 2 278940
 2 278924
 2 262399
 2 262399
 127 284546
 127 284546
 127 284635
 127 290457
 104 290559
 104 295016
 104 300049
 104 300136
 -145 318919
 -145 318919
 -145 318959
 -145 327663
 169 327663
 169 318959
 169 327721
 169 351771
 230 351785
 230 351785
 230 360550
 230 387165
 56 387174
 56 393400
 56 417945
 56 417976
 -11 441218
 -11 441218
 -11 441218
 -11 441333
 203 441333
 203 441218
 203 426073
 203 426073
 217 453385
 217 453451
 217 456025
 217 456025
 -324 456025
 -324 456036
 -324 458300
 -324 458300
 -147 450623
 -147 450620
 -147 438143
 -147 438125
 44 422342
 44 422342
 44 422342
 44 422316
 -31 422316
 -31 422316
 -31 406753
 -31 406677
 347 391672
 347 391643
 347 360923
 347 360923
 344 377415
 344 377415
 344 360792
 344 356270
 174 356270
 174 356270
 174 356237
 174 327854
 -100 327854
 -100 356237
 -100 327580
 -100 320678
 -306 320668
 -306 320668
 -306 294606
 -306 282574
 -162 282554
 -162 282554
 -162 261982
 -162 246908
 -207 246878
 -207 246878
 -207 229297
 -207 210413
 -29 210353
 -29 196451
 -29 177768
 -29 177763
 198 155135
 198 155135
 198 155135
 198 155078
 -4 155078
 -4 155078
 -4 146940
 -4 146940
 91 146940
 91 146920
 91 146920
 91 156180
 240 156251
 240 156251
 240 163952
 240 164012
 44 171888
 44 171888
 44 171891
 44 186540
 203 186592
 203 186592
 203 196612
 203 196811
 132 198603
 132 198603
 132 196756
 132 196756
 148 208132
 148 208132
 148 196756
 148 196756
 101 217479
 101 217492
 101 226331
 101 226405
 -145 234087
 -145 234087
 -145 234087
 -145 234095
 83 234095
 83 234087
 83 229607
 83 229607
 103 240914
 103 240914
 103 229607
 103 229607
 68 247219
 68 247219
 68 229572
 68 229572
 66 253124
 66 253158
 66 259240
 66 259266
 -79 265521
 -79 265521
 -79 265521
 -79 265575
 218 265575
 218 265575
 218 271886
 218 271962
 -29 277987
 -29 278002
 -29 294689
 -29 294689
 -95 283425
 -95 283425
 -95 294689
 -95 294689
 -138 289142
 -138 289065
 -138 289142
 -138 294774
 46 294774
 46 289142
 46 295086
 46 295329
 289 298158
 289 298158
 289 298170
 289 315809
 222 315874
 222 315874
 222 327902
 222 348098
 50 348126
 50 348126
 50 360498
 50 384050
 309 384113
 309 384113
 309 393525
 309 415532
 25 415541
 25 415541
 25 426137
 25 426143
 159 439961
 159 439961
 159 426155
 159 426155
 171 453279
 171 453279
 171 426155
 171 426155
 33 451745
 33 451745
 33 426145
 33 426145
 203 439611
 203 439611
 203 426059
 203 423793
 113 423793
 113 423717
 113 393372
 113 393372
 156 407452
 156 407452
 156 393372
 156 392682
 106 392687
 106 392687
 106 392687
 106 392682
 -210 392682
 -210 392687
 -210 392687
 -210 378684
 -157 378670
 -157 378670
 -157 360291
 -157 358499
 -38 358472
 -38 327642
 -38 323802
 -38 323727
 76 285308
 76 285260
 76 262220
 76 249333
 245 249333
 245 249272
 245 229621
 245 212826
 90 212855
 90 212826
 90 196698
 90 180056
 344 180056
 344 179969
 344 164184
 344 156833
 33 156917
 33 156917
 33 156917
 33 156833
 -154 156833
 -154 156917
 -154 163587
 -154 163587
 -125 156258
 -125 156163
 -125 156258
 -125 163587
 84 163587
 84 156258
 84 163940
 84 164052
 228 171921
 228 171988
 228 186462
 228 186468
 -23 198430
 -23 198505
 -23 229160
 -23 229160
 -88 208424
 -88 208424
 -88 229160
 -88 229160
 -27 217317
 -27 217290
 -27 217290
 -27 217317
 206 217317
 206 217290
 206 217290
 206 226126
 207 226148
 207 226148
 207 229455
 207 229555
 179 234307
 179 234307
 179 229555
 179 229555
 224 241075
 224 241075
 224 229483
 224 229483
 235 247648
 235 247648
 235 229483
 235 229483
 84 253763
 84 253803
 84 259924
 84 259926
 -8 266308
 -8 266360
 -8 294736
 -8 294736
 -48 272720
 -48 272720
 -48 294736
 -48 294736
 -4 278652
 -4 278610
 -4 278610
 -4 278652
 159 278652
 159 278610
 159 262303
 159 262303
 7 284058
 7 284063
 7 289671
 7 289678
 -114 298382
 -114 298382
 -114 298382
 -114 298446
 165 298446
 165 298382
 165 298446
 165 315301
 221 315326
 221 327773
 221 346454
 221 346461
 -17 382778
 -17 382778
 -17 382831
 -17 393071
 8 393071
 8 393352
 8 414088
 8 414206
 -76 438549
 -76 438549
 -76 438549
 -76 438580
 58 438580
 58 438580
 58 452536
 58 452538
 -152 456484
 -152 456552
 -152 458562
 -152 458562
 -190 456552
 -190 456552
 -190 458562
 -190 458562
 -148 452418
 -148 452418
 -148 452395
 -148 440556
 -278 440485
 -278 440485
 -278 425941
 -278 425706
 -43 424938
 -43 424938
 -43 425784
 -43 425784
 -72 409301
 -72 409301
 -72 409262
 -72 394346
 -202 394296
 -202 394296
 -202 393142
 -202 380086
 -123 380072
 -123 380072
 -123 360421
 -123 360325
 -24 360325
 -24 360325
 -24 327528
 -24 326508
 -24 326504
 -24 326504
 -24 294760
 -24 287848
 -62 287770
 -62 287770
 -62 261954
 -62 252008
 -16 251970
 -16 251970
 -16 229232
 -16 215664
 -52 215652
 -52 215652
 -52 196556
 -52 181964
 -71 181942
 -71 163641
 -71 157783
 -71 157753
 175 147631
 175 147631
 175 147631
 175 147631
 -42 155222
 -42 155260
 -42 163670
 -42 170956
 -180 170952
 -180 170956
 -180 196556
 -180 196556
 -31 186081
 -31 186081
 -31 196577
 -31 198353
 -47 198353
 -47 198361
 -47 229243
 -47 229243
 -5 208507
 -5 208418
 -5 208418
 -5 208507
 61 208507
 61 208418
 61 196797
 61 196797
 79 217533
 79 217533
 79 217544
 79 226383
 124 226401
 124 226401
 124 229414
 124 229500
 166 234609
 166 234620
 166 241445
 166 241446
 -62 248002
 -62 248050
 -62 262008
 -62 262008
 -136 254072
 -136 254072
 -136 261975
 -136 261975
 -41 260183
 -41 260183
 -41 261975
 -41 266614
 -10 266552
 -10 266552
 -10 266552
 -10 266614
 125 266614
 125 266552
 125 262397
 125 262397
 179 273033
 179 273033
 179 262367
 179 262367
 223 279091
 223 279119
 223 284861
 223 284895
 -106 290198
 -106 290198
 -106 290251
 -106 294806
 2 294806
 2 290251
 2 294914
 2 294977
 193 298242
 193 298242
 193 298295
 193 314433
 305 314463
 305 314463
 305 328113
 305 344753
 309 344811
 309 344811
 309 360885
 309 380843
 101 380853
 101 380853
 101 393445
 101 412553
 92 412645
 92 412645
 92 426076
 92 426184
 200 438044
 200 438108
 200 452808
 200 452809
 -190 457230
 -190 457282
 -190 458562
 -190 458562
 -156 457282
 -156 457282
 -156 458508
 -156 458508
 -116 453476
 -116 453476
 -116 458508
 -116 458508
 -52 441894
 -52 441868
 -52 426444
 -52 426408
 81 410449
 81 410449
 81 410449
 81 410381
 -159 410381
 -159 410449
 -159 410381
 -159 395361
 -158 395360
 -158 395360
 -158 393186
 -158 393067
 -149 381666
 -149 381666
 -149 381598
 -149 362617
 -169 362603
 -169 362603
 -169 360279
 -169 329303
 -188 329256
 -188 329256
 -188 294852
 -188 290543
 -84 290500
 -84 261932
 -84 254764
 -84 254722
 150 218518
 150 218512
 150 196758
 150 184376
 56 184442
 56 184442
 56 184376
 56 163896
 -15 163896
 -15 163697
 -15 159601
 -15 159591
 33 148079
 33 148079
 33 148079
 33 148079
 -12 154334
 -12 154356
 -12 163828
 -12 169704
 -24 169661
 -24 169661
 -24 169661
 -24 169704
 229 169704
 229 169661
 229 169661
 229 185167
 69 185189
 69 185189
 69 196617
 69 196677
 9 198213
 9 198244
 9 208647
 9 208649
 -130 217905
 -130 217982
 -130 229189
 -130 229189
 -59 227141
 -59 227141
 -59 229189
 -59 235578
 -70 235535
 -70 235578
 -70 261946
 -70 261946
 -168 242298
 -168 242264
 -168 242264
 -168 242298
 217 242298
 217 242264
 217 229488
 217 229488
 112 248665
 112 248665
 112 229571
 112 229571
 67 254832
 67 254844
 67 260547
 67 260562
 -85 266411
 -85 266411
 -85 266411
 -85 266425
 19 266425
 19 266411
 19 262290
 19 262290
 18 272403
 18 272407
 18 277906
 18 277968
 -75 283317
 -75 283317
 -75 283317
 -75 283391
 123 283391
 123 283317
 123 283391
 123 289069
 304 289147
 304 289147
 304 294980
 304 295344
 196 297136
 196 297166
 196 312388
 196 312417
 -45 341316
 -45 341316
 -45 341331
 -45 360275
 126 360275
 126 341331
 126 360702
 126 377593
 23 377598
 23 393239
 23 410371
 23 410391
 -128 436992
 -128 437059
 -128 458496
 -128 458496
 -23 453481
 -23 453428
 -23 453481
 -23 458601
 2 458601
 2 453481
 2 453428
 2 455477
 53 455543
 53 455543
 53 455543
 53 455477
 -292 455477
 -292 455543
 -292 458332
 -292 458332
 -158 444263
 -158 444263
 -158 444263
 -158 428528
 -88 428514
 -88 425768
 -88 412483
 -88 412456
 30 397512
 30 397512
 30 397470
 30 393374
 -157 393374
 -157 397470
 -157 393187
 -157 393119
 -225 383206
 -225 383203
 -225 364966
 -225 364959
 46 332718
 46 332718
 46 332710
 46 327854
 -41 327854
 -41 332710
 -41 294871
 -41 293847
 -36 293781
 -36 262108
 -36 257756
 -36 257702
 75 221515
 75 221499
 75 196683
 75 187349
 85 187349
 85 187264
 85 164053
 85 161849
 57 161898
 57 161898
 57 161898
 57 161849
 -11 161849
 -11 161849
 -11 149109
 -11 149109
 117 149109
 117 149079
 117 149079
 117 153955
 273 153973
 273 164113
 273 168721
 273 168725
 -154 184002
 -154 184038
 -154 196582
 -154 196959
 -161 196941
 -161 196959
 -161 229180
 -161 229180
 -68 207420
 -68 207411
 -68 207411
 -68 207420
 45 207420
 45 207411
 45 196814
 45 196814
 78 216852
 78 216877
 78 226246
 78 226254
 -12 234338
 -12 234338
 -12 234338
 -12 234356
 132 234356
 132 234356
 132 241156
 132 241279
 -34 247902
 -34 247930
 -34 261888
 -34 261888
 -128 254222
 -128 254222
 -128 261888
 -128 261888
 -120 260117
 -120 260104
 -120 260117
 -120 261896
 101 261896
 101 260117
 101 262199
 101 262373
 183 266171
 183 266171
 183 262266
 183 262266
 122 272183
 122 272183
 122 262266
 122 262266
 14 278106
 14 278138
 14 283401
 14 283406
 -65 288693
 -65 288703
 -65 294847
 -65 296670
 -34 296627
 -34 296670
 -34 327536
 -34 327536
 -144 311408
 -144 311408
 -144 327536
 -144 339411
 -45 339351
 -45 339351
 -45 339411
 -45 360403
 108 360403
 108 339411
 108 360556
 108 375345
 107 375404
 107 375404
 107 393323
 107 408144
 147 408171
 147 408171
 147 426131
 147 426231
 119 434835
 119 434835
 119 426231
 119 426231
 62 452083
 62 452087
 62 458174
 62 458174
 -13 458174
 -13 458174
 -13 455539
 -13 455424
 74 444746
 74 444743
 74 426150
 74 426150
 166 429222
 166 429276
 166 429222
 166 426150
 -36 426150
 -36 425820
 -36 413532
 -36 413495
 224 398560
 224 398516
 224 393440
 224 384555
 299 384555
 299 384555
 299 384555
 299 384524
 -99 384524
 -99 384555
 -99 384524
 -99 366564
 -37 366493
 -37 366493
 -37 360283
 -37 334683
 -77 334659
 -77 334659
 -77 327475
 -77 295731
 -119 295683
 -119 295683
 -119 262025
 -119 259209
 -42 259206
 -42 259206
 -42 229334
 -42 222934
 -174 222877
 -174 196434
 -174 188242
 -174 188188
 139 162337
 139 162315
 139 131126
 139 131126
 54 148779
 54 148790
 54 148790
 54 148790
 -12 152624
 -12 152692
 -12 163700
 -12 167679
 -1 167586
 -1 167679
 -1 196452
 -1 196452
 -28 183396
 -28 183327
 -28 183396
 -28 196452
 348 196452
 348 183396
 348 196635
 348 196694
 214 196700
 214 196694
 214 196635
 214 196694
 10 207126
 10 207126
 10 196689
 10 196689
 81 216330
 81 216330
 81 216379
 81 225566
 18 225617
 18 225617
 18 229394
 18 229536
 32 233746
 32 233746
 32 229536
 32 229536
 183 240800
 183 240800
 183 229487
 183 229487
 239 247570
 239 247570
 239 229741
 239 229741
 365 253972
 365 253972
 365 253972
 365 259891
 65 259949
 65 262337
 65 265632
 65 265665
 -4 272000
 -4 272124
 -4 294767
 -4 294767
 -17 277871
 -17 277871
 -17 294767
 -17 294767
 -131 283261
 -131 283186
 -131 283186
 -131 283261
 27 283261
 27 283186
 27 283186
 27 288283
 154 288369
 154 288369
 154 294938
 154 295043
 131 295938
 131 295962
 131 310147
 131 310268
 -19 337284
 -19 337284
 -19 337389
 -19 360429
 10 360429
 10 337389
 10 360458
 10 373258
 264 373269
 264 393480
 264 406280
 264 406334
 -6 433943
 -6 433943
 -6 433943
 -6 434042
 36 434042
 36 433943
 36 426198
 36 426198
 86 451492
 86 451492
 86 426212
 86 426212
 228 456164
 228 456164
 228 426472
 228 426472
 360 446356
 360 446356
 360 426472
 360 426472
 189 431037
 189 431089
 189 431037
 189 426173
 -19 426173
 -19 425837
 -19 415085
 -19 415063
 6 399750
 6 399749
 6 393350
 6 385542
 6 385579
 6 385579
 6 385579
 6 385542
 -48 385542
 -48 385542
 -48 368720
 -48 368711
 70 337919
 70 337862
 70 327878
 70 298984
 232 298984
 232 298949
 232 295144
 232 262484
 212 262484
 212 262484
 212 262475
 212 262228
 -135 262228
 -135 262475
 -135 229369
 -135 226553
 -213 226494
 -213 196395
 -213 191560
 -213 191531
 176 165040
 176 165007
 176 164016
 176 150234
 90 150234
 90 150234
 90 150234
 90 150234
 -38 153139
 -38 153139
 -38 153178
 -38 163674
 172 163674
 172 153178
 172 163902
 172 164012
 62 167596
 62 167596
 62 167599
 62 183601
 77 183614
 77 196685
 77 197197
 77 197225
 -10 207887
 -10 207887
 -10 207887
 -10 207990
 42 207990
 42 207887
 42 196778
 42 196778
 38 217002
 38 217002
 38 217022
 38 226061
 221 226086
 221 226086
 221 229469
 221 229632
 256 234058
 256 234058
 256 229632
 256 229632
 61 240640
 61 240640
 61 229605
 61 229605
 101 246717
 101 246717
 101 229605
 101 229605
 58 252901
 58 252901
 58 252911
 58 258618
 24 258655
 24 258655
 24 262233
 24 262296
 89 264856
 89 264856
 89 262328
 89 262328
 56 270920
 56 270937
 56 276664
 56 276691
 -90 282406
 -90 282406
 -90 282406
 -90 282437
 120 282437
 120 282406
 120 282437
 120 287819
 65 287864
 65 287864
 65 295078
 65 295105
 208 295105
 208 295105
 208 295120
 208 308688
 90 308691
 90 308691
 90 327770
 90 335194
 78 335218
 78 360526
 78 371022
 78 371063
 -4 404514
 -4 404604
 -4 425852
 -4 432430
 -82 432430
 -82 432430
 -82 432430
 -82 432465
 93 432465
 93 432465
 93 450437
 93 450525
 -93 456995
 -93 456996
 -93 458531
 -93 458531
 -16 456996
 -16 456995
 -16 455280
 -16 455215
 186 445498
 186 445498
 186 445498
 186 445496
 -13 445496
 -13 445498
 -13 445496
 -13 430451
 -70 430421
 -70 425786
 -70 414522
 -70 414480
 195 399427
 195 399381
 195 393283
 195 385210
 58 385210
 58 385210
 58 385210
 58 385171
 -169 385171
 -169 385210
 -169 385171
 -169 368599
 -327 368554
 -327 368554
 -327 359993
 -327 339004
 -315 339001
 -315 339001
 -315 327365
 -315 300507
 -112 300485
 -112 300485
 -112 294672
 -112 263966
 -97 263952
 -97 229279
 -97 228314
 -97 228255
 118 193270
 118 193261
 118 164086
 118 164086
 70 165549
 70 165574
 70 165549
 70 164038
 -121 164038
 -121 165549
 -121 163719
 -121 163655
 -57 151902
 -57 151902
 -57 163655
 -57 165685
 -75 165685
 -75 165717
 -75 196405
 -75 196405
 -245 181181
 -245 181131
 -245 181131
 -245 181181
 6 181181
 6 181131
 6 181181
 6 194438
 76 194488
 76 194488
 76 196684
 76 196900
 292 205132
 292 205132
 292 196900
 292 196900
 173 214052
 173 214052
 173 214097
 173 222509
 206 222575
 206 222575
 206 229468
 206 229582
 92 230606
 92 230606
 92 229468
 92 229468
 62 237847
 62 237847
 62 229472
 62 229472
 96 244027
 96 244030
 96 250208
 96 250210
 -47 256316
 -47 256316
 -47 256337
 -47 261969
 15 261969
 15 256337
 15 262188
 15 262287
 172 262287
 172 262397
 172 268844
 172 268867
 -27 275018
 -27 275018
 -27 275018
 -27 275045
 95 275045
 95 275018
 95 262524
 95 262524
 380 281055
 380 281055
 380 262524
 380 262524
 152 286994
 152 286994
 152 286994
 152 294040
 304 294076
 304 294076
 304 295344
 304 306864
 305 306910
 305 306910
 305 327985
 305 332081
 225 332157
 225 332157
 225 360545
 225 368225
 106 368245
 106 393322
 106 401733
 106 401770
 -76 429831
 -76 429831
 -76 429831
 -76 429876
 71 429876
 71 429831
 71 426183
 71 426183
 110 448918
 110 448918
 110 426195
 110 426195
 211 455553
 211 455553
 211 426195
 211 426195
 121 446505
 121 446505
 121 426105
 121 426105
 46 431918
 46 431918
 46 426030
 46 415632
 16 415698
 16 415698
 16 415698
 16 415632
 -200 415632
 -200 415632
 -200 400568
 -200 400552
 92 386908
 92 386849
 92 360540
 92 360540
 198 371204
 198 371204
 198 360518
 198 342733
 77 342733
 77 342733
 77 342690
 77 327885
 -70 327885
 -70 342690
 -70 327482
 -70 303949
 -191 303930
 -191 303930
 -191 294849
 -191 267201
 -130 267136
 -130 267136
 -130 262014
 -130 231294
 -109 231230
 -109 231230
 -109 196371
 -109 196364
 -116 195120
 -116 195120
 -116 195120
 -116 165986
 -45 165900
 -45 165900
 -45 163667
 -45 163661
 -51 151373
 -51 151373
 -51 163661
 -51 165550
 -82 165538
 -82 165538
 -82 165538
 -82 165550
 225 165550
 225 165538
 225 163937
 225 163937
 207 181088
 207 181088
 207 181088
 207 194639
 174 194652
 174 194652
 174 196782
 174 196785
 177 205742
 177 205778
 177 214961
 177 215038
 -54 224155
 -54 224155
 -54 224202
 -54 229322
 102 229322
 102 224202
 102 229419
 102 229478
 171 232500
 171 232500
 171 229534
 171 229534
 30 239659
 30 239700
 30 246174
 30 246207
 -45 252417
 -45 252499
 -45 261971
 -45 261971
 -60 258500
 -60 258433
 -60 258500
 -60 262084
 120 262084
 120 258500
 120 262180
 120 262264
 36 264276
 36 264276
 36 262340
 36 262340
 68 270628
 68 270628
 68 262568
 68 262568
 296 276932
 296 276932
 296 262568
 296 262568
 210 282792
 210 282842
 210 288210
 210 288231
 -71 294555
 -71 294585
 -71 294841
 -71 306778
 -166 306691
 -166 306778
 -166 327514
 -166 331182
 -82 331155
 -82 331155
 -82 331182
 -82 360366
 116 360366
 116 331182
 116 360564
 116 366957
 130 366964
 130 366964
 130 393346
 130 401025
 237 401026
 237 401026
 237 426221
 237 426237
 253 429465
 253 429465
 253 426237
 253 426237
 245 448945
 245 448945
 245 426229
 245 426229
 112 457120
 112 457185
 112 457185
 112 457120
 -36 457120
 -36 457200
 -36 458531
 -36 458531
 -221 448988
 -221 448988
 -221 448915
 -221 434285
 -86 434211
 -86 434211
 -86 425898
 -86 425759
 -225 418218
 -225 418218
 -225 418203
 -225 403002
 -18 402975
 -18 402975
 -18 393198
 -18 393075
 -13 388846
 -13 388846
 -13 388776
 -13 373619
 -136 373596
 -136 360440
 -136 346360
 -136 346310
 141 307597
 141 307597
 141 307590
 141 295053
 -108 295053
 -108 307590
 -108 294804
 -108 270256
 -318 270228
 -318 270228
 -318 261826
 -318 233932
 -114 233922
 -114 233922
 -114 229262
 -114 197807
 -180 197774
 -180 196428
 -180 168274
 -180 168268
 58 150460
 58 150458
 58 131258
 58 131258
 186 149904
 186 149904
 186 131314
 186 131314
 242 149904
 242 149904
 242 149904
 242 163050
 71 163058
 71 163911
 71 178754
 71 178759
 -39 192434
 -39 192434
 -39 192473
 -39 196569
 57 196569
 57 192473
 57 196793
 57 196854
 246 203449
 246 203449
 246 196854
 246 196854
 112 213154
 112 213154
 112 213154
 112 222576
 13 222590
 13 229389
 13 231181
 13 231220
 -98 238494
 -98 238539
 -98 261996
 -98 261996
 -20 245356
 -20 245356
 -20 261996
 -20 261996
 -44 251604
 -44 251604
 -44 261996
 -44 261996
 -20 257900
 -20 257859
 -20 257900
 -20 261996
 18 261996
 18 257900
 18 262159
 18 262162
 143 263954
 143 263954
 143 262305
 143 262305
 33 270351
 33 270411
 33 276385
 33 276406
 -103 282137
 -103 282177
 -103 294449
 -103 294449
 -335 287853
 -335 287853
 -335 294449
 -335 294449
 -160 294240
 -160 294237
 -160 294240
 -160 294752
 43 294752
 43 294240
 43 295083
 43 305799
 125 305835
 125 305835
 125 327805
 125 329062
 236 329085
 236 329085
 236 360684
 236 364449
 144 364524
 144 364524
 144 393360
 144 398480
 49 398554
 49 398554
 49 426036
 49 426161
 52 427174
 52 427174
 52 426036
 52 426036
 160 447511
 160 447511
 160 426236
 160 426236
 124 456480
 124 456557
 124 456866
 124 456866
 -116 456866
 -116 456956
 -116 458508
 -116 458508
 -3 449554
 -3 449548
 -3 435965
 -3 435890
 165 420021
 165 420021
 165 420021
 165 420005
 -16 420005
 -16 420005
 -16 404720
 -16 404629
 80 390608
 80 390608
 80 390608
 80 390566
 -106 390566
 -106 390608
 -106 390566
 -106 375673
 -183 375574
 -183 375574
 -183 360265
 -183 349257
 -108 349215
 -108 349215
 -108 327444
 -108 310548
 -15 310542
 -15 294897
 -15 273137
 -15 273090
 44 236884
 44 236884
 44 236844
 44 229420
 -113 229420
 -113 229135
 -113 200517
 -113 200463
 71 170695
 71 170695
 71 170658
 71 164039
 -74 164039
 -74 170658
 -74 163766
 -74 163704
 -8 151990
 -8 151945
 -8 150136
 -8 150136
 134 150136
 134 150085
 134 150085
 134 162694
 167 162727
 167 162727
 167 163879
 167 163911
 199 178457
 199 178457
 199 178457
 199 192557
 210 192583
 210 192583
 210 196609
 210 196690
 129 203810
 129 203810
 129 196853
 129 196853
 117 213249
 117 213249
 117 213259
 117 222392
 216 222453
 216 222453
 216 229464
 216 229572
 68 231256
 68 231256
 68 229572
 68 229572
 121 238763
 121 238763
 121 229601
 121 229601
 97 245306
 97 245369
 97 251617
 97 251617
 -18 258076
 -18 258158
 -18 261998
 -18 264112
 -80 264102
 -80 264112
 -80 294743
 -80 294743
 -41 270167
 -41 270167
 -41 294743
 -41 294743
 -4 276348
 -4 276330
 -4 276330
 -4 276348
 5 276348
 5 276330
 5 262195
 5 262195
 51 282117
 51 282117
 51 262195
 51 262195
 137 287521
 137 287521
 137 287521
 137 293897
 23 293966
 23 293966
 23 294935
 23 295081
 169 305166
 169 305166
 169 305166
 169 327593
 46 327631
 46 360494
 46 362798
 46 362843
 -13 397555
 -13 397566
 -13 425971
 -13 426813
 -67 426768
 -67 426813
 -67 458557
 -67 458557
 -83 447682
 -83 447661
 -83 447661
 -83 447682
 252 447682
 252 447661
 252 426236
 252 426236
 20 457439
 20 457468
 20 457876
 20 457876
 -70 457876
 -70 457876
 -70 451002
 -70 450955
 83 436947
 83 436947
 83 436943
 83 426195
 -109 426195
 -109 436943
 -109 425899
 -109 425747
 -85 420969
 -85 420969
 -85 420969
 -85 405732
 -42 405675
 -42 393174
 -42 391126
 -42 391067
 124 376444
 124 376336
 124 360572
 124 351331
 227 351331
 227 351331
 227 351284
 227 327779
 -148 327779
 -148 351284
 -148 327532
 -148 313452
 -151 313411
 -151 313411
 -151 294761
 -151 275572
 -62 275561
 -62 275561
 -62 262082
 -62 239565
 -286 239554
 -286 228962
 -286 203379
 -286 203362
 5 172809
 5 172809
 5 172805
 5 163845
 -61 163845
 -61 172805
 -61 163779
 -61 163735
 -105 153027
 -105 152978
 -105 149716
 -105 149716
 59 149716
 59 149655
 59 149716
 59 161851
 78 161915
 78 161915
 78 163918
 78 164212
 372 177690
 372 177690
 372 177690
 372 191536
 286 191604
 286 191604
 286 196751
 286 197022
 143 203166
 143 203166
 143 196751
 143 196751
 94 212623
 94 212665
 94 222025
 94 222046
 -111 230801
 -111 230801
 -111 230801
 -111 230870
 151 230870
 151 230801
 151 229556
 151 229556
 52 238359
 52 238368
 52 245163
 52 245172
 -13 251603
 -13 251603
 -13 251603
 -13 251635
 142 251635
 142 251635
 142 257928
 142 257934
 -14 264228
 -14 264228
 -14 264228
 -14 264306
 170 264306
 170 264228
 170 262314
 170 262314
 230 270506
 230 270506
 230 262299
 230 262299
 27 276746
 27 276746
 27 262329
 27 262329
 57 282779
 57 282780
 57 288185
 57 288202
 -5 294082
 -5 294082
 -5 294139
 -5 294907
 80 294907
 80 294139
 80 294992
 80 295315
 275 304652
 275 304652
 275 304652
 275 325779
 206 325843
 206 325843
 206 327886
 206 360112
 165 360142
 165 360142
 165 393244
 165 393253
 156 395045
 156 395045
 156 395125
 156 425244
 19 425292
 19 425292
 19 426131
 19 426204
 92 446867
 92 446950
 92 457692
 92 457696
 -43 459051
 -43 459093
 -43 459093
 -43 459093
 -34 459051
 -34 458590
 -34 452446
 -34 452388
 88 438744
 88 438738
 88 426200
 88 422860
 204 422860
 204 422850
 204 393420
 204 393420
 231 407636
 231 407655
 231 407636
 231 393319
 -146 393319
 -146 407636
 -146 393198
 -146 393198
 -30 393186
 -30 393129
 -30 378338
 -30 378248
 162 354216
 162 354216
 162 354210
 162 327842
 -62 327842
 -62 327618
 -62 316610
 -62 316575
 66 278466
 66 278446
 66 262338
 66 242249
 201 242269
 201 242249
 201 229449
 201 205618
 434 205691
 434 205618
 434 196914
 434 174367
 31 174459
 31 174459
 31 174367
 31 163871
 -127 163871
 -127 174367
 -127 163793
 -127 163713
 -175 153764
 -175 153764
 -175 163602
 -175 163602
 -110 160556
 -110 160556
 -110 163602
 -110 176453
 -187 176396
 -187 176453
 -187 196421
 -187 196421
 -16 190832
 -16 190752
 -16 190832
 -16 196464
 4 196464
 4 196740
 4 202116
 4 202230
 -9 211831
 -9 211833
 -9 229239
 -9 229239
 -21 221163
 -21 221076
 -21 221163
 -21 229355
 11 229355
 11 221163
 11 229387
 11 229600
 96 229899
 96 229946
 96 237701
 96 237792
 -7 244594
 -7 244594
 -7 244594
 -7 244601
 189 244601
 189 244594
 189 229487
 189 229487
 239 251169
 239 251197
 239 257371
 239 257391
 -13 263539
 -13 263539
 -13 263539
 -13 263541
 52 263541
 52 263539
 52 262324
 52 262324
 129 270004
 129 270004
 129 262380
 129 262380
 108 275969
 108 275969
 108 262380
 108 262380
 197 281735
 197 281735
 197 262273
 197 262273
 129 287301
 129 287301
 129 287335
 129 293249
 166 293342
 166 293342
 166 295078
 166 295298
 386 303782
 386 303782
 386 303823
 386 324226
 271 324335
 271 324335
 271 328079
 271 358281
 345 358287
 345 358287
 345 393225
 345 393561
 9 393810
 9 393817
 9 424201
 9 424296
 -25 446951
 -25 446951
 -25 446951
 -25 446968
 85 446968
 85 446951
 85 446968
 85 458390
 108 458453
 108 458453
 108 458390
 108 454101
 213 454112
 213 454101
 213 426197
 213 426197
 14 440718
 14 440740
 14 440718
 14 426126
 -80 426126
 -80 425776
 -80 424752
 -80 424737
 4 409014
 4 408964
 4 393348
 4 393348
 18 394258
 18 394339
 18 394258
 18 393234
 -33 393234
 -33 393183
 -33 379633
 -33 379615
 278 356420
 278 356374
 278 327958
 278 319294
 318 319330
 318 319294
 318 295230
 318 280942
 366 280942
 366 280930
 366 262510
 366 245047
 183 245047
 183 245003
 183 229431
 183 208611
 99 208611
 99 208539
 99 196835
 99 176965
 69 176965
 69 176965
 69 176913
 69 163909
 -151 163909
 -151 163689
 -151 155263
 -151 155241
 137 149311
 137 149257
 137 131325
 137 131325
 125 149257
 125 149257
 125 149311
 125 160154
 93 160253
 93 160253
 93 163933
 93 164231
 391 176159
 391 176159
 391 176159
 391 190599
 72 190689
 72 190689
 72 196673
 72 196808
 193 202371
 193 202371
 193 196693
 193 196693
 85 212033
 85 212093
 85 221525
 85 221563
 85 196693
 85 221525
 85 221563
 -31 8388577
 -31 262113
 -31 230625
 -31 230592
