 164 -913137
 176 -913116
 176 -913116
 176 -851920
 176 -834512
 422 -834440
 422 -834440
 422 -786010
 422 -769626
 416 -769542
 416 -769542
 416 -753248
 416 -721504
 416 -721461
 416 -721461
 416 -687712
 416 -675424
 420 -675353
 420 -675353
 420 -622172
 420 -616284
 422 -616220
 422 -616220
 422 -589402
 422 -562266
 370 -562261
 370 -562261
 370 -523790
 370 -515373
 92 -515342
 92 -515342
 92 -491300
 92 -465240
 319 -465188
 319 -465188
 319 -425665
 319 -412609
 585 -412576
 585 -412576
 585 -359863
 585 -356279
 553 -356268
 553 -356268
 553 -294359
 553 -293335
 346 -293292
 346 -293292
 346 -228902
 346 -226598
 270 -226565
 270 -226565
 270 -163442
 270 -157298
 365 -157269
 365 -157269
 365 -97939
 365 -80598
 345 -80531
 345 -32295
 345 -2385
 345 -2343
 312 312
 312 33445
 312 65848
 312 92438
 549 92472
 549 92472
 549 230053
 549 248985
 1031 248997
 1031 248997
 1031 525319
 1031 527111
 1031 527148
 1031 527148
 1031 918535
 1031 941319
 1176 941359
 1176 941359
 1176 1377432
 1176 1393048
 744 1393113
 744 1393113
 744 1835624
 744 1841705
 604 1841768
 604 1841768
 604 2163292
 604 2182424
 382 2182492
 382 2182492
 382 2359806
 382 2361236
 106 2361342
 106 2361342
 106 2425066
 106 2443139
 154 2443242
 154 2443242
 154 2443139
 154 2452395
 43 2452410
 43 2452395
 43 2425003
 43 2363580
 60 2363619
 60 2363580
 60 2359484
 60 2263455
 159 2263455
 159 2263455
 159 2263452
 159 2261151
 -18 2261151
 -18 2263452
 -18 2162542
 -18 2160494
 -142 2160481
 -142 2160481
 -142 2031602
 -142 2014962
 -643 2014961
 -643 2014961
 -643 1736061
 -643 1717117
 -544 1717027
 -544 1717027
 -544 1342944
 -544 1312736
 -762 1312663
 -762 1312663
 -762 916870
 -762 885738
 -1052 885638
 -1052 424804
 -1052 406628
 -1052 406571
 -749 -33517
 -749 -33517
 -749 -99053
 -749 -99717
 -680 -99821
 -680 -99821
 -680 -492200
 -680 -521365
 -199 -521384
 -199 -819399
 -199 -825245
 -199 -825287
 332 -953396
 332 -953455
 332 -953455
 332 -953455
 559 -953396
 559 -953396
 559 -916945
 559 -916729
 453 -916689
 453 -916689
 453 -851515
 453 -839230
 489 -839227
 489 -839227
 489 -786071
 489 -773783
 110 -773763
 110 -773763
 110 -753554
 110 -723909
 320 -723858
 320 -723858
 320 -687680
 320 -677440
 241 -677380
 241 -677380
 241 -622479
 241 -618170
 213 -618127
 213 -618127
 213 -589739
 213 -563186
 390 -563115
 390 -563115
 390 -524026
 390 -516602
 290 -516550
 290 -516550
 290 -491230
 290 -467678
 366 -467591
 366 -467591
 366 -425490
 366 -415768
 411 -415762
 411 -415762
 411 -360421
 411 -360364
 233 -360165
 233 -360364
 233 -327575
 233 -297655
 267 -297623
 267 -297623
 267 -261749
 267 -230517
 145 -230459
 145 -230459
 145 -163695
 145 -161135
 438 -161085
 438 -161085
 438 -97866
 438 -84554
 479 -84488
 479 -32289
 479 -6204
 479 -6177
 383 511
 383 33485
 383 66047
 383 85739
 717 85759
 717 85759
 717 230093
 717 237199
 890 237261
 890 237261
 890 492410
 890 506887
 742 507002
 742 507002
 742 885478
 742 916698
 876 916710
 876 916710
 876 1344492
 876 1366421
 943 1366508
 943 1366508
 943 1803055
 943 1817135
 583 1817213
 583 1817213
 583 2163399
 583 2167751
 384 2167772
 384 2167772
 384 2326784
 384 2354432
 349 2354556
 349 2354556
 349 2425181
 349 2439989
 435 2440029
 435 2457907
 435 2457907
 435 2457907
 -5 2457907
 -5 2457595
 -5 2454779
 -5 2454722
 12 2367628
 12 2367625
 12 2359436
 12 2267890
 114 2267890
 114 2267890
 114 2267868
 114 2261234
 -239 2261234
 -239 2267868
 -239 2195345
 -239 2164661
 -231 2164625
 -231 2164625
 -231 2031385
 -231 2024801
 -482 2024729
 -482 2024729
 -482 1768990
 -482 1738832
 -741 1738782
 -741 1738782
 -741 1342747
 -741 1337193
 -647 1337115
 -647 1337115
 -647 916857
 -647 910201
 -680 910090
 -680 458072
 -680 431960
 -680 431912
 -661 -661
 -661 -33215
 -661 -66197
 -661 -75413
 -447 -75419
 -447 -75419
 -447 -491967
 -447 -500925
 -122 -500927
 -122 -786554
 -122 -811099
 -122 -811130
 17 -951193
 17 -951279
 17 -951279
 17 -951279
 39 -951193
 39 -951193
 39 -950105
 39 -919641
 239 -919572
 239 -919572
 239 -851857
 239 -841361
 228 -841346
 228 -841346
 228 -786204
 228 -774777
 220 -774684
 220 -774684
 220 -753444
 220 -725815
 525 -725796
 525 -725796
 525 -687475
 525 -680819
 451 -680731
 451 -680731
 451 -622269
 451 -621757
 443 -621746
 443 -621746
 443 -589381
 443 -564805
 421 -564778
 421 -564778
 421 -523867
 421 -518491
 164 -518419
 164 -518419
 164 -491484
 164 -470236
 295 -470154
 295 -470154
 295 -425689
 295 -417515
 419 -417497
 419 -417497
 419 -392797
 419 -361565
 473 -361536
 473 -361536
 473 -327335
 473 -300226
 588 -300199
 588 -300199
 588 -261428
 588 -234846
 623 -234804
 623 -234804
 623 -195857
 623 -165916
 477 -165905
 477 -165905
 477 -97827
 477 -88867
 297 -88863
 297 -32471
 297 -10239
 297 -10199
 424 296
 424 437
 424 65832
 424 79912
 309 79990
 309 79990
 309 197045
 309 227509
 616 227551
 616 227551
 616 459496
 616 488632
 947 488680
 947 488680
 947 885683
 947 892851
 975 892920
 975 892920
 975 1311567
 975 1338653
 1099 1338703
 1099 1338703
 1099 1770699
 1099 1790411
 695 1790455
 695 1790455
 695 2130615
 695 2151328
 527 2151351
 527 2151351
 527 2327183
 527 2347407
 349 2347477
 349 2347477
 349 2425309
 349 2435549
 178 2435583
 178 2457650
 178 2480390
 178 2480390
 -214 2480390
 -214 2480434
 -214 2480390
 -214 2458960
 -153 2458922
 -153 2392039
 -153 2373368
 -153 2373351
 148 2271800
 148 2271764
 148 2261012
 148 2168776
 200 2168793
 200 2168776
 200 2162888
 200 2033665
 1 2033757
 1 2033757
 1 2033665
 1 2031617
 -312 2031617
 -312 2033665
 -312 1769032
 -312 1756767
 -582 1756744
 -582 1756744
 -582 1375546
 -582 1357626
 -770 1357626
 -770 1357626
 -770 949502
 -770 933886
 -674 933832
 -674 490974
 -674 462814
 -674 462729
 -593 -33489
 -593 -33489
 -593 -33489
 -593 -45510
 -239 -45521
 -239 -45521
 -239 -458991
 -239 -479699
 -183 -479727
 -183 -786487
 -183 -797474
 -183 -797495
 212 -948652
 212 -948711
 212 -950029
 212 -950029
 243 -948711
 243 -948711
 243 -948711
 243 -923163
 120 -923149
 120 -923149
 120 -851848
 120 -845516
 140 -845448
 140 -845448
 140 -786292
 140 -777844
 358 -777741
 358 -777741
 358 -753306
 358 -727204
 489 -727194
 489 -727194
 489 -687639
 489 -681843
 216 -681751
 216 -681751
 216 -655272
 216 -624635
 324 -624552
 324 -624552
 324 -589500
 324 -568043
 194 -567996
 194 -567996
 194 -524222
 194 -520694
 152 -520638
 152 -520638
 152 -491496
 152 -472296
 357 -472291
 357 -472291
 357 -425499
 357 -420431
 453 -420379
 453 -420379
 453 -392891
 453 -365499
 492 -365467
 492 -365467
 492 -327188
 492 -303484
 309 -303380
 309 -303380
 309 -261835
 309 -237541
 257 -237515
 257 -237515
 257 -196223
 257 -169343
 479 -169263
 479 -169263
 479 -97825
 479 -93537
 348 -93473
 348 -32420
 348 -15018
 348 -15012
 211 211
 211 341
 211 65747
 211 73683
 341 73709
 341 73709
 341 196949
 341 217110
 648 217173
 648 217173
 648 459272
 648 470024
 1154 470062
 1154 470062
 1154 853122
 1154 870018
 1126 870142
 1126 870142
 1126 1311846
 1126 1316133
 951 1316198
 951 1316198
 951 1737655
 951 1767841
 673 1767863
 673 1767863
 673 2130465
 673 2135838
 450 2135841
 450 2135841
 450 2326978
 450 2339010
 44 2339025
 44 2339025
 44 2425004
 44 2431148
 108 2431215
 108 2431215
 108 2457817
 108 2457836
 89 2461387
 89 2461387
 89 2457817
 89 2378195
 211 2378195
 211 2378136
 211 2359507
 211 2278042
 26 2278053
 26 2278042
 26 2261146
 26 2174474
 10 2174533
 10 2174533
 10 2174474
 10 2162698
 -28 2162698
 -28 2174474
 -28 2064356
 -28 2042084
 -628 2042006
 -628 2042006
 -628 1801612
 -628 1773307
 -655 1773196
 -655 1773196
 -655 1408497
 -655 1380849
 -703 1380824
 -703 1380824
 -703 982465
 -703 958191
 -825 958145
 -825 490567
 -825 490311
 -825 490242
 -804 -932
 -804 -932
 -804 -18084
 -804 -18153
 -682 -33450
 -682 -33450
 -682 -426666
 -682 -457642
 -204 -457665
 -204 -753868
 -204 -783051
 -204 -783052
 187 -946099
 187 -946117
 187 -949929
 187 -949929
 343 -946117
 343 -946117
 343 -946099
 343 -927449
 412 -927401
 412 -927401
 412 -851556
 412 -850020
 289 -849989
 289 -849989
 289 -786015
 289 -781407
 492 -781319
 492 -781319
 492 -753172
 492 -730178
 192 -730132
 192 -730132
 192 -687936
 192 -684621
 136 -684608
 136 -684608
 136 -655352
 136 -626941
 174 -626936
 174 -626936
 174 -589650
 174 -570197
 310 -570194
 310 -570194
 310 -523978
 310 -523722
 325 -523667
 325 -523667
 325 -491067
 325 -475761
 295 -475707
 295 -475707
 295 -425561
 295 -423769
 261 -423733
 261 -423733
 261 -392827
 261 -368763
 374 -368656
 374 -368656
 374 -327306
 374 -307689
 234 -307594
 234 -307594
 234 -262038
 234 -241326
 104 -241302
 104 -241302
 104 -196376
 104 -172602
 147 -172568
 147 -172568
 147 -98157
 147 -97389
 345 -97319
 345 -32423
 345 -19449
 345 -19367
 416 288
 416 559
 416 65824
 416 66848
 559 66889
 559 66889
 559 197167
 559 206604
 860 206639
 860 206639
 860 426844
 860 451366
 816 451420
 816 451420
 816 820144
 816 844706
 648 844720
 648 844720
 648 1278472
 648 1288448
 888 1288456
 888 1288456
 888 1737720
 888 1741700
 672 1741816
 672 1741816
 672 2097824
 672 2117024
 422 2117105
 422 2117105
 422 2326950
 422 2327974
 330 2328056
 330 2328056
 330 2392394
 330 2424064
 397 2424138
 397 2457997
 397 2473869
 397 2473869
 -4 2473869
 -4 2473869
 -4 2462332
 -4 2462230
 65 2381377
 65 2381377
 65 2381360
 65 2359361
 -41 2359361
 -41 2381360
 -41 2293719
 -41 2282199
 -190 2282199
 -190 2282199
 -190 2195266
 -190 2180418
 -366 2180417
 -366 2180417
 -366 2064018
 -366 2052836
 -514 2052754
 -514 2052754
 -514 1801726
 -514 1793534
 -348 1793518
 -348 1793518
 -348 1408548
 -348 1402416
 -569 1402404
 -569 1402404
 -569 982343
 -569 981599
 -955 981575
 -955 981575
 -955 523333
 -955 518213
 -807 518190
 -807 31961
 -807 9433
 -807 9402
 -417 -33185
 -417 -33185
 -417 -426401
 -417 -435343
 -112 -435361
 -112 -753904
 -112 -766654
 -112 -766704
 204 -940462
 204 -940468
 204 -949967
 204 -949967
 305 -940468
 305 -940468
 305 -940462
 305 -929487
 526 -929421
 526 -929421
 526 -884082
 526 -853618
 288 -853547
 288 -853547
 288 -786016
 288 -784495
 253 -784480
 253 -784480
 253 -753411
 253 -732165
 220 -732163
 220 -732163
 220 -687908
 220 -687161
 289 -687140
 289 -687140
 289 -655071
 289 -630751
 599 -630697
 599 -630697
 599 -589225
 599 -572123
 430 -572073
 430 -572073
 430 -556626
 430 -524657
 250 -524626
 250 -524626
 250 -491398
 250 -477062
 299 -477059
 299 -477059
 299 -425698
 299 -425685
 265 -425685
 265 -425685
 265 -392951
 265 -371703
 400 -371685
 400 -371685
 400 -327280
 400 -311152
 267 -311041
 267 -311041
 267 -261877
 267 -245237
 252 -245136
 252 -245136
 252 -196484
 252 -176272
 496 -176260
 496 -176260
 496 -130576
 496 -100978
 486 -100880
 486 -32410
 486 -22488
 486 -22426
 693 33461
 693 33461
 693 33461
 693 62901
 717 62926
 717 62926
 717 197302
 717 197325
 726 197325
 726 197325
 726 426710
 726 434832
 970 434902
 970 434902
 970 820170
 970 822204
 827 822218
 827 822218
 827 1246139
 827 1265339
 915 1265343
 915 1265343
 915 1704851
 915 1719443
 974 1719458
 974 1719458
 974 2097998
 974 2101532
 465 2101582
 465 2101582
 465 2294225
 465 2320849
 349 2320860
 349 2320860
 349 2392541
 349 2420424
 236 2420445
 236 2457836
 236 2472172
 236 2472172
 -2 2472172
 -2 2472179
 -2 2472179
 -2 2463998
 -17 2463936
 -17 2392047
 -17 2385397
 -17 2385391
 28 2285596
 28 2285596
 28 2285575
 28 2261020
 -51 2261020
 -51 2285575
 -51 2195277
 -51 2182989
 -141 2182968
 -141 2182968
 -141 2064371
 -141 2058995
 -418 2058989
 -418 2058989
 -418 1834590
 -418 1809758
 -339 1809671
 -339 1809671
 -339 1441453
 -339 1425390
 -726 1425325
 -726 1425325
 -726 1015082
 -726 1007914
 -666 1007882
 -666 1007882
 -666 556518
 -666 547839
 -547 547814
 -547 64989
 -547 39901
 -547 39845
 -680 -680
 -680 -680
 -680 -393896
 -680 -411560
 -259 -411607
 -259 -411607
 -259 -721155
 -259 -750595
 -256 -750608
 -256 -917632
 -256 -936466
 -256 -936466
 306 -936466
 306 -936576
 306 -936466
 306 -932686
 400 -932662
 400 -932662
 400 -884464
 400 -856816
 101 -856783
 101 -856783
 101 -786331
 101 -786165
 237 -786075
 237 -786075
 237 -753427
 237 -733527
 277 -733459
 277 -733459
 277 -720619
 277 -688875
 321 -688834
 321 -688834
 321 -655039
 321 -633593
 483 -633535
 483 -633535
 483 -589469
 483 -574902
 176 -574877
 176 -574877
 176 -557008
 176 -527824
 218 -527821
 218 -527821
 218 -491302
 218 -480360
 123 -480294
 123 -480294
 123 -458501
 123 -428855
 216 -428805
 216 -428805
 216 -393000
 216 -374568
 241 -374553
 241 -374553
 241 -327439
 241 -314229
 384 -314127
 384 -314127
 384 -261760
 384 -248448
 462 -248388
 462 -248388
 462 -196274
 462 -180476
 319 -180402
 319 -180402
 319 -130625
 319 -106065
 135 -106049
 135 -32761
 135 -27897
 135 -27843
 257 33025
 257 33025
 257 33359
 257 56321
 591 56339
 591 56339
 591 164431
 591 187215
 729 187237
 729 187237
 729 393817
 729 417045
 859 417113
 859 417113
 859 787419
 859 798863
 756 798939
 756 798939
 756 1213172
 756 1239456
 861 1239540
 861 1239540
 861 1672157
 861 1692574
 699 1692637
 699 1692637
 699 2064955
 699 2082363
 378 2082364
 378 2082364
 378 2294138
 378 2312461
 182 2312570
 182 2312570
 182 2392118
 182 2416680
 7 2416694
 7 2416694
 7 2457664
 7 2457735
 64 2464064
 64 2464117
 64 2464064
 64 2457664
 -76 2457664
 -76 2464064
 -76 2391988
 -76 2388404
 -207 2388365
 -207 2388365
 -207 2293553
 -207 2291011
 -7 2290993
 -7 2290993
 -7 2195321
 -7 2188921
 -253 2188836
 -253 2188836
 -253 2096899
 -253 2067302
 -737 2067203
 -737 2067203
 -737 1834399
 -737 1827053
 -621 1826975
 -621 1826975
 -621 1473811
 -621 1447283
 -658 1447187
 -658 1447187
 -658 1048046
 -658 1031150
 -704 1031086
 -704 1031086
 -704 589120
 -704 573793
 -850 573760
 -850 65078
 -850 65070
 -850 64558
 -529 -33425
 -529 -33425
 -529 -361105
 -529 -390545
 -433 -390597
 -433 -390597
 -433 -721201
 -433 -735015
 -107 -735025
 -107 -917739
 -107 -929964
 -107 -930027
 387 -934007
 387 -934013
 387 -934013
 387 -934013
 347 -934007
 347 -934007
 347 -884389
 347 -859867
 207 -859813
 207 -859813
 207 -819121
 207 -788664
 315 -788657
 315 -788657
 315 -753349
 315 -735429
 107 -735425
 107 -735425
 107 -720661
 107 -691578
 132 -691477
 132 -691477
 132 -655228
 132 -637564
 156 -637447
 156 -637447
 156 -589668
 156 -577892
 127 -577882
 127 -577882
 127 -556801
 127 -529730
 368 -529665
 368 -529665
 368 -491024
 368 -482380
 528 -482320
 528 -482320
 528 -458224
 528 -431088
 395 -431011
 395 -431011
 395 -392821
 395 -376949
 318 -376881
 318 -376881
 318 -327362
 318 -317378
 51 -317351
 51 -317351
 51 -261965
 51 -252237
 340 -252209
 340 -252209
 340 -196268
 340 -184289
 210 -184236
 210 -184236
 210 -130990
 210 -110053
 340 -109998
 340 -32428
 340 -31404
 340 -31394
 506 33146
 506 33146
 506 33398
 506 51048
 630 51066
 630 51066
 630 164470
 630 178701
 940 178806
 940 178806
 940 394028
 940 401964
 964 402035
 964 402035
 964 754500
 964 775747
 1124 775748
 1124 775748
 1124 1213668
 1124 1215147
 1120 1215204
 1120 1215204
 1120 1639520
 1120 1669703
 877 1669728
 877 1669728
 877 2065331
 877 2065389
 489 2065389
 489 2065389
 489 2294249
 489 2303127
 277 2303209
 277 2303209
 277 2392341
 277 2411521
 168 2411541
 168 2411541
 168 2457768
 168 2457857
 385 2465695
 385 2465695
 385 2457857
 385 2392761
 185 2392810
 185 2392810
 185 2392761
 185 2392249
 -63 2392249
 -63 2326465
 -63 2294721
 -63 2294713
 102 2193382
 102 2193382
 102 2193304
 102 2162918
 -66 2162918
 -66 2193304
 -66 2097086
 -66 2075131
 -353 2075070
 -353 2075070
 -353 1867295
 -353 1843743
 -500 1843726
 -500 1843726
 -500 1474188
 -500 1468130
 -613 1468044
 -613 1468044
 -613 1080603
 -613 1055024
 -729 1055003
 -729 1055003
 -729 621863
 -729 601456
 -780 601383
 -780 97396
 -780 94068
 -780 93984
 -633 -33401
 -633 -33401
 -633 -361081
 -633 -366880
 -253 -366969
 -253 -688253
 -253 -718165
 -253 -718205
 233 -924695
 233 -924713
 233 -949979
 233 -949979
 421 -937728
 421 -937728
 421 -937728
 421 -937728
 248 -937691
 248 -937691
 248 -884488
 248 -864559
 290 -864520
 290 -864520
 290 -818910
 290 -792542
 567 -792468
 567 -792468
 567 -753097
 567 -738288
 229 -738249
 229 -738249
 229 -720667
 229 -693618
 405 -693531
 405 -693531
 405 -655083
 405 -639979
 434 -639925
 434 -639925
 434 -589390
 434 -580175
 300 -580174
 300 -580174
 300 -556628
 300 -532308
 503 -532276
 503 -532276
 503 -491017
 503 -484960
 447 -484873
 447 -484873
 447 -458433
 447 -433345
 434 -433326
 434 -433326
 434 -392910
 434 -379598
 350 -379549
 350 -379549
 350 -327330
 350 -320232
 175 -320162
 175 -320162
 175 -261969
 175 -254844
 346 -254801
 346 -254801
 346 -196134
 346 -187232
 544 -187174
 544 -187174
 544 -130400
 544 -113760
 474 -113758
 474 -65190
 474 -35303
 474 -35238
 316 33084
 316 33084
 316 33084
 316 46336
 249 46396
 249 46396
 249 163961
 249 169849
 428 169853
 428 169853
 428 360876
 428 384648
 868 384684
 868 384684
 868 721764
 868 750112
 937 750180
 937 750180
 937 1180585
 937 1188521
 982 1188532
 982 1188532
 982 1639382
 982 1643990
 825 1643993
 825 1643993
 825 2032441
 825 2047264
 577 2047289
 577 2047289
 577 2261697
 577 2293185
 494 2293240
 494 2293240
 494 2392558
 494 2406850
 316 2406894
 316 2406894
 316 2457854
 316 2458044
 126 2464398
 126 2464398
 126 2457854
 126 2396861
 189 2396861
 189 2396823
 189 2392253
 189 2299738
 90 2299738
 90 2299707
 90 2293850
 90 2198237
 93 2198259
 93 2198259
 93 2198237
 93 2195677
 -3 2195677
 -3 2198237
 -3 2097021
 -3 2082173
 -196 2082116
 -196 2082116
 -196 1867580
 -196 1859644
 -448 1859611
 -448 1859611
 -448 1507008
 -448 1490401
 -644 1490368
 -644 1490368
 -644 1080828
 -644 1078780
 -719 1078736
 -719 1078736
 -719 654641
 -719 630065
 -677 630016
 -677 130523
 -677 124909
 -677 124891
 -372 -500
 -372 -32829
 -372 -328180
 -372 -342477
 -61 -342516
 -61 -688189
 -61 -700733
 -61 -700767
 211 -918445
 211 -918504
 211 -949940
 211 -949940
 332 -940478
 332 -940478
 332 -940478
 332 -940478
 52 -940468
 52 -940468
 52 -884684
 52 -869068
 290 -869011
 290 -869011
 290 -818910
 290 -795872
 409 -795870
 409 -795870
 409 -753383
 409 -740839
 372 -740781
 372 -740781
 372 -720524
 372 -696021
 364 -695948
 364 -695948
 364 -654996
 364 -642973
 389 -642964
 389 -642964
 389 -589435
 389 -582523
 431 -582453
 431 -582453
 431 -556625
 431 -533585
 548 -533563
 548 -533563
 548 -490972
 548 -487644
 376 -487557
 376 -487557
 376 -458248
 376 -436589
 267 -436488
 267 -436488
 267 -392821
 267 -382581
 409 -382571
 409 -382571
 409 -327399
 409 -323815
 590 -323718
 590 -323718
 590 -261426
 590 -258610
 531 -258597
 531 -258597
 531 -196077
 531 -190968
 458 -190957
 458 -190957
 458 -130742
 458 -117174
 455 -117167
 455 -65209
 455 -38895
 455 -38841
 582 33478
 582 33478
 582 33478
 582 41926
 527 41954
 527 41954
 527 131599
 527 161807
 751 161898
 751 161898
 751 361071
 751 369968
 1133 370031
 1133 370031
 1133 722157
 1133 727969
 1294 728045
 1294 728045
 1294 1148174
 1294 1163790
 1189 1163865
 1189 1163865
 1189 1606821
 1189 1618085
 1040 1618111
 1040 1618111
 1040 1999888
 1040 2026000
 496 2026069
 496 2026069
 496 2261360
 496 2281481
 347 2281584
 347 2281584
 347 2392539
 347 2401232
 189 2401243
 189 2401243
 189 2457789
 189 2457843
 115 2461331
 115 2461331
 115 2457843
 115 2401589
 53 2401589
 53 2401540
 53 2392117
 53 2304668
 28 2304691
 28 2304691
 28 2304668
 28 2293916
 -63 2293916
 -63 2304668
 -63 2228033
 -63 2203201
 -178 2203197
 -178 2203197
 -178 2097102
 -178 2089166
 -369 2089128
 -369 2089128
 -369 1900175
 -369 1873385
 -491 1873295
 -491 1873295
 -491 1539733
 -491 1508501
 -695 1508494
 -695 1508494
 -695 1113417
 -695 1099344
 -588 1099337
 -588 1099337
 -588 654772
 -588 653303
 -582 653236
 -582 163258
 -582 149690
 -582 149661
 -286 -33054
 -286 -33054
 -286 -295198
 -286 -320030
 -128 -320119
 -128 -655488
 -128 -683368
 -128 -683392
 40 -910139
 40 -910168
 40 -917336
 40 -941242
 198 -941224
 198 -941242
 198 -941242
 198 -941242
 311 -941224
 311 -941224
 311 -884425
 311 -871881
 289 -871823
 289 -871823
 289 -818783
 289 -798303
 634 -798242
 634 -798242
 634 -753030
 634 -742333
 472 -742278
 472 -742278
 472 -720424
 472 -697431
 363 -697384
 363 -697384
 363 -654869
 363 -645201
 264 -645141
 264 -645141
 264 -589560
 264 -584952
 71 -584945
 71 -584945
 71 -556985
 71 -535481
 4 -535473
 4 -535473
 4 -491516
 4 -489468
 149 -489388
 149 -489388
 149 -458731
 149 -438763
 438 -438729
 438 -438729
 438 -392778
 438 -385354
 492 -385298
 492 -385298
 492 -327188
 492 -326686
 219 -326676
 219 -326676
 219 -262053
 219 -261829
 342 -261797
 342 -261797
 342 -196138
 342 -194663
 362 -194602
 362 -194602
 362 -130710
 362 -121760
 250 -121750
 250 -65414
 250 -43446
 250 -43398
 435 33203
 435 33203
 435 33203
 435 36275
 639 36328
 639 36328
 639 131711
 639 152866
 855 152959
 855 152959
 855 328535
 855 354623
 1129 354647
 1129 354647
 1129 689385
 1129 704994
 977 705001
 977 705001
 977 1114961
 977 1139025
 1067 1139031
 1067 1139031
 1067 1574059
 1067 1592459
 781 1592491
 781 1592491
 781 1999757
 781 2006157
 428 2006247
 428 2006247
 428 2261292
 428 2271276
 318 2271314
 318 2271314
 318 2392382
 318 2395661
 388 2395710
 388 2395710
 388 2425220
 388 2456708
 195 2456710
 195 2456710
 195 2456710
 195 2404884
 20 2404920
 20 2404920
 20 2404884
 20 2392084
 -105 2392084
 -105 2404884
 -105 2326423
 -105 2308540
 -83 2308503
 -83 2308503
 -83 2228013
 -83 2207789
 -176 2207760
 -176 2207760
 -176 2096976
 -176 2096253
 -336 2096208
 -336 2096208
 -336 1900080
 -336 1890608
 -494 1890576
 -494 1890576
 -494 1539730
 -494 1530540
 -311 1530514
 -311 1530514
 -311 1146441
 -311 1121630
 -498 1121609
 -498 1121609
 -498 687630
 -498 680309
 -742 680206
 -742 195866
 -742 178754
 -742 178714
 -412 -33180
 -412 -33180
 -412 -295324
 -412 -296332
 -280 -296348
 -280 -296348
 -280 -655768
 -280 -665752
 -37 -665836
 -37 -884773
 -37 -902437
 -37 -902439
 301 -943138
 301 -943187
 301 -943187
 301 -943187
 608 -943138
 608 -943138
 608 -884000
 608 -875848
 592 -875808
 592 -875808
 592 -818608
 592 -801264
 225 -801200
 225 -801200
 225 -753439
 225 -744310
 109 -744223
 109 -744223
 109 -720787
 109 -699283
 258 -699279
 258 -699279
 258 -654974
 258 -648062
 207 -648016
 207 -648016
 207 -589745
 207 -587716
 258 -587697
 258 -587697
 258 -556798
 258 -538366
 202 -538272
 202 -538272
 202 -524214
 202 -491702
 249 -491680
 249 -491680
 249 -458631
 249 -441020
 401 -440967
 401 -440967
 401 -392943
 401 -387823
 687 -387771
 687 -387771
 687 -359761
 687 -329809
 405 -329807
 405 -329807
 405 -294635
 405 -265195
 183 -265117
 183 -265117
 183 -229193
 183 -197744
 271 -197705
 271 -197705
 271 -130673
 271 -125041
 477 -124993
 477 -65187
 477 -47091
 477 -47011
 556 684
 556 684
 556 684
 556 32428
 427 32456
 427 32456
 427 131371
 427 145963
 478 145983
 478 145983
 478 328158
 478 340446
 813 340454
 813 340454
 813 656173
 813 681773
 734 681788
 734 681788
 734 1082078
 734 1113732
 900 1113822
 900 1113822
 900 1540996
 900 1566340
 689 1566355
 689 1566355
 689 1966641
 689 1986319
 753 1986353
 753 1986353
 753 2261646
 753 2261745
 604 2261745
 604 2261745
 604 2359900
 604 2391900
 287 2391932
 287 2391932
 287 2425247
 287 2454943
 71 2454966
 71 2454966
 71 2454966
 71 2405637
 133 2405671
 133 2405671
 133 2405637
 133 2392069
 -346 2392069
 -346 2405637
 -346 2326182
 -346 2310822
 -212 2310802
 -212 2310802
 -212 2228012
 -212 2210604
 -1 2210587
 -1 2210587
 -1 2129791
 -1 2100863
 -271 2100776
 -271 2100776
 -271 1932913
 -271 1904497
 -646 1904416
 -646 1904416
 -646 1572346
 -646 1552122
 -609 1552038
 -609 1552038
 -609 1146271
 -609 1143977
 -575 1143967
 -575 1143967
 -575 720321
 -575 705729
 -917 705728
 -917 228587
 -917 206827
 -917 206728
 -672 -544
 -672 -33121
 -672 -262688
 -672 -271904
 -353 -271909
 -353 -622945
 -353 -646997
 -353 -647009
 53 -893236
 53 -893259
 53 -917323
 53 -943999
 385 -943875
 385 -943999
 385 -943999
 385 -943999
 366 -943875
 366 -943875
 366 -884370
 366 -878775
 281 -878738
 281 -878738
 281 -818919
 281 -803559
 148 -803559
 148 -803559
 148 -753644
 148 -745964
 132 -745868
 132 -745868
 132 -720764
 132 -700540
 306 -700429
 306 -700429
 306 -655054
 306 -649941
 200 -649934
 200 -649934
 200 -622392
 200 -589880
 300 -589872
 300 -589872
 300 -556756
 300 -540628
 404 -540560
 404 -540560
 404 -523884
 404 -494444
 207 -494358
 207 -494358
 207 -458545
 207 -443697
 229 -443665
 229 -443665
 229 -393115
 229 -390312
 285 -390299
 285 -390299
 285 -360035
 285 -332666
 140 -332643
 140 -332643
 140 -294900
 140 -268276
 279 -268208
 279 -268208
 279 -228969
 279 -201069
 276 -201065
 276 -201065
 276 -130668
 276 -128876
 315 -128838
 315 -65093
 315 -51013
 315 -50999
 305 433
 305 433
 305 433
 305 27825
 260 27827
 260 33290
 260 131460
 260 137860
 522 137932
 522 137932
 522 295434
 522 326154
 794 326205
 794 326205
 794 656282
 794 658842
 896 658927
 896 658927
 896 1082240
 896 1088384
 1068 1088403
 1068 1088403
 1068 1540260
 1068 1540268
 842 1541292
 842 1540268
 842 1934154
 842 1964874
 340 1964905
 340 1964905
 340 2228564
 340 2248473
 191 2248532
 191 2248532
 191 2359359
 191 2383935
 69 2383945
 69 2425029
 69 2448581
 69 2448634
 -113 2468623
 -113 2468731
 -113 2468731
 -113 2468731
 -181 2468623
 -181 2468623
 -181 2424779
 -181 2410955
 -5 2410930
 -5 2326523
 -5 2316283
 -5 2316225
 112 2215408
 112 2215408
 112 2215348
 112 2195696
 -4 2195696
 -4 2215348
 -4 2129788
 -4 2107516
 -181 2107426
 -181 2107426
 -181 1933131
 -181 1920587
 -594 1920581
 -594 1920581
 -594 1604910
 -594 1575726
 -557 1575713
 -557 1575713
 -557 1178963
 -557 1168211
 -605 1168147
 -605 1168147
 -605 752931
 -605 730915
 -563 730884
 -563 261581
 -563 231158
 -563 231117
 -75 -32843
 -75 -32955
 -75 -229451
 -75 -250443
 -187 -250480
 -187 -250480
 -187 -622779
 -187 -629691
 -151 -629732
 -151 -851991
 -151 -883223
 -151 -883243
 100 -943772
 100 -943864
 100 -943864
 100 -943864
 319 -943772
 319 -943772
 319 -884417
 319 -881857
 491 -881855
 491 -881855
 491 -818837
 491 -806102
 270 -806037
 270 -806037
 270 -753394
 270 -747506
 515 -747454
 515 -747454
 515 -720381
 515 -701949
 537 -701905
 537 -701905
 537 -654695
 537 -651902
 299 -651879
 299 -651879
 299 -622293
 299 -592085
 96 -592042
 96 -592042
 96 -556832
 96 -542306
 251 -542240
 251 -542240
 251 -524037
 251 -496417
 306 -496389
 306 -496389
 306 -458318
 306 -445794
 233 -445774
 233 -445774
 233 -393111
 233 -392909
 358 -392855
 358 -392855
 358 -360090
 358 -335770
 608 -335753
 608 -335753
 608 -294304
 608 -271523
 520 -271520
 520 -271520
 520 -228728
 520 -204408
 136 -204385
 136 -204385
 136 -163704
 136 -132472
 333 -132354
 333 -65203
 333 -54729
 333 -54707
 337 337
 337 337
 337 23377
 337 23383
 170 32810
 170 33049
 170 98346
 170 129834
 409 129903
 409 129903
 409 295193
 409 312601
 1025 312691
 1025 312691
 1025 623617
 1025 637441
 1220 637533
 1220 637533
 1220 1049796
 1220 1064368
 1224 1064388
 1224 1064388
 1224 1508552
 1224 1514889
 787 1514952
 787 1514952
 787 1934099
 787 1943059
 297 1943083
 297 1943083
 297 2228521
 297 2235940
 295 2235945
 295 2235945
 295 2359719
 295 2378151
 191 2378154
 191 2378154
 191 2425023
 191 2446015
 83 2446072
 83 2446072
 83 2446072
 83 2410922
 426 2410922
 426 2410903
 426 2392490
 426 2319673
 313 2319673
 313 2319672
 313 2294073
 313 2220217
 57 2220217
 57 2220217
 57 2220168
 57 2195641
 -254 2195641
 -254 2220168
 -254 2129666
 -254 2112870
 -264 2112770
 -264 2112770
 -264 1965816
 -264 1933560
 -443 1933445
 -443 1933445
 -443 1605189
 -443 1595222
 -455 1595205
 -455 1595205
 -455 1211961
 -455 1189728
 -546 1189689
 -546 1189689
 -546 785758
 -546 757360
 -774 757342
 -774 294138
 -774 264186
 -774 264098
 -433 -305
 -433 -521
 -433 -196913
 -433 -222769
 -521 -222818
 -521 -222818
 -521 -590345
 -521 -609801
 -143 -609898
 -143 -851983
 -143 -872207
 -143 -872211
 126 -942338
 126 -942462
 126 -942462
 126 -942462
 222 -942338
 222 -942338
 222 -884642
 222 -883618
 594 -883611
 594 -883611
 594 -818478
 594 -808497
 335 -808494
 335 -808494
 335 -753201
 335 -749691
 314 -749617
 314 -749617
 314 -720454
 314 -702805
 320 -702790
 320 -702790
 320 -654912
 320 -652608
 167 -652606
 167 -652606
 167 -622425
 167 -593497
 219 -593488
 219 -593488
 219 -556965
 219 -546213
 290 -546183
 290 -546183
 290 -523998
 290 -499696
 141 -499678
 141 -499678
 141 -458739
 141 -447987
 198 -447874
 198 -447874
 198 -425786
 198 -394810
 279 -394791
 279 -394791
 279 -360041
 279 -338295
 263 -338281
 263 -338281
 263 -294521
 263 -275577
 353 -275568
 353 -275568
 353 -228895
 353 -209186
 341 -209183
 341 -209183
 341 -163371
 341 -136572
 395 -136491
 395 -65269
 395 -57845
 395 -57746
 416 288
 416 288
 416 20256
 416 20263
 627 33395
 627 33593
 627 98931
 627 123505
 953 123507
 953 123507
 953 295737
 953 300601
 947 300616
 947 300616
 947 590643
 947 616755
 1110 616760
 1110 616760
 1110 1017046
 1110 1041092
 1159 1041110
 1159 1041110
 1159 1475591
 1159 1490183
 845 1490225
 845 1490225
 845 1901517
 845 1920973
 533 1921010
 533 1921010
 533 2196117
 533 2221957
 515 2221973
 515 2221973
 515 2359811
 515 2370819
 539 2370895
 539 2370895
 539 2425371
 539 2441755
 524 2441831
 524 2441831
 524 2441831
 524 2416263
 263 2416296
 263 2416263
 263 2392455
 263 2325042
 50 2325063
 50 2325063
 50 2325042
 50 2293810
 -167 2293810
 -167 2325042
 -167 2228057
 -167 2225505
 -131 2225497
 -131 2225497
 -131 2129789
 -131 2119037
 -134 2118989
 -134 2118989
 -134 1966074
 -134 1946618
 -393 1946571
 -393 1946571
 -393 1638007
 -393 1617527
 -477 1617511
 -477 1617511
 -477 1244707
 -477 1213769
 -614 1213731
 -614 1213731
 -614 785818
 -614 783523
 -915 783514
 -915 294125
 -915 289789
 -915 289773
 -632 -632
 -632 -632
 -632 -197240
 -632 -200251
 -269 -200312
 -269 -200312
 -269 -590221
 -269 -591501
 -100 -591583
 -100 -852196
 -100 -862413
 -100 -862436
 384 -944012
 384 -944128
 384 -944128
 384 -944128
 381 -944012
 381 -944012
 381 -917123
 381 -889031
 319 -888963
 319 -888963
 319 -818753
 319 -812912
 268 -812865
 268 -812865
 268 -753268
 268 -752756
 130 -752642
 130 -752642
 130 -720894
 130 -705790
 256 -705704
 256 -705704
 256 -687744
 256 -656768
 246 -656692
 246 -656692
 246 -622346
 246 -597013
 370 -597002
 370 -597002
 370 -556558
 370 -546575
 603 -546574
 603 -546574
 603 -523685
 603 -500389
 443 -500357
 443 -500357
 443 -458309
 443 -449886
 328 -449861
 328 -449861
 328 -425656
 328 -397270
 284 -397240
 284 -397240
 284 -360164
 284 -341476
 176 -341433
 176 -341433
 176 -294864
 176 -278224
 278 -278179
 278 -278179
 278 -228970
 278 -211306
 415 -211247
 415 -211247
 415 -163553
 415 -139489
 626 -139460
 626 -64910
 626 -61889
 626 -61838
 641 641
 641 641
 641 16257
 641 16344
 483 33251
 483 33251
 483 98787
 483 117983
 585 117987
 585 117987
 585 262857
 585 289194
 689 289225
 689 289225
 689 590385
 689 596017
 811 596031
 811 596031
 811 1016619
 811 1017864
 936 1017899
 936 1017899
 936 1442600
 936 1465640
 869 1465656
 869 1465656
 869 1868773
 869 1899164
 659 1899237
 659 1899237
 659 2195987
 659 2209043
 571 2209116
 571 2209116
 571 2359867
 571 2363651
 405 2363707
 405 2363707
 405 2425237
 405 2436486
 299 2436501
 299 2436501
 299 2436486
 299 2420824
 88 2420824
 88 2420758
 88 2392152
 88 2329030
 70 2329030
 70 2328993
 70 2326726
 70 2228974
 110 2228974
 110 2228903
 110 2228462
 110 2123609
 217 2123609
 217 2123521
 217 2097241
 217 1958165
 21 1958252
 21 1958252
 21 1958165
 21 1933333
 -483 1933333
 -483 1958165
 -483 1637917
 -483 1635869
 -588 1635840
 -588 1635840
 -588 1244468
 -588 1232254
 -568 1232180
 -568 1232180
 -568 818504
 -568 804680
 -660 804636
 -660 327148
 -660 317164
 -660 317062
 -513 -33409
 -513 -33409
 -513 -164481
 -513 -174465
 -368 -174521
 -368 -174521
 -368 -557424
 -368 -572460
 -132 -572528
 -132 -819332
 -132 -850052
 -132 -850123
 302 -942034
 302 -942057
 302 -942057
 302 -942057
 132 -942034
 132 -942034
 132 -917500
 132 -890876
 252 -890808
 252 -890808
 252 -819076
 252 -814002
 232 -813956
 232 -813956
 232 -753560
 232 -752536
 266 -752534
 266 -752534
 266 -720502
 266 -705654
 387 -705604
 387 -705604
 387 -687741
 387 -657789
 425 -657743
 425 -657743
 425 -622167
 425 -598615
 424 -598578
 424 -598578
 424 -556632
 424 -548696
 383 -548688
 383 -548688
 383 -523777
 383 -502636
 133 -502529
 133 -502529
 133 -458619
 133 -451707
 43 -451611
 43 -451611
 43 -425813
 43 -398677
 137 -398667
 137 -398667
 137 -360439
 137 -342263
 324 -342240
 324 -342240
 324 -294588
 324 -279543
 504 -279484
 504 -279484
 504 -229000
 504 -213384
 399 -213379
 399 -213379
 399 -163441
 399 -143217
 384 -143168
 384 -97920
 384 -66688
 384 -66602
 495 495
 495 495
 495 11223
 495 11247
 363 33131
 363 33131
 363 98667
 363 109824
 528 109931
 528 109931
 528 262672
 528 276752
 960 276822
 960 276822
 960 558016
 960 573376
 1104 573389
 1104 573389
 1104 984272
 1104 990640
 1175 990672
 1175 990672
 1175 1410071
 1175 1437975
 1005 1438008
 1005 1438008
 1005 1868781
 1005 1875180
 697 1875181
 697 1875181
 697 2163257
 697 2194211
 121 2194233
 121 2326649
 121 2356234
 121 2356345
 -27 2430474
 -27 2430474
 -27 2430565
 -27 2457445
 215 2457445
 215 2430565
 215 2430474
 215 2422781
 125 2422781
 125 2422762
 125 2392317
 125 2332853
 53 2332853
 53 2332800
 53 2326709
 53 2232763
 187 2232763
 187 2232763
 187 2232746
 187 2228411
 -107 2228411
 -107 2232746
 -107 2129813
 -107 2128061
 -195 2128021
 -195 2128021
 -195 1998781
 -195 1969341
 -393 1969337
 -393 1969337
 -393 1670775
 -393 1655415
 -726 1655311
 -726 1655311
 -726 1277226
 -726 1255513
 -586 1255466
 -586 1255466
 -586 851382
 -586 831938
 -538 831926
 -538 359782
 -538 348262
 -538 348204
 -509 -381
 -509 -727
 -509 -131453
 -509 -146745
 -599 -146813
 -599 -146813
 -599 -525015
 -599 -550060
 -355 -550103
 -355 -550103
 -355 -819555
 -355 -835939
 -40 -835959
 -40 -917544
 -40 -917544
 -40 -917544
 256 -917544
 256 -939560
 256 -917248
 256 -892416
 364 -892332
 364 -892332
 364 -818708
 364 -815380
 398 -815365
 398 -815365
 398 -753266
 398 -753266
 205 -753233
 205 -753233
 205 -720819
 205 -705971
 159 -705927
 159 -705927
 159 -687969
 159 -658785
 70 -658780
 70 -658780
 70 -622394
 70 -599354
 156 -599342
 156 -599342
 156 -557028
 156 -547305
 257 -547300
 257 -547300
 257 -524031
 257 -501759
 313 -501715
 313 -501715
 313 -458311
 313 -452167
 696 -452163
 696 -452163
 696 -425416
 696 -399816
 533 -399749
 533 -399749
 533 -359915
 533 -343787
 261 -343740
 261 -343740
 261 -294651
 261 -281083
 112 -281014
 112 -281014
 112 -229264
 112 -214968
 126 -214928
 126 -214928
 126 -163714
 126 -145330
 527 -145282
 527 -97777
 527 -69370
 527 -69361
 403 403
 403 403
 403 7571
 403 7677
 470 33238
 470 33238
 470 98774
 470 103062
 756 103126
 756 103126
 756 262900
 756 263924
 951 263925
 951 263925
 951 525239
 951 550794
 1052 550839
 1052 550839
 1052 951452
 1052 962460
 1241 962501
 1241 962501
 1241 1377497
 1241 1406080
 900 1406169
 900 1406169
 900 1835780
 900 1844740
 757 1844846
 757 1844846
 757 2163317
 757 2171660
 287 2171765
 287 2171765
 287 2326943
 287 2340751
 89 2340767
 89 2340767
 89 2392153
 89 2416916
 232 2416985
 232 2416985
 232 2416916
 232 2408583
 7 2408656
 7 2408583
 7 2392199
 7 2322743
 55 2322743
 55 2322737
 55 2293815
 55 2222672
 208 2222699
 208 2222672
 208 2195536
 208 2116192
 96 2116192
 96 2116192
 96 2116126
 96 2097248
 -205 2097248
 -205 2116126
 -205 1966003
 -205 1956816
 -374 1956787
 -374 1956787
 -374 1670666
 -374 1648986
 -254 1648906
 -254 1648906
 -254 1277826
 -254 1253255
 -481 1253250
 -481 1253250
 -481 851615
 -481 836039
 -715 835999
 -715 392501
 -715 362037
 -715 362011
 -613 -613
 -613 -613
 -613 -131359
 -613 -131429
 -590 -131685
 -590 -131429
 -590 -524878
 -590 -542030
 -296 -542039
 -296 -819624
 -296 -833448
 -296 -833536
 13 -941837
 13 -941939
 13 -941939
 13 -941939
 194 -941837
 194 -941837
 194 -917310
 194 -899192
 450 -899134
 450 -899134
 450 -851518
 450 -826495
 288 -826430
 288 -826430
 288 -786144
 288 -768992
 72 -768976
 72 -768976
 72 -753464
 72 -725875
 16 -725816
 16 -725816
 16 -687984
 16 -683632
 386 -683561
 386 -683561
 386 -655102
 386 -628734
 434 -628681
 434 -628681
 434 -589518
 434 -575694
 64 -575659
 64 -575659
 64 -556864
 64 -529016
 14 -528960
 14 -528960
 14 -491378
 14 -481146
 198 -481138
 198 -481138
 198 -458682
 198 -431034
 213 -431000
 213 -431000
 213 -393003
 213 -378974
 171 -378923
 171 -378923
 171 -327509
 171 -319829
 291 -319801
 291 -319801
 291 -261725
 291 -253533
 635 -253510
 635 -253510
 635 -195845
 635 -181607
 447 -181509
 447 -181509
 447 -130753
 447 -101313
 361 -101294
 361 -32279
 361 -19050
 361 -18967
 451 323
 451 33535
 451 65859
 451 75265
 767 75331
 767 75331
 767 229593
 767 229631
 884 230143
 884 229631
 884 492404
 884 509455
 1027 509556
 1027 509556
 1027 917635
 1027 917642
 822 918659
 822 917642
 822 1344310
 822 1356576
 1081 1356598
 1081 1356598
 1081 1770553
 1081 1792057
 889 1792081
 889 1792081
 889 2098041
 889 2122318
 272 2122361
 272 2122361
 272 2294032
 272 2294032
 127 2294044
 127 2294044
 127 2359551
 127 2372522
 299 2372607
 299 2372607
 299 2372522
 299 2382850
 386 2382851
 386 2382850
 386 2359554
 386 2297664
 320 2297664
 320 2297606
 320 2294080
 320 2198016
 256 2198060
 256 2198016
 256 2195712
 256 2097728
 320 2097742
 320 2097742
 320 2097728
 320 2097472
 -20 2097472
 -20 2097728
 -20 1966060
 -20 1952252
 -133 1952236
 -133 1952236
 -133 1671035
 -133 1655163
 -464 1655101
 -464 1655101
 -464 1277488
 -464 1260601
 -176 1260592
 -176 1260592
 -176 851792
 -176 842874
 -230 842832
 -230 393114
 -230 371672
 -230 371610
 -345 -33113
 -345 -33113
 -345 -98649
 -345 -122192
 -46 -122201
 -46 -524462
 -46 -535726
 -46 -535792
 132 -834983
 132 -835068
 132 -851964
 132 -958710
 522 -958701
 522 -958710
 522 -958710
 522 -958710
 715 -958701
 715 -958701
 715 -949557
 715 -918837
 740 -918794
 740 -918794
 740 -851356
 740 -843466
 841 -843420
 841 -843420
 841 -785463
 841 -782903
 1003 -782888
 1003 -782888
 1003 -752661
 1003 -737124
 954 -737045
 954 -737045
 954 -720070
 954 -692943
 1018 -692934
 1018 -692934
 1018 -654470
 1018 -634106
 1060 -633990
 1060 -633990
 1060 -588764
 1060 -576242
 1137 -576220
 1137 -576220
 1137 -555791
 1137 -525349
 1152 -525327
 1152 -525327
 1152 -490496
 1152 -475392
 1111 -475388
 1111 -475388
 1111 -424873
 1111 -423849
 1511 -423846
 1511 -423846
 1511 -391705
 1511 -370025
 1552 -369945
 1552 -369945
 1552 -326000
 1552 -309872
 1478 -309795
 1478 -309795
 1478 -260794
 1478 -244185
 1555 -244154
 1555 -244154
 1555 -195053
 1555 -175853
 1995 -175833
 1995 -175833
 1995 -97600
 1995 -97589
 2083 -96309
 2083 -30557
 2083 -15965
 2083 -15958
 1957 1829
 1957 2154
 1957 67365
 1957 75301
 2282 75371
 2282 75371
 2282 198762
 2282 223814
 2668 223850
 2668 223850
 2668 494038
 2668 494060
 2863 494316
 2863 494060
 2863 887727
 2863 896916
 3107 896943
 3107 896943
 3107 1313955
 3107 1334435
 3222 1334446
 3222 1334446
 3222 1771926
 3222 1771941
 2905 1772694
 2905 1771941
 2905 2100185
 2905 2109346
 2996 2109401
 2996 2109401
 2996 2263988
 2996 2288564
 3429 2288623
 3429 2288623
 3429 2362725
 3429 2374194
 3479 2374245
 3479 2374245
 3479 2395415
 3479 2395468
 3532 2402124
 3532 2402124
 3532 2395468
 3532 2320241
 3569 2320241
 3569 2320197
 3569 2297201
 3569 2223135
 3743 2223135
 3743 2223108
 3743 2199071
 3743 2119412
 4084 2119412
 4084 2119347
 4084 2101236
 4084 1975269
 4069 1975269
 4069 1975228
 4069 1970149
 4069 1685051
 4155 1685108
 4155 1685051
 4155 1675323
 4155 1293088
 4640 1293088
 4640 1293072
 4640 1282592
 4640 876924
 4860 876924
 4860 876849
 4860 856700
 4860 410530
 4898 410580
 4898 410530
 4898 398242
 4898 5026
 5367 -87049
 5367 -87125
 5367 -92937
 5367 -509873
 5711 -509873
 5711 -509876
 5711 -518577
 5711 -812566
 6634 -812566
 6634 -815638
 6634 -815647
 6634 -942829
 7571 -942829
 7571 -945643
 7571 -945643
 7571 -945643
 8157 -942829
 8157 -945643
 8157 -914339
 8157 -914315
 8671 -909475
 8671 -914315
 8671 -843425
 8671 -842657
 9330 -842625
 9330 -842625
 9330 -782786
 9330 -782734
 9742 -777102
 9742 -782734
 9742 -743794
 9742 -736882
 10525 -736869
 10525 -736869
 10525 -710243
 10525 -693091
 11259 -693090
 11259 -693090
 11259 -644101
 11259 -636434
 11951 -636421
 11951 -636421
 11951 -578513
 11951 -578490
 12727 -578001
 12727 -578490
 12727 -544457
 12727 -525257
 13647 -525198
 13647 -525198
 13647 -477873
 13647 -474335
 14521 -474289
 14521 -474289
 14521 -422984
 14521 -422983
 15168 -411463
 15168 -422983
 15168 -377920
 15168 -369227
 16193 -369216
 16193 -369216
 16193 -311615
 16193 -311612
 17446 -311359
 17446 -311612
 17446 -245722
 17446 -245667
 18544 -244698
 18544 -245667
 18544 -178064
 18544 -175569
 19646 -175504
 19646 -175504
 19646 -97090
 19646 -97041
 20772 -78658
 20772 -17536
 20772 -17500
 20772 -11868
 22155 22027
 22155 23343
 22155 69387
 22155 69417
 23343 87563
 23343 69417
 23343 213507
 23343 213551
 24841 219951
 24841 213551
 24841 476041
 24841 476084
 26525 483721
 26525 476084
 26525 875410
 26525 875421
 28202 878493
 28202 875421
 28202 1306154
 28202 1309738
 29861 1309771
 29861 1309771
 29861 1749413
 29861 1749488
 31504 1766565
 31504 1749488
 31504 2098703
 31504 2098704
 33245 2128656
 33245 2098704
 33245 2261469
 33245 2287305
 34703 2287325
 34703 2287325
 34703 2361103
 34703 2374671
 36593 2374696
 36593 2374696
 36593 2395889
 36593 2397894
 38598 2398150
 38598 2398150
 38598 2397894
 38598 2321277
 40701 2321277
 40701 2321236
 40701 2301565
 40701 2227504
 43056 2227551
 43056 2227504
 43056 2205744
 43056 2124964
 45220 2124966
 45220 2124964
 45220 2109604
 45220 1985114
 47962 1985146
 47962 1985114
 47962 1981274
 47962 1703735
 50231 1703735
 50231 1703719
 50231 1688631
 50231 1330756
 52932 1330756
 52932 1312636
 52932 1312580
 52932 907537
 55569 907537
 55569 902470
 55569 902417
 55569 451830
 58486 451830
 58486 440822
 58486 440721
 58486 58614
 61631 -36801
 61631 -61374
 61631 -61377
 61631 -491747
 65309 -491747
 65309 -492953
 65309 -493027
 65309 -807452
 65309 -491747
 65309 -493027
 65309 -492953
 69092 -8286748
 69092 -815644
 69092 -807452
 69092 -807446
