 156 122780
 63 122868
 63 131135
 63 133127
 63 133183
 -42 141270
 -42 141285
 -42 163784
 -42 163784
 -184 149448
 -184 149411
 -184 149411
 -184 149448
 24 149448
 24 149411
 24 131317
 24 131317
 245 156824
 245 156824
 245 156865
 245 163226
 255 163317
 255 163317
 255 164095
 255 164252
 284 169094
 284 169215
 284 174492
 284 174543
 -41 179671
 -41 179671
 -41 179671
 -41 179675
 3 179675
 3 179675
 3 184963
 3 185086
 -36 190673
 -36 190684
 -36 196572
 -36 196572
 -11 196086
 -11 196085
 -11 196086
 -11 196597
 98 196597
 98 196086
 98 196766
 98 196834
 30 201186
 30 201186
 30 196766
 30 196766
 5 205714
 5 205714
 5 196849
 5 196849
 113 210053
 113 210167
 113 218334
 113 218353
 -62 235053
 -62 235053
 -62 235074
 -62 261954
 86 261954
 86 235074
 86 262215
 86 262230
 71 263766
 71 263766
 71 263780
 71 294727
 35 294781
 35 294781
 35 295075
 35 321955
 215 321997
 215 321997
 215 327839
 215 327895
 159 341687
 159 341687
 159 327839
 159 327839
 176 350111
 176 350111
 176 327838
 176 327838
 30 343710
 30 343784
 30 343784
 30 343710
 -225 343710
 -225 343784
 -225 343784
 -225 331807
 -337 331786
 -337 331786
 -337 327493
 -337 327343
 -59 317615
 -59 317615
 -59 317605
 -59 304197
 -2 304146
 -2 304146
 -2 294910
 -2 294515
 -269 291582
 -269 291582
 -269 291544
 -269 279411
 -172 279318
 -172 279318
 -172 261972
 -172 260180
 -167 260137
 -167 260137
 -167 229337
 -167 228569
 -220 228541
 -220 196516
 -220 196014
 -220 196004
 9 165385
 9 165381
 9 163849
 9 135037
 125 135037
 125 135037
 125 134943
 125 131197
 -52 131197
 -52 134943
 -52 131020
 -52 109260
 -20 109201
 -20 98284
 -20 92140
 -20 92038
 37 87461
 37 87438
 37 65701
 37 65701
 31 87438
 31 87438
 31 87438
 31 97567
 115 97639
 115 97639
 115 98404
 115 98547
 100 112539
 100 112539
 100 112539
 100 125706
 198 125796
 198 125796
 198 131115
 198 131142
 43 136239
 43 136239
 43 131277
 43 131277
 77 145195
 77 145195
 77 131277
 77 131277
 128 152984
 128 152984
 128 152984
 128 160384
 98 160510
 98 160510
 98 163932
 98 164066
 92 166857
 92 166857
 92 163932
 92 163932
 52 172545
 52 172636
 52 177928
 52 177972
 -118 183306
 -118 183318
 -118 196362
 -118 196362
 -186 188486
 -186 188448
 -186 188448
 -186 188486
 141 188486
 141 188448
 141 188448
 141 193549
 279 193662
 279 193662
 279 196713
 279 196887
 105 198935
 105 198935
 105 196713
 105 196713
 57 204135
 57 204135
 57 196802
 57 196802
 194 208689
 194 208689
 194 196847
 194 196847
 111 213167
 111 213167
 111 213167
 111 221119
 232 221167
 232 221167
 232 229608
 232 236975
 198 237032
 198 237032
 198 262342
 198 265158
 17 265174
 17 295057
 17 296593
 17 296659
 -66 324652
 -66 324652
 -66 324670
 -66 327486
 33 327486
 33 324670
 33 327841
 33 327889
 209 345249
 209 345249
 209 327889
 209 327889
 133 354181
 133 354222
 133 354222
 133 354181
 -69 354181
 -69 354289
 -69 360251
 -69 360251
 -77 348504
 -77 348504
 -77 348504
 -77 336880
 -32 336819
 -32 336819
 -32 327593
 -32 327520
 -215 322656
 -215 322644
 -215 308965
 -215 308905
 9 296350
 9 296350
 9 296329
 9 295049
 -246 295049
 -246 294666
 -246 283932
 -246 283914
 88 265843
 88 265816
 88 262232
 88 235144
 136 235209
 136 235144
 136 229512
 136 202334
 94 202334
 94 202288
 94 196702
 94 171466
 74 171466
 74 171466
 74 171403
 74 164042
 -85 164042
 -85 171403
 -85 163755
 -85 140715
 -19 140714
 -19 131053
 -19 114680
 -19 114669
 46 97077
 46 97070
 46 65688
 46 65688
 24 91288
 24 91288
 24 91288
 24 91288
 23 91350
 23 91350
 23 98455
 23 98546
 114 100487
 114 100503
 114 115152
 114 115186
 -30 128866
 -30 128879
 -30 130914
 -30 139971
 -61 139934
 -61 139971
 -61 163511
 -61 163511
 -329 148919
 -329 148919
 -329 163511
 -329 163511
 -171 157013
 -171 157013
 -171 163669
 -171 164386
 -94 164386
 -94 164477
 -94 196386
 -94 196386
 -90 171174
 -90 171164
 -90 171164
 -90 171174
 24 171174
 24 171164
 24 163992
 24 163992
 134 176792
 134 176792
 134 164253
 134 164253
 285 182278
 285 182278
 285 164253
 285 164253
 105 187549
 105 187578
 105 192675
 105 192745
 -164 198092
 -164 198108
 -164 229132
 -164 229132
 -116 203279
 -116 203279
 -116 229132
 -116 229132
 -112 208312
 -112 208272
 -112 208272
 -112 208312
 122 208312
 122 208312
 122 212858
 122 212859
 -45 217171
 -45 217189
 -45 229203
 -45 229203
 -23 224748
 -23 224745
 -23 224748
 -23 229353
 143 229353
 143 224748
 143 229519
 143 239759
 55 239766
 55 239766
 55 262199
 55 266807
 33 266876
 33 266876
 33 294935
 33 295073
 151 298378
 151 298378
 151 298378
 151 326935
 115 326985
 115 326985
 115 327829
 115 327923
 21 348309
 21 348309
 21 327829
 21 327829
 179 358293
 179 358293
 179 327793
 179 327793
 113 353127
 113 353127
 113 327827
 113 327827
 147 341896
 147 341896
 147 327848
 147 327848
 168 327848
 168 327848
 168 327848
 168 327844
 -188 327844
 -188 327844
 -188 327620
 -188 327545
 -135 314070
 -135 314052
 -135 301433
 -135 301426
 283 289371
 283 289307
 283 262427
 283 262427
 226 272090
 226 272090
 226 262370
 226 241848
 184 241848
 184 241843
 184 229560
 184 208565
 53 208573
 53 208573
 53 208565
 53 196789
 -18 196789
 -18 208565
 -18 196590
 -18 177902
 -245 177896
 -245 177896
 -245 163595
 -245 147237
 -22 147211
 -22 147211
 -22 131050
 -22 131029
 -43 120298
 -43 120272
 -43 101845
 -43 101844
 49 94841
 49 94769
 49 94769
 49 94769
 80 94841
 80 98512
 80 102864
 80 102911
 -77 117639
 -77 117683
 -77 130995
 -77 131386
 -70 131386
 -70 131419
 -70 163612
 -70 163612
 -100 142701
 -100 142620
 -100 142620
 -100 142701
 39 142701
 39 142620
 39 131239
 39 131239
 28 151457
 28 151463
 28 159494
 28 159516
 -137 167456
 -137 167456
 -137 167456
 -137 167543
 129 167543
 129 167543
 129 173825
 129 173921
 -3 179264
 -3 179325
 -3 196477
 -3 196477
 -119 184713
 -119 184713
 -119 196475
 -119 196475
 -5 190075
 -5 190000
 -5 190000
 -5 190075
 229 190075
 229 190000
 229 190000
 229 195173
 356 195180
 356 195180
 356 196830
 356 196964
 222 200484
 222 200548
 222 205762
 222 205790
 -138 210789
 -138 210789
 -138 210789
 -138 210806
 105 210806
 105 210789
 105 196841
 105 196841
 29 215529
 29 215548
 29 219928
 29 219933
 -112 227212
 -112 227216
 -112 229264
 -112 241639
 -25 241555
 -25 241555
 -25 241639
 -25 262119
 45 262119
 45 262189
 45 268077
 45 268129
 -2 299631
 -2 299631
 -2 299646
 -2 327550
 141 327550
 141 299646
 141 327806
 141 327821
 126 328333
 126 328333
 126 328368
 126 350539
 20 350590
 20 360596
 20 361364
 20 361426
 -150 362681
 -150 362730
 -150 362730
 -150 362730
 -172 362681
 -172 360276
 -172 357460
 -172 357436
 2 346508
 2 346498
 2 327933
 2 327933
 125 332469
 125 332469
 125 327933
 125 318564
 228 318564
 228 318464
 228 295156
 228 295156
 116 305842
 116 305842
 116 295156
 116 293833
 201 293871
 201 293833
 201 262345
 201 262345
 50 277170
 50 277205
 50 277170
 50 262322
 -64 262322
 -64 261952
 -64 247643
 -64 247616
 287 214236
 287 214175
 287 197023
 287 183494
 70 183519
 70 183494
 70 164038
 70 152884
 52 152910
 52 152910
 52 152884
 52 131124
 -51 131124
 -51 152884
 -51 130893
 -51 130820
 -124 125287
 -124 125287
 -124 125287
 -124 106047
 -34 105988
 -34 105988
 -34 106047
 -34 105051
 -37 104968
 -37 104968
 -37 104968
 -37 105051
 5 105051
 5 104968
 5 104968
 5 119045
 105 119082
 105 119082
 105 131189
 105 131305
 245 133006
 245 133006
 245 131456
 245 131456
 256 144473
 256 144473
 256 131456
 256 131456
 304 153472
 304 153472
 304 153479
 304 161576
 177 161584
 177 161584
 177 163889
 177 164011
 43 169498
 43 169498
 43 164011
 43 164011
 34 176299
 34 176299
 34 163874
 34 163874
 139 181794
 139 181794
 139 164257
 139 164257
 289 187147
 289 187147
 289 187206
 289 192673
 270 192689
 270 192689
 270 196728
 270 197006
 120 197774
 120 197774
 120 196849
 120 196849
 113 203036
 113 203036
 113 196849
 113 196849
 136 208323
 136 208323
 136 196886
 136 196886
 278 213128
 278 213128
 278 196886
 278 196886
 37 217878
 37 217878
 37 196817
 37 196817
 81 222494
 81 222494
 81 222494
 81 229073
 216 229086
 216 229086
 216 229464
 216 242520
 144 242543
 144 242543
 144 262288
 144 268165
 302 268176
 302 268176
 302 295342
 302 299656
 199 299694
 199 299694
 199 327726
 199 327879
 174 328605
 174 328605
 174 328605
 174 351278
 179 351322
 179 351322
 179 360499
 179 360505
 57 363273
 57 363273
 57 360567
 57 360567
 247 361746
 247 361746
 247 360567
 247 350951
 359 350951
 359 350949
 359 328167
 359 328167
 234 337106
 234 337130
 234 337106
 234 327914
 -44 327914
 -44 337106
 -44 327661
 -44 327508
 -19 323417
 -19 323412
 -19 310510
 -19 310509
 118 298358
 118 298358
 118 298299
 118 295030
 -105 295030
 -105 298299
 -105 294807
 -105 282535
 -55 282519
 -55 261961
 -55 254281
 -55 254261
 12 220969
 12 220969
 12 220940
 12 196620
 -67 196620
 -67 220940
 -67 196413
 -67 190013
 -17 190013
 -17 163823
 -17 159471
 -17 159399
 104 131560
 104 131544
 104 131304
 104 111367
 7 111369
 7 111367
 7 98468
 7 98468
 36 101540
 36 101540
 36 98474
 36 98474
 42 101540
 42 101540
 42 98474
 42 98474
 144 107422
 144 107422
 144 107422
 144 121616
 263 121703
 263 121703
 263 131088
 263 131463
 16 135559
 16 135559
 16 131125
 16 131125
 53 147216
 53 147216
 53 147273
 53 156684
 181 156725
 181 156725
 181 164021
 181 164086
 118 165041
 118 165041
 118 164235
 118 164235
 267 172941
 267 172941
 267 164235
 267 164235
 288 179851
 288 179851
 288 164167
 288 164167
 327 185632
 327 185657
 327 191303
 327 191359
 -2 196482
 -2 196606
 -2 196606
 -2 201774
 -82 201774
 -82 201774
 -82 201774
 -82 201795
 106 201795
 106 201774
 106 196714
 106 196714
 162 207385
 162 207385
 162 196834
 162 196834
 98 212753
 98 212753
 98 196834
 98 196834
 89 218045
 89 218045
 89 196745
 89 196745
 137 223065
 137 223065
 137 223075
 137 227465
 125 227497
 125 229501
 125 234058
 125 234109
 -22 247040
 -22 247146
 -22 261994
 -22 271525
 -91 271525
 -91 271588
 -91 294821
 -91 302956
 -20 302913
 -20 302913
 -20 302956
 -20 327532
 141 327532
 141 302956
 141 327693
 141 327873
 193 332045
 193 332045
 193 332127
 193 355265
 218 355288
 218 355288
 218 360451
 218 360538
 131 367665
 131 367706
 131 370179
 131 370179
 -20 370179
 -20 370179
 -20 366188
 -20 366173
 96 355936
 96 355853
 96 327848
 96 327848
 40 341928
 40 341928
 40 327920
 40 327920
 112 328147
 112 328147
 112 327920
 112 315463
 199 315463
 199 315394
 199 294983
 199 294983
 71 303431
 71 303465
 71 303431
 71 294983
 -60 294983
 -60 294852
 -60 288452
 -60 288423
 31 260699
 31 260639
 31 229407
 31 227200
 0 227203
 0 227203
 0 227200
 0 196736
 -175 196736
 -175 227200
 -175 196561
 -175 196423
 -57 196049
 -57 196038
 -57 165447
 -57 165444
 231 137063
 231 137023
 231 131175
 231 116164
 196 116215
 196 116215
 196 116215
 196 116164
 -5 116164
 -5 116164
 -5 105851
 -5 105851
 74 105851
 74 105809
 74 98506
 74 98506
 14 110791
 14 110791
 14 110791
 14 124814
 22 124821
 22 131222
 22 138902
 22 138914
 -158 150560
 -158 150560
 -158 150560
 -158 150626
 23 150626
 23 150560
 23 150560
 23 160023
 182 160031
 182 160031
 182 163894
 182 164174
 334 168223
 334 168223
 334 164174
 334 164174
 147 176444
 147 176462
 147 183305
 147 183315
 -141 188959
 -141 189043
 -141 196373
 -141 196373
 -107 194586
 -107 194581
 -107 194586
 -107 196373
 25 196373
 25 194586
 25 196761
 25 196871
 263 199826
 263 199826
 263 196872
 263 196872
 264 204807
 264 204807
 264 196872
 264 196872
 223 210184
 223 210184
 223 196831
 223 196831
 189 215733
 189 215733
 189 196669
 189 196669
 39 221245
 39 221245
 39 221254
 39 226319
 62 226343
 62 226343
 62 229438
 62 229628
 252 230974
 252 230974
 252 229628
 252 229628
 220 237032
 220 237032
 220 237032
 220 249052
 232 249086
 232 249086
 232 262248
 232 272425
 340 272488
 340 272488
 340 295380
 340 303572
 169 303590
 169 303590
 169 327721
 169 327873
 193 333353
 193 333353
 193 333427
 193 357825
 194 357872
 194 360514
 194 371266
 194 371326
 -3 374595
 -3 374653
 -3 393085
 -3 393085
 -60 374653
 -60 374595
 -60 371396
 -60 371370
 6 361614
 6 361606
 6 360582
 6 347701
 181 347701
 181 347653
 181 327784
 181 327784
 104 333393
 104 333416
 104 333393
 104 327784
 -28 327784
 -28 327524
 -28 320356
 -28 320256
 83 308093
 83 308051
 83 294995
 83 294016
 0 294034
 0 294016
 0 262272
 0 262272
 139 267275
 139 267275
 139 262155
 139 233750
 22 233813
 22 233813
 22 233750
 22 229398
 -6 229398
 -6 229242
 -6 202618
 -6 202581
 119 171639
 119 171639
 119 171597
 119 163959
 -61 163959
 -61 171597
 -61 163651
 -61 142918
 -157 142915
 -157 131043
 -157 121571
 -157 121511
 110 109934
 110 109846
 110 98652
 110 98652
 348 109846
 348 109846
 348 98652
 348 98652
 150 113478
 150 113478
 150 113478
 150 127126
 8 127134
 8 127134
 8 131080
 8 131307
 107 141320
 107 141320
 107 131307
 107 131307
 150 153574
 150 153579
 150 163094
 150 163095
 -159 171295
 -159 171361
 -159 196401
 -159 196401
 -79 179320
 -79 179249
 -79 179249
 -79 179320
 75 179320
 75 179249
 75 164058
 75 164058
 90 186187
 90 186187
 90 186189
 90 192218
 167 192245
 167 192245
 167 196775
 167 196779
 43 197799
 43 197799
 43 196798
 43 196798
 190 203179
 190 203179
 190 196798
 190 196798
 105 208562
 105 208574
 105 214121
 105 214141
 -78 219186
 -78 219186
 -78 219186
 -78 219253
 146 219253
 146 219186
 146 219253
 146 224402
 91 224450
 91 224450
 91 229431
 91 229467
 96 229467
 96 229467
 96 229600
 96 229844
 340 233952
 340 233952
 340 229844
 340 229844
 13 239828
 13 239828
 13 239866
 13 251405
 204 251513
 204 251513
 204 262220
 204 273996
 122 274013
 122 295162
 122 304774
 122 304890
 -18 334648
 -18 334648
 -18 334648
 -18 334702
 253 334702
 253 334648
 253 334648
 253 359507
 191 359549
 191 359549
 191 360511
 191 360690
 242 374079
 242 374079
 242 360844
 242 360844
 268 374668
 268 374767
 268 374767
 268 374668
 -147 374668
 -147 374767
 -147 374767
 -147 365421
 -232 365411
 -232 365411
 -232 360344
 -232 360280
 -168 351672
 -168 351672
 -168 351672
 -168 337496
 -56 337481
 -56 327496
 -56 324433
 -56 324424
 31 312432
 31 312432
 31 312432
 31 312351
 -57 312351
 -57 312432
 -57 312432
 -57 298734
 -148 298695
 -148 298695
 -148 294892
 -148 273132
 -322 273050
 -322 273050
 -322 261822
 -322 239550
 -6 239501
 -6 229242
 -6 207994
 -6 207907
 34 176889
 34 176802
 34 164002
 34 147931
 91 147931
 91 147856
 91 131291
 91 125656
 88 125656
 88 125638
 88 98520
 88 98520
 209 112805
 209 112805
 209 98532
 209 98532
 100 112805
 100 112805
 100 98532
 100 98532
 195 115079
 195 115079
 195 115079
 195 128411
 95 128451
 95 128451
 95 131200
 95 131295
 128 143071
 128 143081
 128 155264
 128 155299
 -97 165279
 -97 165367
 -97 196410
 -97 196410
 -198 173635
 -198 173635
 -198 196410
 -198 196410
 -15 181745
 -15 181740
 -15 181740
 -15 181745
 322 181745
 322 181740
 322 164162
 322 164162
 182 188717
 182 188717
 182 188717
 182 194486
 130 194545
 130 196610
 130 199938
 130 200005
 -142 205477
 -142 205554
 -142 229356
 -142 229356
 -20 210924
 -20 210906
 -20 210906
 -20 210924
 83 210924
 83 210906
 83 196691
 83 196691
 159 216078
 159 216078
 159 196785
 159 196785
 177 221215
 177 221215
 177 221298
 177 226721
 287 226737
 287 226737
 287 229659
 287 229663
 283 231427
 283 231427
 283 229659
 283 229659
 268 235803
 268 235868
 268 241420
 268 241510
 -63 251969
 -63 251969
 -63 252002
 -63 261953
 44 261953
 44 252002
 44 262316
 44 273068
 338 273138
 338 273138
 338 295378
 338 304009
 345 304082
 345 304082
 345 327687
 345 328025
 7 334355
 7 334425
 7 359687
 7 359806
 -170 375247
 -170 375254
 -170 393062
 -170 393062
 -154 380006
 -154 380006
 -154 393062
 -154 393062
 -145 380006
 -145 379934
 -145 377583
 -145 377508
 6 368902
 6 368896
 6 360454
 6 355475
 147 355475
 147 355461
 147 327863
 147 327863
 183 340919
 183 340919
 183 327863
 183 327665
 241 327665
 241 327658
 241 295153
 241 295153
 16 315792
 16 315807
 16 315807
 16 315792
 -6 315792
 -6 315807
 -6 315807
 -6 302330
 -118 302280
 -118 302280
 -118 294666
 -118 277821
 -287 277770
 -287 277770
 -287 261729
 -287 244577
 -121 244489
 -121 244489
 -121 229255
 -121 212703
 -224 212615
 -224 196384
 -224 182048
 -224 182031
 53 152669
 53 152629
 53 131125
 53 129840
 176 129840
 176 129825
 176 98479
 176 98479
 47 116376
 47 116376
 47 98479
 47 98479
 200 116376
 200 116376
 200 98442
 200 98442
 138 117821
 138 117832
 138 130442
 138 130450
 -80 144927
 -80 144944
 -80 163632
 -80 163632
 -167 157544
 -167 157529
 -167 157544
 -167 163673
 7 163673
 7 157544
 7 163869
 7 163975
 29 167303
 29 167303
 29 164060
 29 164060
 220 175645
 220 175645
 220 164060
 220 164060
 169 183772
 169 183772
 169 183802
 169 190980
 64 191017
 64 191017
 64 196797
 64 196800
 100 196800
 100 196836
 100 202158
 100 202212
 -6 207520
 -6 207610
 -6 229369
 -6 229369
 -135 212985
 -135 212985
 -135 229364
 -135 229364
 -12 218356
 -12 218287
 -12 218287
 -12 218356
 217 218356
 217 218356
 217 223705
 217 223706
 -4 228805
 -4 228860
 -4 229372
 -4 233935
 -49 233900
 -49 233900
 -49 233900
 -49 233935
 199 233935
 199 233900
 199 229463
 199 229463
 87 238381
 87 238381
 87 229580
 87 229580
 76 243742
 76 243742
 76 243742
 76 254156
 156 254162
 156 254162
 156 262172
 156 274716
 93 274738
 93 274738
 93 295005
 93 305245
 16 305254
 16 327696
 16 335632
 16 335720
 -125 361347
 -125 361407
 -125 393040
 -125 393040
 -48 377424
 -48 377424
 -48 392994
 -48 392994
 -94 382846
 -94 382754
 -94 382754
 -94 382754
 144 380916
 144 380816
 144 360882
 144 360882
 306 372883
 306 372883
 306 360882
 306 359406
 110 359406
 110 359404
 110 327918
 110 327918
 56 344888
 56 344888
 56 327843
 56 327843
 35 331660
 35 331683
 35 331660
 35 327843
 -208 327843
 -208 331660
 -208 327472
 -208 327441
 -111 319556
 -111 319556
 -111 319556
 -111 306785
 -28 306705
 -28 294756
 -28 283492
 -28 283441
 119 250487
 119 250387
 119 229495
 119 218182
 198 218182
 198 218120
 198 196678
 198 187098
 90 187098
 90 187082
 90 164058
 90 157393
 81 157393
 81 157393
 81 157393
 81 157340
 -144 157340
 -144 157393
 -144 157340
 -144 133872
 -101 133796
 -101 133796
 -101 131038
 -101 130971
 -34 119518
 -34 119518
 -34 131038
 -34 131532
 -52 131532
 -52 131532
 -52 131532
 -52 131556
 73 131556
 73 131532
 73 131219
 73 131219
 147 146217
 147 146217
 147 146217
 147 158867
 14 158937
 14 163982
 14 168846
 14 168956
 -170 177366
 -170 177366
 -170 177366
 -170 177399
 49 177399
 49 177366
 49 164017
 49 164017
 87 185749
 87 185749
 87 185749
 87 193111
 203 193143
 203 193143
 203 196683
 203 196796
 188 198961
 188 198961
 188 196796
 188 196796
 4 204476
 4 204476
 4 196705
 4 196705
 97 210180
 97 210180
 97 196836
 97 196836
 100 215393
 100 215405
 100 220854
 100 220900
 -57 226119
 -57 226167
 -57 229191
 -57 231345
 -79 231337
 -79 231337
 -79 231337
 -79 231345
 77 231345
 77 231337
 77 229581
 77 229581
 86 236219
 86 236237
 86 240938
 86 240982
 -46 246226
 -46 246236
 -46 262098
 -46 262098
 -138 255990
 -138 255990
 -138 262134
 -138 275244
 -212 275244
 -212 275244
 -212 275284
 -212 294700
 143 294700
 143 275284
 143 294927
 143 305167
 188 305272
 188 305272
 188 327868
 188 335804
 67 335836
 67 335836
 67 360519
 67 360643
 71 362423
 71 362435
 71 379463
 71 379492
 -153 385563
 -153 385563
 -153 385563
 -153 385563
 62 384365
 62 384318
 62 360510
 62 360510
 140 376588
 140 376588
 140 360577
 140 360577
 1 363649
 1 363732
 1 363649
 1 360577
 -130 360577
 -130 360446
 -130 349438
 -130 349380
 38 335994
 38 335994
 38 335910
 38 327718
 -67 327718
 -67 327485
 -67 323409
 -67 323389
 205 310511
 205 310511
 205 310477
 205 295117
 -102 295117
 -102 310477
 -102 294810
 -102 288410
 -62 288387
 -62 288387
 -62 261954
 -62 255554
 -147 255507
 -147 229357
 -147 223218
 -147 223213
 9 192222
 9 192137
 9 163977
 9 162192
 16 162192
 16 162182
 16 131216
 16 131216
 54 138024
 54 138024
 54 131126
 54 122766
 142 122766
 142 122758
 142 98538
 142 98538
 106 121297
 106 121297
 106 121297
 106 121297
 175 121322
 175 121322
 175 131119
 175 131368
 296 133387
 296 133387
 296 131494
 296 131494
 294 148264
 294 148264
 294 148293
 294 160900
 204 160934
 204 160934
 204 163848
 204 163916
 136 171084
 136 171121
 136 179720
 136 179833
 -66 187803
 -66 187803
 -66 187803
 -66 187838
 165 187838
 165 187838
 165 194981
 165 195020
 -29 200904
 -29 200931
 -29 229236
 -29 229236
 -140 206452
 -140 206416
 -140 206416
 -140 206452
 100 206452
 100 206416
 100 196836
 100 196836
 94 212196
 94 212196
 94 196830
 94 196830
 233 217534
 233 217534
 233 197006
 233 197006
 270 222818
 270 222818
 270 222818
 270 227982
 182 228059
 182 228059
 182 229558
 182 229586
 210 233398
 210 233413
 210 238290
 210 238302
 -168 243288
 -168 243288
 -168 261909
 -168 261909
 -107 248187
 -107 248085
 -107 248085
 -107 248187
 123 248187
 123 248085
 123 248187
 123 257391
 264 257403
 264 257403
 264 262536
 264 275592
 254 275596
 254 295166
 254 305304
 254 305406
 -21 336275
 -21 336363
 -21 360427
 -21 362806
 -74 362806
 -74 362806
 -74 362806
 -74 362852
 72 362852
 72 362806
 72 360520
 72 360520
 22 381000
 22 381050
 22 388114
 22 388114
 -42 388114
 -42 388118
 -42 392971
 -42 392971
 -117 387030
 -117 387030
 -117 392971
 -117 392971
 -10 379475
 -10 379475
 -10 379475
 -10 366838
 -132 366808
 -132 366808
 -132 360316
 -132 360200
 -120 352380
 -120 352380
 -120 352345
 -120 338771
 -18 338696
 -18 338696
 -18 327662
 -18 327608
 -72 326638
 -72 326616
 -72 314296
 -72 314287
 58 293115
 58 293050
 58 262330
 58 260817
 337 260817
 337 260808
 337 229841
 337 228476
 124 228476
 124 228398
 124 196732
 124 196732
 6 197382
 6 197382
 6 196614
 6 167210
 170 167215
 170 167215
 170 167210
 170 163882
 -180 163882
 -180 167210
 -180 163788
 -180 142540
 -278 142474
 -278 142474
 -278 130748
 -278 130666
 -324 126314
 -324 126281
 -324 126281
 -324 130748
 116 130748
 116 123580
 116 131160
 116 131316
 216 135089
 216 135089
 216 131211
 216 131211
 139 149848
 139 149848
 139 149871
 139 162699
 36 162806
 36 163876
 36 173092
 36 173154
 -178 181582
 -178 181605
 -178 196430
 -178 196430
 -171 189530
 -171 189530
 -171 196437
 -171 196712
 -152 196712
 -152 196713
 -152 229191
 -152 229191
 -57 202823
 -57 202797
 -57 202797
 -57 202823
 343 202823
 343 202797
 343 196951
 343 196951
 89 208409
 89 208409
 89 196841
 89 196841
 105 213809
 105 213849
 105 219057
 105 219113
 -88 224279
 -88 224296
 -88 229160
 -88 229830
 -186 229796
 -186 229796
 -186 229796
 -186 229830
 161 229830
 161 229796
 161 229537
 161 229537
 107 235169
 107 235237
 107 240185
 107 240235
 -9 245021
 -9 245021
 -9 245021
 -9 245111
 95 245111
 95 245021
 95 229599
 95 229599
 41 249984
 41 250079
 41 258985
 41 259041
 -40 276260
 -40 276312
 -40 294744
 -40 305266
 -14 305181
 -14 305266
 -14 327538
 -14 336112
 -16 336112
 -16 336112
 -16 336120
 -16 360432
 133 360432
 133 336120
 133 360453
 133 360466
 146 363269
 146 363366
 146 382482
 146 382590
 -44 390349
 -44 390349
 -44 390349
 -44 390349
 5 389702
 5 389702
 5 389702
 5 389637
 -305 389637
 -305 389702
 -305 392911
 -305 392911
 -36 382927
 -36 382866
 -36 370301
 -36 370268
 42 356091
 42 356091
 42 356091
 42 356010
 -240 356010
 -240 356091
 -240 360336
 -240 360336
 -227 342435
 -227 342416
 -227 329940
 -227 329885
 64 317764
 64 317764
 64 317764
 64 317760
 -59 317760
 -59 317764
 -59 317764
 -59 298053
 -272 298030
 -272 298030
 -272 294640
 -272 266237
 -280 266224
 -280 266224
 -280 261864
 -280 233704
 -77 233681
 -77 233681
 -77 229171
 -77 202547
 -138 202529
 -138 196470
 -138 171894
 -138 171783
 93 146424
 93 146424
 93 146397
 93 131293
 -67 131293
 -67 146397
 -67 131023
 -67 131005
 -49 129767
 -49 129767
 -49 131023
 -49 136148
 -172 136148
 -172 136161
 -172 163450
 -172 163450
 -262 150906
 -262 150906
 -262 163450
 -262 164118
 -106 164118
 -106 164118
 -106 164118
 -106 164212
 64 164212
 64 164212
 64 174872
 64 174912
 -13 183500
 -13 183500
 -13 183500
 -13 183539
 21 183539
 21 183539
 21 191635
 21 191637
 -64 198976
 -64 199001
 -64 229184
 -64 229184
 -102 205047
 -102 205047
 -102 229167
 -102 229167
 -209 210508
 -209 210508
 -209 229167
 -209 229167
 -204 215860
 -204 215860
 -204 229172
 -204 229172
 -153 221159
 -153 221159
 -153 229351
 -153 229351
 -1 226559
 -1 226468
 -1 226559
 -1 229375
 38 229375
 38 226559
 38 229404
 38 229542
 28 232102
 28 232116
 28 237084
 28 237176
 -105 242054
 -105 242071
 -105 261996
 -105 261996
 -20 246907
 -20 246907
 -20 261897
 -20 261897
 -119 251419
 -119 251419
 -119 261896
 -119 261896
 -120 259616
 -120 259592
 -120 259616
 -120 261896
 450 261896
 450 259616
 450 262466
 450 276233
 429 276290
 429 276290
 429 295341
 429 304813
 243 304822
 243 304822
 243 327923
 243 336077
 140 336115
 140 336115
 140 360478
 140 360588
 158 363916
 158 363973
 158 383758
 158 383774
 -3 392189
 -3 392190
 -3 392745
 -3 392745
 -343 392190
 -343 392190
 -343 392745
 -343 392745
 -133 391977
 -133 391977
 -133 393009
 -133 393009
 -79 385659
 -79 385659
 -79 385595
 -79 373553
 -170 373528
 -170 373528
 -170 360278
 -170 360244
 -204 359510
 -204 359510
 -204 360048
 -204 360048
 -272 345908
 -272 345908
 -272 345857
 -272 333424
 -14 333401
 -14 327538
 -14 321394
 -14 321352
 155 302309
 155 302235
 155 295067
 155 270861
 141 270913
 141 270861
 141 262157
 141 238071
 119 238071
 119 238071
 119 238001
 119 229623
 -105 229623
 -105 238001
 -105 229143
 -105 207129
 -123 207127
 -123 207127
 -123 196357
 -123 176707
 -26 176645
 -26 176645
 -26 163832
 -26 163814
 -136 150502
 -136 150502
 -136 150479
 -136 132856
 -71 132742
 -71 131001
 -71 131001
 -71 131001
 205 131001
 205 127417
 205 131119
 205 131149
 47 137234
 47 137234
 47 137234
 47 152074
 16 152111
 16 163984
 16 165520
 16 165578
 -153 176215
 -153 176231
 -153 196439
 -153 196439
 -169 185431
 -169 185431
 -169 196366
 -169 196366
 -114 193395
 -114 193294
 -114 193395
 -114 196366
 77 196366
 77 193395
 77 196685
 77 196793
 57 200781
 57 200781
 57 196793
 57 196793
 13 207033
 13 207059
 13 212493
 13 212568
 -35 217894
 -35 217949
 -35 229127
 -35 229127
 -121 223260
 -121 223260
 -121 229127
 -121 229127
 -207 228401
 -207 228401
 -207 229169
 -207 233922
 -62 233922
 -62 233922
 -62 233922
 -62 233943
 60 233943
 60 233922
 60 229553
 60 229553
 177 239164
 177 239164
 177 229553
 177 229553
 81 243889
 81 243945
 81 248633
 81 248657
 -24 253032
 -24 253032
 -24 253032
 -24 253048
 145 253048
 145 253048
 145 260369
 145 260466
 -2 275894
 -2 275966
 -2 294910
 -2 303717
 -155 303713
 -155 303717
 -155 327525
 -155 335256
 -232 335247
 -232 335247
 -232 335256
 -232 360344
 82 360344
 82 335256
 82 360530
 82 360552
 232 363583
 232 363583
 232 363583
 232 384289
 92 384360
 92 393436
 92 393623
 92 393692
 -18 394167
 -18 394222
 -18 394222
 -18 394222
 -27 394167
 -27 394167
 -27 393189
 -27 393172
 -172 388581
 -172 388581
 -172 393172
 -172 393172
 -38 376532
 -38 376530
 -38 362202
 -38 362172
 84 348500
 84 348500
 84 348500
 84 348463
 -135 348463
 -135 348463
 -135 335737
 -135 335712
 13 323803
 13 323725
 13 295053
 13 295053
 160 305927
 160 305952
 160 305927
 160 294944
 -4 294944
 -4 305927
 -4 294780
 -4 275068
 -13 275045
 -13 275045
 -13 262003
 -13 242291
 -76 242225
 -76 242225
 -76 229172
 -76 211305
 -75 211252
 -75 196533
 -75 180405
 -75 180356
 116 153725
 116 153716
 116 131264
 116 131264
 64 135562
 64 135562
 64 131264
 64 128907
 139 128966
 139 128907
 139 128907
 139 128907
 122 128966
 122 128966
 122 131194
 122 131329
 257 137789
 257 137789
 257 137789
 257 152321
 264 152388
 264 164104
 264 165896
 264 165971
 -18 177053
 -18 177053
 -18 177053
 -18 177134
 108 177134
 108 177134
 108 186084
 108 186092
 -45 194360
 -45 194360
 -45 194387
 -45 196435
 148 196435
 148 194387
 148 196628
 148 196804
 196 201985
 196 201985
 196 196824
 196 196824
 216 208522
 216 208522
 216 196824
 216 196824
 196 213959
 196 213976
 196 219204
 196 219261
 -34 224725
 -34 224734
 -34 229342
 -34 230263
 -9 230217
 -9 230217
 -9 230217
 -9 230263
 169 230263
 169 230217
 169 229598
 169 229598
 94 235433
 94 235433
 94 229776
 94 229776
 272 240791
 272 240791
 272 229776
 272 229776
 137 245904
 137 245904
 137 229478
 137 229478
 102 250633
 102 250633
 102 250643
 102 255327
 182 255334
 182 255334
 182 262324
 182 262326
 180 262582
 180 262582
 180 262638
 180 277428
 95 277503
 95 277503
 95 295007
 95 304155
 199 304223
 199 327879
 199 335500
 199 335559
 -118 364298
 -118 364371
 -118 392970
 -118 392970
 -35 386021
 -35 386021
 -35 393181
 -35 396191
 -97 396191
 -97 396232
 -97 425774
 -97 425774
 -82 397418
 -82 397418
 -82 397418
 -82 397418
 -71 397358
 -71 393017
 -71 392063
 -71 391993
 54 380726
 54 380723
 54 360539
 54 360539
 91 366427
 91 366459
 91 366427
 91 360539
 -72 360539
 -72 366427
 -72 360248
 -72 360228
 -92 352340
 -92 352340
 -92 352340
 -92 339529
 -149 339492
 -149 339492
 -149 327531
 -149 327531
 -284 327502
 -284 327502
 -284 327268
 -284 310374
 -92 310372
 -92 310372
 -92 294820
 -92 280315
 -26 280228
 -26 280228
 -26 262118
 -26 247014
 -12 247011
 -12 229236
 -12 215924
 -12 215823
 36 185048
 36 185048
 36 184996
 36 164004
 -169 164004
 -169 184996
 -169 163799
 -169 163591
 -121 157911
 -121 157843
 -121 138567
 -121 138503
 49 130865
 49 130833
 49 130833
 49 130833
 149 130865
 149 130865
 149 131093
 149 131105
 33 138517
 33 138517
 33 138614
 33 153121
 125 153123
 125 153123
 125 163965
 125 164119
 279 166761
 279 166761
 279 164119
 279 164119
 134 177935
 134 177943
 134 187014
 134 187118
 -104 195096
 -104 195197
 -104 196376
 -104 202903
 -361 202903
 -361 202959
 -361 229015
 -361 229015
 -74 209626
 -74 209590
 -74 209590
 -74 209626
 42 209626
 42 209590
 42 196778
 42 196778
 19 215210
 19 215237
 19 220435
 19 220467
 -83 225965
 -83 225965
 -83 226021
 -83 229293
 150 229293
 150 229526
 150 231312
 150 231318
 -81 236463
 -81 236463
 -81 236463
 -81 236506
 65 236506
 65 236463
 65 229569
 65 229569
 125 241857
 125 241857
 125 229501
 125 229501
 65 247043
 65 247043
 65 229461
 65 229461
 85 251935
 85 251935
 85 251935
 85 256331
 109 256341
 109 262381
 109 263402
 109 263405
 -126 277122
 -126 277122
 -126 277157
 -126 294786
 164 294786
 164 277157
 164 295076
 164 303012
 197 303047
 197 303047
 197 327749
 197 334405
 139 334448
 139 334448
 139 360459
 139 360577
 129 363275
 129 363275
 129 363352
 129 385665
 66 385760
 66 385760
 66 393251
 66 393282
 163 396866
 163 396920
 163 398627
 163 398627
 -131 398627
 -131 398669
 -131 398669
 -131 394237
 -75 394176
 -75 394176
 -75 393141
 -75 393078
 -138 383413
 -138 383413
 -138 383362
 -138 369270
 -238 369254
 -238 369254
 -238 360338
 -238 360269
 -51 355218
 -51 355212
 -51 342349
 -51 342329
 203 330187
 203 330142
 203 327883
 203 313923
 67 313923
 67 313923
 67 313900
 67 294979
 -76 294979
 -76 313900
 -76 294708
 -76 284724
 -124 284709
 -124 262020
 -124 251103
 -124 251012
 99 220131
 99 220131
 99 220035
 99 196835
 -63 196835
 -63 220035
 -63 196545
 -63 188911
 -231 188865
 -231 188865
 -231 163704
 -231 163609
 -8 161133
 -8 161049
 -8 141432
 -8 141341
 38 132299
 38 132262
 38 131242
 38 131242
 42 132262
 42 132299
 42 138922
 42 138987
 -43 153429
 -43 153458
 -43 163669
 -43 167332
 -92 167332
 -92 167371
 -92 196516
 -92 196516
 -14 178674
 -14 178674
 -14 196481
 -14 196481
 -127 187819
 -127 187777
 -127 187777
 -127 187819
 13 187819
 13 187777
 13 187819
 13 196109
 144 196220
 144 196752
 144 203920
 144 203937
 -60 210244
 -60 210244
 -60 210244
 -60 210244
 184 210244
 184 210244
 184 196792
 184 196792
 34 215992
 34 215992
 34 196770
 34 196770
 14 221346
 14 221346
 14 221375
 14 226702
 32 226735
 32 226735
 32 229512
 32 229536
 8 232096
 8 232096
 8 229512
 8 229512
 70 237448
 70 237535
 70 242758
 70 242798
 -35 247884
 -35 247901
 -35 261981
 -35 261981
 -80 252592
 -80 252558
 -80 252558
 -80 252592
 68 252592
 68 252558
 68 252558
 68 256957
 123 256964
 123 256964
 123 262361
 123 262395
 89 263887
 89 263887
 89 263887
 89 277156
 94 277209
 94 277209
 94 295134
 94 302046
 349 302076
 349 302076
 349 328157
 349 333450
 200 333533
 200 360648
 200 362403
 200 362440
 -89 385447
 -89 385447
 -89 385460
 -89 393127
 108 393127
 108 385460
 108 393324
 108 393358
 142 397325
 142 397420
 142 399758
 142 399758
 -21 399758
 -21 399758
 -21 395755
 -21 395676
 99 385253
 99 385251
 99 360675
 99 360675
 46 371118
 46 371118
 46 360622
 46 357050
 186 357086
 186 357050
 186 327866
 186 327866
 178 344107
 178 344114
 178 344114
 178 344107
 -25 344107
 -25 344114
 -25 344107
 -25 332263
 -32 332168
 -32 327648
 -32 316896
 -32 316816
 53 288451
 53 288451
 53 288437
 53 262325
 -37 262325
 -37 288437
 -37 261979
 -37 254561
 -34 254555
 -34 229214
 -34 223353
 -34 223326
 33 192345
 33 192289
 33 163873
 33 163849
 9 163869
 9 163869
 9 163849
 9 163849
 -158 163849
 -158 163682
 -158 143202
 -158 143202
 66 133232
 66 133186
 66 131237
 66 131237
 37 133186
 37 133186
 37 131237
 37 131237
 10 138661
 10 138661
 10 138730
 10 152970
 132 153062
 132 153062
 132 163844
 132 163945
 105 167428
 105 167428
 105 164068
 105 164068
 100 179207
 100 179207
 100 179207
 100 188578
 194 188644
 194 196781
 194 196802
 194 196802
 -91 204581
 -91 204581
 -91 204581
 -91 204618
 236 204618
 236 204581
 236 197010
 236 197010
 274 211275
 274 211275
 274 197010
 274 197010
 78 216964
 78 216978
 78 222245
 78 222286
 -93 227472
 -93 227491
 -93 229283
 -93 232997
 -91 232995
 -91 232995
 -91 232995
 -91 232997
 139 232997
 139 232995
 139 229608
 139 229608
 104 238219
 104 238219
 104 229608
 104 229608
 3 243688
 3 243688
 3 229507
 3 229507
 75 248707
 75 248742
 75 253515
 75 253564
 -16 257984
 -16 257984
 -16 258032
 -16 262128
 142 262128
 142 258032
 142 262158
 142 262209
 193 264206
 193 264206
 193 264246
 193 276545
 271 276574
 271 276574
 271 295183
 271 300303
 391 300394
 391 300394
 391 328071
 391 331655
 336 331751
 336 331751
 336 360518
 336 360912
 198 361168
 198 361168
 198 361175
 198 385094
 104 385101
 104 385101
 104 393240
 104 393448
 152 398056
 152 398056
 152 393253
 152 393253
 165 397349
 165 397349
 165 393253
 165 387513
 57 387520
 57 387513
 57 360680
 57 360680
 104 373698
 104 373698
 104 360680
 104 359515
 219 359515
 219 359455
 219 328069
 219 328069
 389 346245
 389 346245
 389 328069
 389 328069
 221 334045
 221 334045
 221 327901
 221 319346
 114 319346
 114 319269
 114 295026
 114 292386
 162 292411
 162 292386
 162 262178
 162 258683
 123 258683
 123 258669
 123 229499
 123 227411
 211 227411
 211 227371
 211 196691
 211 196564
 340 196564
 340 196483
 340 164308
 340 164308
 325 167837
 325 167837
 325 164293
 325 146651
 475 146666
 475 146651
 475 131649
 475 131649
 577 135489
 577 135489
 577 131649
 577 131649
 468 135489
 468 135489
 468 131540
 468 131540
 485 139710
 485 139710
 485 139710
 485 153445
 613 153470
 613 153470
 613 164376
 613 164453
 536 167754
 536 167754
 536 164577
 536 164577
 609 179736
 609 179736
 609 179793
 609 189124
 639 189153
 639 189153
 639 196895
 639 197247
 415 197468
 415 197468
 415 197268
 415 197268
 532 205343
 532 205343
 532 197544
 532 197544
 808 212116
 808 212116
 808 197544
 808 197544
 761 217755
 761 217755
 761 197424
 761 197424
 816 223008
 816 223008
 816 223008
 816 228370
 933 228400
 933 228400
 933 230181
 933 230637
 1133 233509
 1133 233509
 1133 230637
 1133 230637
 1062 238991
 1062 238991
 1062 230910
 1062 230910
 1406 244262
 1406 244262
 1406 231048
 1406 231048
 1544 249475
 1544 249475
 1544 231048
 1544 231048
 1493 254344
 1493 254344
 1493 254361
 1493 258839
 1674 258901
 1674 258901
 1674 263690
 1674 263952
 1808 264970
 1808 264970
 1808 265028
 1808 276752
 1742 276807
 1742 276807
 1742 296526
 1742 299598
 1904 299606
 1904 299606
 1904 329712
 1904 330929
 2055 330992
 2055 330992
 2055 360583
 2055 360618
 2437 362631
 2437 360618
 2437 362757
 2437 384773
 2449 384835
 2449 384835
 2449 395537
 2449 395714
 2498 398609
 2498 398609
 2498 396020
 2498 396020
 2676 398544
 2676 398544
 2676 396020
 2676 389164
 2988 389230
 2988 389164
 2988 363559
 2988 363559
 3239 375321
 3239 375321
 3239 363914
 3239 363559
 3466 363559
 3466 362464
 3466 362378
 3466 354293
 3317 354293
 3317 354276
 3317 331489
 3317 331489
 3681 354276
 3681 354276
 3681 354276
 3681 359616
 4081 359649
 4081 359649
 4081 359616
 4081 342939
 4507 343039
 4507 342939
 4507 332187
 4507 305381
 4837 305381
 4837 305375
 4837 299749
 4837 273040
 5008 273102
 5008 273040
 5008 267152
 5008 251464
 5320 251464
 5320 251446
 5320 235210
 5320 234568
 5834 234568
 5834 230346
 5834 230280
 5834 211322
 6266 211322
 6266 211293
 6266 203274
 6266 202874
 6666 202874
 6666 198782
 6666 198782
 6666 198782
 7103 200580
 7103 198782
 7103 200580
 7103 200639
 7700 203711
 7700 200639
 7700 204308
 7700 205014
 8278 213524
 8278 213524
 8278 213557
 8278 227030
 8744 227043
 8744 227043
 8744 238248
 8744 238248
 9260 238271
 9260 238271
 9260 238764
 9260 239116
 9740 246956
 9740 246956
 9740 239564
 9740 239564
 10188 254220
 10188 254220
 10188 254283
 10188 261324
 10760 261337
 10760 261337
 10760 267272
 10760 267388
 11707 272315
 11707 267388
 11707 272315
 11707 272326
 12420 273851
 12420 272326
 12420 274564
 12420 275260
 13116 276868
 13116 276868
 13116 276253
 13116 276253
 14109 281404
 14109 281404
 14109 277131
 14109 277131
 14987 285469
 14987 285469
 14987 278181
 14987 278181
 15909 288651
 15909 288651
 15909 279071
 15909 279071
 17055 289311
 17055 289311
 17055 280233
 17055 280233
 18089 289311
 18089 289311
 18089 281341
 18089 281341
 19069 289667
 19069 289667
 19069 282444
 19069 282444
 20300 290181
 20300 290181
 20300 290181
 20300 292684
 21674 292727
 21674 292727
 21674 301220
 21674 301226
 22880 316586
 22880 301226
 22880 317920
 22880 320974
 24238 320992
 24238 320992
 24238 349486
 24238 349556
 25669 351790
 25669 349556
 25669 377379
 25669 377413
 27125 386117
 27125 377413
 27125 400422
 27125 400501
 28831 413599
 28831 400501
 28831 413599
 28831 413643
 30615 416407
 30615 413643
 30615 416407
 30615 416407
 32394 416407
 32394 412298
 32394 412297
 32394 402311
 34183 402418
 34183 402311
 34183 394631
 34183 387777
 36289 387777
 36289 387714
 36289 365865
 36289 365865
 38185 372777
 38185 372777
 38185 365865
 38185 358757
 40549 358757
 40549 358732
 40549 337893
 40549 337893
 42853 345815
 42853 345815
 42853 340106
 42853 337893
 45066 337893
 45066 331446
 45066 331402
 45066 309777
 47633 309777
 47633 305519
 47633 305425
 47633 279736
 50232 279736
 50232 271032
 50232 270990
 50232 249818
 53082 249818
 53082 238314
 53082 238298
 53082 219765
 55925 219765
 55925 206709
 55925 206593
 55925 189796
 58852 189796
 58852 176228
 58852 176169
 58852 160394
 62090 160394
 62090 152730
 62090 152730
 62090 152714
 65530 152714
 65530 139002
 65530 138895
 65530 138895
 68904 139002
 68904 138895
 68904 137869
 68904 137869
 72205 140072
 72205 140072
 72205 140146
 72205 152461
 76039 152510
 76039 152510
 76039 166279
 76039 166390
 80284 174471
 80284 166390
 80284 177692
 80284 177711
 84335 178460
 84335 177711
 84335 182639
 84335 186442
 88394 186479
 88394 186479
 88394 186826
 88394 193738
 92904 193757
 92904 193757
 92904 200784
 92904 200808
 97444 206756
 97444 200808
 97444 200784
 97444 206756
 102122 206779
 102122 206756
 102122 205377
 102122 205377
 107201 211978
 107201 211978
 107201 210733
 107201 210733
 112429 216641
 112429 216641
 112429 215865
 112429 215865
 117689 221229
 117689 221229
 117689 221270
 117689 225800
 123523 225849
 123523 225849
 123523 230275
 123523 230399
 129145 235036
 129145 230399
 129145 233204
 129145 235036
 134900 235129
 134900 235036
 134900 235036
 134900 239278
 141493 239348
 141493 239348
 141493 239669
 141493 243253
 148020 243254
 148020 243254
 148020 246324
 148020 247092
 154719 247166
 154719 247166
 154719 251743
 154719 251746
 161775 253023
 161775 251746
 161775 259951
 161775 261487
 168846 261489
 168846 261489
 168846 267022
 168846 281614
 176304 281618
 176304 281618
 176304 307248
 176304 311088
 184310 311091
 184310 311091
 184310 340049
 184310 340086
 192072 348022
 192072 340086
 192072 364488
 192072 364495
 200527 364535
 200527 364495
 200527 364535
 200527 372930
 208962 379343
 208962 379343
 208962 379385
 208962 379469
 217677 379469
 217677 379469
 217677 379469
 217677 379453
 226550 379453
 226550 370038
 226550 369996
 226550 355649
 235713 355649
 235713 355590
 235713 343834
 235713 340250
 245530 340286
 245530 340286
 245530 340250
 245530 325707
 255691 325707
 255691 325667
 255691 321099
 255691 311620
 265924 311620
 265924 311562
 265924 309199
 265924 309199
 276303 309199
 276303 309199
 276303 296657
 276303 296655
 286933 286933
 286933 286933
 286933 286933
 286933 271317
 298274 271244
 298274 271244
 298274 237162
 298274 237090
 309725 232738
 309725 237090
 309725 211293
 309725 204670
 321330 204637
 321330 204637
 321330 190386
 321330 173035
 333152 172978
 333152 172978
 333152 142304
 333152 142297
 345637 136672
 345637 142297
 345637 129109
 345637 117446
 358613 117413
 358613 117446
 358613 117446
 358613 109283
 371299 101717
 371299 101717
 371299 109283
 371299 112237
 384493 112172
 384493 112237
 384493 112237
 384493 122221
 398106 122221
 398106 124570
 398106 124661
 398106 134812
 412188 134812
 412188 134893
 412188 134893
 412188 142826
 426346 142773
 426346 142773
 426346 142826
 426346 145845
 440757 145845
 440757 149173
 440757 149237
 440757 155301
 455333 155266
 455333 155301
 455333 155301
 455333 160310
 470326 160310
 470326 160310
 470326 160316
 470326 164250
 485658 164250
 485658 164344
 485658 173755
 485658 173755
 501307 167879
 501307 167879
 501307 173755
 501307 173755
 517120 171095
 517120 171095
 517120 172920
 517120 174200
 533368 174160
 533368 174160
 533368 174200
 533368 177774
 549998 177724
 549998 177774
 549998 177774
 549998 181706
 566602 181676
 566602 181676
 566602 181706
 566602 185042
 583506 185026
 583506 185042
 583506 185042
 583506 188328
 600872 188328
 600872 188328
 600872 188375
 600872 191016
 618408 191016
 618408 191042
 618408 191042
 618408 192296
 636002 192296
 636002 194073
 636002 194146
 636002 201781
 654005 201761
 654005 201781
 654005 213273
 654005 219673
 672153 219673
 672153 219673
 672153 219697
 672153 231719
 690471 231719
 690471 247335
 690471 247365
 690471 275425
 708961 275368
 708961 275425
 708961 283105
 708961 298847
 727391 298847
 727391 298861
 727391 301407
 727391 313104
 746384 313104
 746384 313176
 746384 313176
 746384 316314
 765466 316299
 765466 316299
 765466 316314
 765466 316314
 784452 316299
 784452 316314
 784452 316299
 784452 312331
 803851 311492
 803851 311492
 803851 311444
 803851 300659
 823081 300555
 823081 300555
 823081 285502
 823081 285481
 842409 285225
 842409 285481
 842409 285225
 842409 269097
 861859 269084
 861859 269084
 861859 258733
 861859 252879
 881325 252835
 881325 252879
 881325 252879
 881325 237505
 900947 237485
 900947 237485
 900947 221651
 900947 221598
 920650 212947
 920650 221598
 920650 196563
 920650 196554
 940135 167114
 940135 196554
 940135 161511
 940135 161447
 960192 153831
 960192 161447
 960192 127168
 960192 127164
 979488 108224
 979488 127164
 979488 94880
 979488 93924
 998587 93856
 998587 93856
 998587 61277
 998587 61243
 1017866 48187
 1017866 61243
 1017866 34877
 1017866 34826
 1036836 34826
 1036836 34826
 1036836 21028
 1036836 17772
 1055905 17700
 1055905 17700
 1055905 17772
 1055905 24130
 1075010 24130
 1075010 24137
 1075010 26434
 1075010 36316
 1093724 36247
 1093724 36316
 1093724 45276
 1093724 45943
 1111927 45838
 1111927 45943
 1111927 48878
 1111927 53230
 1130222 53170
 1130222 53170
 1130222 53170
 1130222 53230
 1148058 53230
 1148058 59034
 1148058 59034
 1148058 59043
 1165401 59043
 1165401 64570
 1165401 64601
 1165401 68662
 1182902 68662
 1182902 69430
 1182902 69432
 1182902 73148
 1200060 73119
 1200060 73148
 1200060 73148
 1200060 76203
 1216299 76203
 1216299 76203
 1216299 76220
 1216299 78725
 1232389 78725
 1232389 78790
 1232389 78790
 1232389 81178
 1248026 81178
 1248026 81178
 1248026 81258
 1248026 83470
 1263246 83470
 1263246 83982
 1263246 83982
 1263246 84049
 1278022 84049
 1278022 87110
 1278022 87110
 1278022 87126
 1292232 87126
 1292232 90056
 1292232 90060
 1292232 92949
 1305877 92932
 1305877 92949
 1305877 92949
 1305877 93461
 1318856 93461
 1318856 95560
 1318856 95612
 1318856 98544
 1331184 98462
 1331184 98544
 1331184 118768
 1331184 118768
 1343094 105846
 1343094 105846
 1343094 108856
 1343094 122936
 1354040 122936
 1354040 122936
 1354040 122942
 1354040 150525
 1364477 150436
 1364477 150525
 1364477 152061
 1364477 178465
 1374241 178465
 1374241 178549
 1374241 194593
 1374241 202342
 1383014 202281
 1383014 202342
 1383014 203366
 1383014 211689
 1391209 211689
 1391209 217518
 1391209 217577
 1391209 218771
 1398419 218771
 1398419 222099
 1398419 222116
 1398419 222116
 1405050 222099
 1405050 222116
 1405050 222116
 1405050 219130
 1410657 219114
 1410657 219114
 1410657 210785
 1410657 210736
 1415284 202996
 1415284 210736
 1415284 202996
 1415284 197628
 1419120 197620
 1419120 197620
 1419120 182384
 1419120 182321
 1422135 176951
 1422135 182321
 1422135 176951
 1422135 167777
 1424003 167735
 1424003 167735
 1424003 154109
 1424003 153987
 1425125 147045
 1425125 153987
 1425125 147045
 1425125 140133
 1424914 140128
 1424914 140128
 1424914 116861
 1424914 116754
 1423888 114194
 1423888 116754
 1423888 83233
 1423888 83216
 1422023 80400
 1422023 83216
 1422023 50375
 1422023 50366
 1418894 45767
 1418894 19239
 1418894 19214
 1418894 9742
 1414750 -11042
 1414750 -11058
 1414750 -26914
 1414750 -35925
 1409323 -35862
 1409323 -35925
 1409323 -38800
 1409323 -51600
 1403120 -51600
 1403120 -51600
 1403120 -51600
 1403120 -51636
 1395701 -51636
 1395701 -53259
 1395701 -53285
 1395701 -53285
 1387234 -53259
 1387234 -53285
 1387234 -53285
 1387234 -41890
 1377573 -41886
 1377573 -41886
 1377573 -31323
 1377573 -27227
 1366642 -27145
 1366642 -27145
 1366642 -21696
 1366642 -14350
 1354688 -14349
 1354688 -14349
 1354688 -3826
 1354688 -3776
 1341451 5003
 1341451 5027
 1341451 16479
 1341451 16479
 1327199 13663
 1327199 13663
 1327199 13663
 1327199 16479
 1311773 16479
 1311773 21917
 1311773 21917
 1311773 21954
 1295343 21954
 1295343 28783
 1295343 28786
 1295343 35444
 1277556 35359
 1277556 35444
 1277556 46161
 1277556 46161
 1258577 41809
 1258577 41809
 1258577 46161
 1258577 48397
 1238797 48397
 1238797 48406
 1238797 48406
 1238797 55564
 1217804 55564
 1217804 55564
 1217804 55564
 1217804 55624
 1195676 55624
 1195676 62876
 1195676 62975
 1195676 70624
 1172192 70533
 1172192 70624
 1172192 70624
 1172192 77869
 1147949 77858
 1147949 77858
 1147949 77858
 1147949 77869
 1122730 77869
 1122730 84906
 1122730 84906
 1122730 84971
 1096134 84971
 1096134 91974
 1096134 91986
 1096134 103058
 1068690 103058
 1068690 103146
 1068690 118418
 1068690 122433
 1039937 122433
 1039937 123969
 1039937 124008
 1039937 156467
 1010483 156467
 1010483 156498
 1010483 158515
 1010483 189942
 980086 189914
 980086 189942
 980086 193782
 980086 219343
 948431 219343
 948431 219381
 948431 227535
 948431 240660
 916116 240660
 916116 240660
 916116 260163
 916116 260163
 882883 250972
 882883 250972
 882883 259027
 882883 259027
 848851 253139
 848851 253139
 848851 257196
 848851 257196
 814124 253139
 814124 253139
 814124 254157
 814124 254157
 778317 250046
 778317 250046
 778317 250106
 778317 250106
 741626 241613
 741626 241613
 741626 241593
 741626 231167
 704307 231162
 704307 231162
 704307 221635
 704307 221619
 666190 213223
 666190 221619
 666190 213223
 666190 213198
 627416 207566
 627416 213198
 627416 204504
 627416 204443
 588062 201432
 588062 204443
 588062 194846
 588062 187739
 548003 187678
 548003 187678
 548003 159779
 548003 159751
 507387 154659
 507387 159751
 507387 146939
 507387 132091
 466390 131970
 466390 131970
 466390 106198
 466390 106179
 424790 105942
 424790 106179
 424790 97238
 424790 80619
 382672 80598
 382672 80598
 382672 59856
 382672 59779
 340492 54992
 340492 59779
 340492 47829
 340492 47829
 297701 47829
 297701 49812
 297701 49893
 297701 65924
 254468 65924
 254468 65938
 254468 79898
 254468 85274
 211098 85248
 211098 85248
 211098 85274
 211098 101938
 167474 101938
 167474 103190
 167474 103218
 167474 118740
 123732 118697
 123732 118697
 123732 118740
 123732 123860
 79799 123860
 79799 118740
 79799 132372
 79799 132407
 35408 133712
 35408 133712
 35408 145744
 35408 145759
 -8941 154899
 -8941 158739
 -8941 158828
 -8941 170673
 -53071 170673
 -53071 170704
 -53071 170704
 -53071 176305
 -97058 176305
 -97058 182081
 -97058 182110
 -97058 186862
 -140946 186862
 -140946 192904
 -140946 193006
 -140946 203575
 -184393 203575
 -184393 203644
 -184393 203644
 -184393 208695
 -227798 208695
 -227798 214276
 -227798 214314
 -227798 220835
 -270813 220835
 -270813 224931
 -270813 224962
 -270813 235949
 -313299 235949
 -313299 235972
 -313299 235972
 -313299 243885
 -355863 243885
 -355863 246732
 -355863 246761
 -355863 257391
 -397713 257308
 -397713 257391
 -397713 257647
 -397713 267618
 -439070 267594
 -439070 267618
 -439070 273917
 -439070 281341
 -479747 281304
 -479747 281304
 -479747 281341
 -479747 298868
 -520204 298868
 -520204 303985
 -520204 303988
 -520204 338464
 -560224 338464
 -560224 338551
 -560224 357152
 -560224 374800
 -599536 374800
 -599536 374865
 -599536 383504
 -599536 407343
 -638033 407302
 -638033 407343
 -638033 410415
 -638033 431641
 -676071 431641
 -676071 431668
 -676071 433390
 -676071 438041
 -713490 438041
 -713490 444572
 -713490 444572
 -713490 444654
 -749900 444654
 -749900 449429
 -749900 449429
 -749900 449429
 -785812 448236
 -785812 449429
 -785812 449429
 -785812 448236
 -820776 448183
 -820776 448236
 -820776 455848
 -820776 455848
 -854872 441560
 -854872 441560
 -854872 441558
 -854872 432552
 -888293 432518
 -888293 432518
 -888293 424137
 -888293 424091
 -920994 422622
 -920994 424091
 -920994 423856
 -920994 422622
 -952528 416734
 -952528 416734
 -952528 423856
 -952528 423856
 -983162 409297
 -983162 409297
 -983162 409297
 -983162 394194
 -1012969 394118
 -1012969 394118
 -1012969 367053
 -1012969 366999
 -1041663 363415
 -1041663 366999
 -1041663 339132
 -1041663 339073
 -1069543 334721
 -1069543 339073
 -1069543 312857
 -1069543 312854
 -1096323 306713
 -1096323 312854
 -1096323 287011
 -1096323 286589
 -1122013 286568
 -1122013 286589
 -1122013 286568
 -1122013 264800
 -1146746 264739
 -1146746 264739
 -1146746 251828
 -1146746 251782
 -1170539 251669
 -1170539 251782
 -1170539 251828
 -1170539 265747
 -1193325 265747
 -1193325 265756
 -1193325 281107
 -1193325 284230
 -1214778 284213
 -1214778 284230
 -1214778 292422
 -1214778 301078
 -1235306 301078
 -1235306 301091
 -1235306 304662
 -1235306 314980
 -1254556 314967
 -1254556 314980
 -1254556 314980
 -1254556 318308
 -1272804 318308
 -1272804 326940
 -1272804 327039
 -1272804 338454
 -1289834 338454
 -1289834 338480
 -1289834 338480
 -1289834 348438
 -1305921 348438
 -1305921 349759
 -1305921 349764
 -1305921 350380
 -1320916 350380
 -1320916 359852
 -1320916 359854
 -1320916 368506
 -1334918 368449
 -1334918 368506
 -1334918 369018
 -1334918 376946
 -1347598 376888
 -1347598 376946
 -1347598 377545
 -1347598 385225
 -1359287 385202
 -1359287 385202
 -1359287 385202
 -1359287 385225
 -1369692 385225
 -1369692 392868
 -1369692 392939
 -1369692 400799
 -1379041 400769
 -1379041 400799
 -1379041 414836
 -1379041 414836
 -1387404 408436
 -1387404 408436
 -1387404 408436
 -1387404 414836
 -1394487 414836
 -1394487 415754
 -1394487 415754
 -1394487 415817
 -1400505 415817
 -1400505 422727
 -1400505 422748
 -1400505 428908
 -1405972 428908
 -1405972 429125
 -1405972 429164
 -1405972 438917
 -1410171 438917
 -1410171 439019
 -1410171 454814
 -1410171 457118
 -1413090 457118
 -1413090 457118
 -1413090 457138
 -1413090 485518
 -1415026 485518
 -1415026 487044
 -1415026 487054
 -1415026 517184
 -1416128 517184
 -1416128 519232
 -1416128 519250
 -1416128 547985
 -1415919 547981
 -1415919 547985
 -1415919 550289
 -1415919 568846
 -1414898 568846
 -1414898 568903
 -1414898 583950
 -1414898 583950
 -1412906 578915
 -1412906 578915
 -1412906 585814
 -1412906 585814
 -1409930 580214
 -1409930 580214
 -1409930 580214
 -1409930 580214
 -1406210 580121
 -1406210 580121
 -1406210 575102
 -1406210 575073
 -1401591 564489
 -1401591 575073
 -1401591 564489
 -1401591 564489
 -1395809 564487
 -1395809 564487
 -1395809 550831
 -1395809 550815
 -1389405 543907
 -1389405 550815
 -1389405 550831
 -1389405 543907
 -1382119 537763
 -1382119 537763
 -1382119 537741
 -1382119 525465
 -1374042 525452
 -1374042 525452
 -1374042 513318
 -1374042 513312
 -1364970 502806
 -1364970 513312
 -1364970 502806
 -1364970 494173
 -1355347 494102
 -1355347 494102
 -1355347 479533
 -1355347 462713
 -1344913 462637
 -1344913 462637
 -1344913 457455
 -1344913 429551
 -1333879 429470
 -1333879 429470
 -1333879 402825
 -1333879 398042
 -1322215 397961
 -1322215 397961
 -1322215 381721
 -1322215 366971
 -1309922 366873
 -1309922 366873
 -1309922 340196
 -1309922 340126
 -1296876 328606
 -1296876 340126
 -1296876 322148
 -1296876 321814
 -1283484 321812
 -1283484 321814
 -1283484 321814
 -1283484 322148
 -1269181 322148
 -1269181 324163
 -1269181 324202
 -1269181 337932
 -1254516 337932
 -1254516 338005
 -1254516 338005
 -1254516 350307
 -1239709 350307
 -1239709 350307
 -1239709 350307
 -1239709 350327
 -1224179 350327
 -1224179 359949
 -1224179 360006
 -1224179 364545
 -1208191 364545
 -1208191 367361
 -1208191 367382
 -1208191 374155
 -1191669 374148
 -1191669 374155
 -1191669 374155
 -1191669 380679
 -1174649 380679
 -1174649 380679
 -1174649 380741
 -1174649 382530
 -1157566 382530
 -1157566 386114
 -1157566 386114
 -1157566 386139
 -1140229 386139
 -1140229 390530
 -1140229 390651
 -1140229 394289
 -1122383 394276
 -1122383 394289
 -1122383 403083
 -1122383 403083
 -1104373 397809
 -1104373 397809
 -1104373 403083
 -1104373 403083
 -1086268 401401
 -1086268 401401
 -1086268 406933
 -1086268 406933
 -1067627 404942
 -1067627 404942
 -1067627 406933
 -1067627 408340
 -1049068 408340
 -1049068 408424
 -1049068 411279
 -1049068 411791
 -1030513 411791
 -1030513 411791
 -1030513 411791
 -1030513 411890
 -1011420 411890
 -1011420 414756
 -1011420 414789
 -1011420 416915
 -992237 416915
 -992237 417427
 -992237 417427
 -992237 417462
 -973210 417462
 -973210 423045
 -973210 423142
 -973210 436700
 -953892 436631
 -953892 436700
 -953892 455132
 -953892 462036
 -934444 461980
 -934444 462036
 -934444 462036
 -934444 474580
 -915070 474580
 -915070 491266
 -915070 491341
 -915070 513400
 -895496 513400
 -895496 517397
 -895496 517496
 -895496 532746
 -876278 532746
 -876278 535818
 -876278 535917
 -876278 542594
 -857086 542594
 -857086 542634
 -857086 542634
 -857086 542634
 -837796 542594
 -837796 542594
 -837796 541049
 -837796 541020
 -818567 538460
 -818567 541020
 -818567 533497
 -818567 533395
 -799528 525049
 -799528 533395
 -799528 520152
 -799528 520091
 -780389 511192
 -780389 520091
 -780389 504020
 -780389 503963
 -761536 497563
 -761536 503963
 -761536 488141
 -761536 488128
 -742710 483776
 -742710 488128
 -742710 488141
 -742710 473303
 -723956 473290
 -723956 473303
 -723956 473303
 -723956 458951
 -705571 458892
 -705571 458892
 -705571 441309
 -705571 438514
 -687121 438493
 -687121 438493
 -687121 405624
 -687121 405615
 -669245 394095
 -669245 405615
 -669245 379331
 -669245 370633
 -651273 370627
 -651273 370627
 -651273 337783
 -651273 337690
 -633389 331639
 -633389 337690
 -633389 316883
 -633389 304595
 -615947 304571
 -615947 304571
 -615947 275573
 -615947 275507
 -598600 268661
 -598600 275507
 -598600 254556
 -598600 254520
 -581639 253240
 -581639 254520
 -581639 254416
 -581639 251856
 -564912 251808
 -564912 251856
 -564912 254416
 -564912 264171
 -548501 264117
 -548501 264171
 -548501 270827
 -548501 275658
 -532022 275658
 -532022 275690
 -532022 275690
 -532022 284168
 -515960 284161
 -515960 284161
 -515960 284168
 -515960 285930
 -500502 285930
 -500502 290455
 -500502 290538
 -500502 296076
 -484724 296076
 -484724 296181
 -484724 301708
 -484724 301858
 -469726 301858
 -469726 301950
 -469726 301950
 -469726 306712
 -454632 306712
 -454632 306712
 -454632 306788
 -454632 310795
 -440053 310793
 -440053 310795
 -440053 310795
 -440053 313611
 -425636 313611
 -425636 313984
 -425636 313984
 -425636 314076
 -411793 314076
 -411793 317139
 -411793 317167
 -411793 320456
 -398008 320456
 -398008 320482
 -398008 320482
 -398008 323016
 -384769 323016
 -384769 324063
 -384769 324063
 -384769 324095
 -371656 324095
 -371656 327333
 -371656 327352
 -371656 329401
 -358727 329401
 -358727 330425
 -358727 330439
 -358727 333241
 -346183 333241
 -346183 333279
 -346183 341945
 -346183 341945
 -333937 335809
 -333937 335809
 -333937 335809
 -333937 341208
 -322088 341149
 -322088 341149
 -322088 341208
 -322088 344890
 -310470 344890
 -310470 354088
 -310470 354106
 -310470 379251
 -299021 379251
 -299021 379257
 -299021 388979
 -299021 400217
 -287911 400217
 -287911 408898
 -287911 408921
 -287911 435488
 -277344 435488
 -277344 435552
 -277344 443424
 -277344 453601
 -267295 453601
 -267295 455093
 -267295 455137
 -267295 463711
 -257185 463711
 -257185 464167
 -257185 464223
 -257185 464223
 -247185 464167
 -247185 464223
 -247185 464167
 -247185 464111
 -237491 464077
 -237491 464077
 -237491 457421
 -237491 457356
 -228413 450765
 -228413 457356
 -228413 445251
 -228413 445227
 -219222 436138
 -219222 445227
 -219222 436138
 -219222 430012
 -210651 429994
 -210651 429994
 -210651 420480
 -210651 414523
 -202240 414501
 -202240 414523
 -202240 414523
 -202240 400002
 -193942 400000
 -193942 400000
 -193942 386538
 -193942 386446
 -185995 371061
 -185995 386446
 -185995 371061
 -185995 367989
 -178330 367899
 -178330 367899
 -178330 346086
 -178330 336625
 -171010 336614
 -171010 336614
 -171010 320510
 -171010 302078
 -163879 302022
 -163879 302022
 -163879 294745
 -163879 269913
 -156930 269837
 -156930 269837
 -156930 237694
 -156930 237677
 -150064 236158
 -150064 237677
 -150064 210256
 -150064 209005
 -143712 208976
 -143712 208976
 -143712 190238
 -143712 188379
 -137442 188320
 -137442 188379
 -137442 190238
 -137442 190238
 -131442 186077
 -131442 186077
 -131442 196238
 -131442 199400
 -125464 199356
 -125464 199400
 -125464 202216
 -125464 207722
 -119830 207722
 -119830 211817
 -119830 211818
 -119830 213244
 -114564 213244
 -114564 221905
 -114564 221948
 -114564 230027
 -109557 230027
 -109557 230080
 -109557 251019
 -109557 251019
 -104506 237015
 -104506 237015
 -104506 255942
 -104506 255942
 -99601 244079
 -99601 244079
 -99601 244079
 -99601 249810
 -95150 249765
 -95150 249765
 -95150 249765
 -95150 249810
 -90607 249810
 -90607 254737
 -90607 254737
 -90607 254797
 -86525 254797
 -86525 259459
 -86525 259558
 -86525 263915
 -82453 263822
 -82453 263915
 -82453 277995
 -82453 277995
 -78355 268397
 -78355 268397
 -78355 281965
 -78355 281965
 -74628 272764
 -74628 272764
 -74628 285820
 -74628 285820
 -70986 277374
 -70986 277374
 -70986 289334
 -70986 289334
 -67540 282102
 -67540 282102
 -67540 282102
 -67540 286435
 -64285 286405
 -64285 286405
 -64285 286405
 -64285 286435
 -61176 286435
 -61176 289928
 -61176 290006
 -61176 295902
 -58018 295885
 -58018 295902
 -58018 302558
 -58018 305181
 -55139 305181
 -55139 308765
 -55139 308777
 -55139 334331
 -52613 334319
 -52613 334331
 -52613 340731
 -52613 365269
 -49835 365265
 -49835 365269
 -49835 376277
 -49835 393325
 -47123 393226
 -47123 393325
 -47123 411501
 -47123 414151
 -44729 414151
 -44729 414663
 -44729 414695
 -44729 416262
 -42490 416262
 -42490 425222
 -42490 425277
 -42490 426556
 -40388 426555
 -40388 426556
 -40388 426556
 -40388 426556
 -38221 426555
 -38221 426555
 -38221 422346
 -38221 421218
 -36406 421171
 -36406 421218
 -36406 422346
 -36406 422346
 -34449 410570
 -34449 410570
 -34449 410548
 -34449 396271
 -32534 396189
 -32534 396189
 -32534 381674
 -32534 381652
 -30785 368319
 -30785 381652
 -30785 368319
 -30785 368289
 -29453 362431
 -29453 368289
 -29453 356083
 -29453 355975
 -27889 339254
 -27889 355975
 -27889 339254
 -27889 339215
 -26214 332559
 -26214 339215
 -26214 309583
 -26214 309530
 -24996 301338
 -24996 309530
 -24996 276066
 -24996 276060
 -23543 269916
 -23543 276060
 -23543 244664
 -23543 244617
 -22076 238729
 -22076 244617
 -22076 213188
 -22076 213142
 -21016 207300
 -21016 213142
 -21016 185064
 -21016 184989
 -19868 176740
 -19868 184989
 -19868 176740
 -19868 164708
 -18454 164639
 -18454 164639
 -18454 155373
 -18454 155373
 -17508 155373
 -17508 161820
 -17508 161846
 -17508 175390
 -16610 175388
 -16610 175390
 -16610 179998
 -16610 181140
 -15596 181140
 -15596 188564
 -15596 188639
 -15596 199692
 -14708 199683
 -14708 199692
 -14708 214540
 -14708 214540
 -13722 208486
 -13722 208486
 -13722 215654
 -13722 216193
 -12927 216193
 -12927 216248
 -12927 216449
 -12927 217201
 -12175 217201
 -12175 224107
 -12175 224113
 -12175 230935
 -11625 230933
 -11625 230935
 -11625 250391
 -11625 250391
 -11039 236543
 -11039 236543
 -11039 251105
 -11039 251105
 -10388 241783
 -10388 241783
 -10388 251756
 -10388 251756
 -9800 246840
 -9800 246840
 -9800 252216
 -9800 252216
 -9145 251719
 -9145 251719
 -9145 252999
 -9145 253623
 -8521 253623
 -8521 256930
 -8521 256951
 -8521 262268
 -8068 262151
 -8068 262268
 -8068 286844
 -8068 286844
 -7592 267224
 -7592 267224
 -7592 287448
 -7592 287448
 -7100 271940
 -7100 271940
 -7100 287812
 -7100 287812
 -6702 276050
 -6702 276050
 -6702 288082
 -6702 288082
 -6156 282100
 -6156 282100
 -6156 288756
 -6156 295030
 -5770 294959
 -5770 295030
 -5770 321910
 -5770 321910
 -5624 319569
 -5624 319569
 -5624 322056
 -5624 350972
 -5252 350958
 -5252 350972
 -5252 355324
 -5252 379857
 -4911 379857
 -4911 379862
 -4911 388305
 -4911 402765
 -4659 402759
 -4659 402765
 -4659 421197
 -4659 421197
 -4128 414688
 -4128 414688
 -4128 421856
 -4128 421856
 -4069 416459
 -4069 416459
 -4069 422043
 -4069 422043
 -3830 416459
 -3830 416459
 -3830 422154
 -3830 422154
 -3747 411960
 -3747 411960
 -3747 411960
 -3747 402141
 -3511 402137
 -3511 402137
 -3511 389952
 -3511 389705
 -3264 388169
 -3264 388169
 -3264 389952
 -3264 389952
 -2982 374114
 -2982 374114
 -2982 374114
 -2982 361324
 -2868 361306
 -2868 361306
 -2868 357701
 -2868 357580
 -2619 349170
 -2619 349170
 -2619 349170
 -2619 333423
 -2627 333381
 -2627 333381
 -2627 324925
 -2627 304957
 -2573 304913
 -2573 304913
 -2573 292211
 -2573 271475
 -2182 271371
 -2182 271371
 -2182 259962
 -2182 240250
 -1785 240215
 -1785 240215
 -1785 227719
 -1785 208834
 -1935 208775
 -1935 208775
 -1935 194801
 -1935 180465
 -1763 180385
 -1763 180385
 -1763 162244
 -1763 162077
 -1596 159591
 -1596 159591
 -1596 162118
 -1596 162118
 -1594 154950
 -1594 154950
 -1594 162118
 -1594 168755
 -1613 168723
 -1613 168755
 -1613 194867
 -1613 194867
 -1426 182638
 -1426 182638
 -1426 195182
 -1426 195182
 -1351 193977
 -1351 193977
 -1351 195257
 -1351 202703
 -1457 202703
 -1457 202740
 -1457 228047
 -1457 228047
 -1173 210796
 -1173 210796
 -1173 228203
 -1173 228203
 -1111 218861
 -1111 218861
 -1111 228255
 -1111 228255
 -1121 225956
 -1121 225956
 -1121 228255
 -1121 231688
 -888 231688
 -888 231715
 -888 261128
 -888 261128
 -998 237117
 -998 237117
 -998 261014
 -998 261014
 -1130 242350
 -1130 242350
 -1130 261014
 -1130 261014
 -875 247445
 -875 247445
 -875 261269
 -875 261269
 -726 252714
 -726 252714
 -726 261374
 -726 261374
 -770 258046
 -770 258046
 -770 261374
 -770 263355
 -709 263351
 -709 263355
 -709 293942
 -709 293942
 -842 268384
 -842 268384
 -842 293942
 -842 293942
 -921 272615
 -921 272615
 -921 294119
 -921 294119
 -554 278998
 -554 278998
 -554 294358
 -554 294358
 -257 291071
 -257 291071
 -257 294655
 -257 314812
 -324 314812
 -324 314871
 -324 327356
 -324 346258
 -366 346249
 -366 346258
 -366 360082
 -366 375476
 -460 375457
 -460 375476
 -460 392884
 -460 399052
 -436 399000
 -436 399052
 -436 425416
 -436 425416
 -568 412139
 -568 412139
 -568 425216
 -568 425216
 -640 414793
 -640 414793
 -640 425216
 -640 425216
 -478 414793
 -478 414793
 -478 425506
 -478 425506
 -498 410914
 -498 410914
 -498 410892
 -498 401304
 -388 401294
 -388 401294
 -388 393115
 -388 392828
 -229 387708
 -229 387708
 -229 393115
 -229 393115
 -74 373659
 -74 373659
 -74 373652
 -74 360630
 -407 360588
 -407 360588
 -407 360089
 -407 360041
 -487 348265
 -487 348265
 -487 348203
 -487 333035
 -472 332953
 -472 332953
 -472 327208
 -472 306236
 -222 306216
 -222 306216
 -222 294690
 -222 273014
 -382 272930
 -382 272930
 -382 261762
 -382 241564
 -583 241538
 -583 241538
 -583 228665
 -583 210235
 -385 210233
 -385 210233
 -385 196351
 -385 181247
 -286 181185
 -286 181185
 -286 163631
 -286 163554
 -209 159970
 -209 159970
 -209 163440
 -209 163440
 -272 152947
 -272 152947
 -272 163440
 -272 166895
 -145 166839
 -145 166895
 -145 196523
 -145 196523
 -213 180731
 -213 180731
 -213 196286
 -213 196286
 -322 192209
 -322 192209
 -322 196286
 -322 201292
 -308 201292
 -308 201292
 -308 201292
 -308 201334
 57 201334
 57 201334
 57 209547
 57 209593
 -79 217265
 -79 217326
 -79 229173
 -79 229173
 -75 224592
 -75 224592
 -75 229173
 -75 230805
 -107 230805
 -107 230849
 -107 262037
 -107 262037
 -84 236258
 -84 236258
 -84 261999
 -84 261999
 -17 241530
 -17 241530
 -17 261966
 -17 261966
 -178 246606
 -178 246535
 -178 246535
 -178 246606
 35 246606
 35 246606
 35 251683
 35 251749
 -57 257218
 -57 257223
 -57 262087
 -57 262519
 -9 262501
 -9 262519
 -9 294775
 -9 294775
 -46 267262
 -46 267262
 -46 294653
 -46 294653
 -259 271613
 -259 271613
 -259 294653
 -259 294653
 -242 277451
 -242 277451
 -242 294625
 -242 294625
 -415 288993
 -415 288993
 -415 294625
 -415 311648
 -288 311648
 -288 311654
 -288 327264
 -288 343166
 -2 343054
 -2 343054
 -2 343166
 -2 360318
 70 360318
 70 343166
 70 360646
 70 372418
 46 372422
 46 393390
 46 396462
 46 396533
 -273 410552
 -273 410607
 -273 425546
 -273 425546
 -438 414308
 -438 414308
 -438 425474
 -438 425474
 -382 414308
 -382 414308
 -382 425474
 -382 425474
 -207 411214
 -207 411214
 -207 411214
 -207 402097
 -118 402056
 -118 402056
 -118 393120
 -118 392970
 -96 388681
 -96 388681
 -96 392981
 -96 392981
 -107 374688
 -107 374688
 -107 374662
 -107 361318
 -87 361237
 -87 361237
 -87 360361
 -87 360248
 -72 349170
 -72 349097
 -72 334648
 -72 334638
 74 308554
 74 308554
 74 308490
 74 294986
 -112 294986
 -112 308490
 -112 294800
 -112 274936
 -33 274832
 -33 274832
 -33 261983
 -33 243295
 -48 243211
 -48 243211
 -48 229200
 -48 212069
 -408 212048
 -408 212048
 -408 196328
 -408 183016
 -239 182937
 -239 182937
 -239 163729
 -239 163594
 -246 161169
 -246 161169
 -246 163594
 -246 163594
 -246 151935
 -246 151935
 -246 163594
 -246 165166
 -82 165166
 -82 165166
 -82 165166
 -82 165186
 116 165186
 116 165186
 116 179430
 116 179444
 -84 191120
 -84 191148
 -84 196524
 -84 200696
 -264 200633
 -264 200696
 -264 229112
 -264 229112
 -183 208969
 -183 208969
 -183 229193
 -183 229193
 -113 217038
 -113 217038
 -113 229202
 -113 229202
 -174 224594
 -174 224594
 -174 229202
 -174 230624
 -288 230554
 -288 230624
 -288 261856
 -288 261856
 -22 236138
 -22 236106
 -22 236106
 -22 236138
 51 236138
 51 236106
 51 229555
 51 229555
 20 241292
 20 241331
 20 246548
 20 246592
 -179 251853
 -179 251864
 -179 261943
 -179 261943
 -73 257079
 -73 257079
 -73 261943
 -73 262105
 -39 262042
 -39 262105
 -39 262105
 -39 266990
 -146 266897
 -146 266990
 -146 294688
 -146 294688
 -96 271480
 -96 271480
 -96 294688
 -96 294688
 -193 277074
 -193 277074
 -193 294669
 -193 294669
 -115 288101
 -115 288101
 -115 294669
 -115 309842
 -46 309840
 -46 309842
 -46 327506
 -46 340666
 -70 340666
 -70 340702
 -70 360378
 -70 370675
 -13 370622
 -13 370675
 -13 393203
 -13 395859
 -45 395788
 -45 395859
 -45 425811
 -45 425811
 -33 410975
 -33 410890
 -33 410890
 -33 410975
 58 410975
 58 410890
 58 393402
 58 393402
 39 412199
 39 412210
 39 412210
 39 412199
 -289 412199
 -289 412210
 -289 412210
 -289 403551
 -211 403457
 -211 403457
 -211 393133
 -211 393123
 -221 390317
 -221 390317
 -221 393000
 -221 393000
 -216 376236
 -216 376236
 -216 376236
 -216 362797
 -183 362792
 -183 362792
 -183 360265
 -183 359983
 -337 350537
 -337 350537
 -337 350488
 -337 336462
 -201 336431
 -201 336431
 -201 327479
 -201 311123
 -130 311095
 -130 311095
 -130 294782
 -130 277630
 -76 277540
 -76 277540
 -76 262068
 -76 246005
 -228 245940
 -228 245940
 -228 229276
 -228 214994
 -155 214940
 -155 214940
 -155 196581
 -155 185317
 -168 185262
 -168 185262
 -168 163734
 -168 163672
 -234 162648
 -234 162648
 -234 163734
 -234 163734
 -90 151264
 -90 151264
 -90 163750
 -90 164148
 -204 164148
 -204 164168
 -204 196404
 -204 196404
 -196 178748
 -196 178748
 -196 196397
 -196 196397
 -83 191091
 -83 191091
 -83 196397
 -83 200771
 -189 200771
 -189 200771
 -189 200771
 -189 200790
 54 200790
 54 200771
 54 196830
 54 196830
 94 208924
 94 208950
 94 217003
 94 217054
 -40 224304
 -40 224304
 -40 224344
 -40 229208
 3 229208
 3 229507
 3 230531
 3 230543
 -199 235952
 -199 235961
 -199 262073
 -199 262073
 -144 241148
 -144 241148
 -144 261987
 -144 261987
 -29 246371
 -29 246283
 -29 246283
 -29 246371
 89 246371
 89 246283
 89 229465
 89 229465
 191 251180
 191 251225
 191 256319
 191 256335
 -301 261566
 -301 261587
 -301 261843
 -301 266575
 -177 266543
 -177 266543
 -177 266543
 -177 266575
 29 266575
 29 266543
 29 262398
 29 262398
 126 270877
 126 270877
 126 262398
 126 262398
 72 276419
 72 276419
 72 276419
 72 286784
 49 286792
 49 286792
 49 294961
 49 307761
 280 307769
 280 307769
 280 327960
 280 338712
 226 338716
 226 360546
 226 368738
 226 368750
 -28 394180
 -28 394180
 -28 394180
 -28 394212
 25 394212
 25 394180
 25 393434
 25 393434
 90 409753
 90 409848
 90 414596
 90 414596
 -52 414596
 -52 414596
 -52 411980
 -52 411914
 60 403678
 60 403678
 60 403644
 60 393404
 -161 393404
 -161 403644
 -161 393055
 -161 392997
 -219 390752
 -219 390752
 -219 392997
 -219 392997
 -146 376693
 -146 376693
 -146 376693
 -146 363246
 -137 363177
 -137 360311
 -137 350583
 -137 350472
 92 336732
 92 336698
 92 327772
 92 312717
 13 312721
 13 312717
 13 295053
 13 279494
 198 279494
 198 279472
 198 262342
 198 247975
 167 247997
 167 247997
 167 247975
 167 229543
 -15 229543
 -15 247975
 -15 229233
 -15 217457
 -211 217369
 -211 217369
 -211 196525
 -211 196350
 -258 187610
 -258 187610
 -258 187610
 -258 164094
 -122 164054
 -122 163590
 -122 150055
 -122 150055
 138 150055
 138 150055
 138 150794
 138 150814
 -1 163300
 -1 163300
 -1 163327
 -1 163839
 106 163839
 106 163327
 106 164011
 106 164074
 43 177566
 43 177566
 43 177566
 43 189611
 44 189693
 44 189693
 44 196780
 44 196789
 53 199340
 53 199340
 53 196789
 53 196789
 3 207541
 3 207541
 3 196840
 3 196840
 104 215555
 104 215555
 104 196841
 104 196841
 105 222869
 105 222869
 105 222869
 105 229088
 329 229097
 329 229097
 329 229827
 329 229833
 323 234888
 323 234953
 323 240059
 323 240067
 -41 245194
 -41 245194
 -41 245194
 -41 245207
 13 245207
 13 245194
 13 229426
 13 229426
 50 250381
 50 250394
 50 255764
 50 255794
 -6 261298
 -6 261370
 -6 262138
 -6 266493
 -3 266489
 -3 266493
 -3 294909
 -3 294909
 -1 271359
 -1 271359
 -1 294900
 -1 294900
 -140 276479
 -140 276479
 -140 294868
 -140 294868
 -44 286164
 -44 286164
 -44 294868
 -44 305985
 -63 305951
 -63 305985
 -63 327489
 -63 336196
 -60 336179
 -60 336196
 -60 360260
 -60 366493
 -99 366493
 -99 366493
 -99 366493
 -99 366546
 63 366546
 63 366493
 63 366546
 63 392232
 7 392255
 7 393223
 7 408839
 7 408911
 -222 414370
 -222 414419
 -222 425828
 -222 425828
 -156 414419
 -156 414419
 -156 425754
 -156 425754
 -230 412260
 -230 412260
 -230 412239
 -230 404061
 -329 403994
 -329 403994
 -329 393195
 -329 392759
 -149 391479
 -149 391479
 -149 392969
 -149 392969
 -119 378091
 -119 378025
 -119 364812
 -119 364809
 288 352628
 288 352544
 288 327968
 288 327968
 83 339395
 83 339411
 83 339395
 83 327891
 -324 327891
 -324 339395
 -324 327228
 -324 316498
 -220 316476
 -220 316476
 -220 294820
 -220 283344
 -90 283300
 -90 283300
 -90 261926
 -90 251238
 -177 251174
 -177 229199
 -177 220004
 -177 219983
 22 189462
 22 189462
 22 163889
 22 163889
 177 165169
 177 165169
 177 163889
 177 150619
 91 150619
 91 150619
 91 150619
 91 150567
 -4 150567
 -4 150567
 -4 150268
 -4 150268
 281 150268
 281 150260
 281 150260
 281 162457
 94 162543
 94 164062
 94 176848
 94 176862
 -44 189002
 -44 189012
 -44 196436
 -44 198799
 -241 198799
 -241 198799
 -241 198799
 -241 198805
 34 198805
 34 198799
 34 196642
 34 196642
 144 207106
 144 207138
 144 215056
 144 215106
 -56 222534
 -56 222536
 -56 229192
 -56 229192
 -106 229084
 -106 229084
 -106 229270
 -106 234587
 -293 234572
 -293 234587
 -293 261723
 -293 261723
 -5 240251
 -5 240141
 -5 240141
 -5 240251
 228 240251
 228 240141
 228 229476
 228 229476
 171 245300
 171 245348
 171 250411
 171 250414
 -141 255699
 -141 255699
 -141 255699
 -141 255731
 103 255731
 103 255699
 103 255699
 103 261048
 6 261095
 6 262150
 6 266246
 6 266310
 -162 270814
 -162 270824
 -162 294733
 -162 294733
 -179 275789
 -179 275789
 -179 294733
 -179 294733
 -79 285105
 -79 285082
 -79 285105
 -79 294833
 109 294833
 109 285105
 109 295149
 109 303813
 127 303853
 127 327807
 127 333689
 127 333695
 -42 364418
 -42 364502
 -42 393040
 -42 393040
 -176 390992
 -176 390992
 -176 393040
 -176 408289
 -287 408272
 -287 408289
 -287 425697
 -287 425697
 -109 414635
 -109 414635
 -109 425829
 -109 425829
 -27 414635
 -27 414635
 -27 425829
 -27 425829
 -1 413029
 -1 413029
 -1 405887
 -1 405877
 57 393273
 57 393273
 57 393273
 57 393270
 -94 393270
 -94 393122
 -94 379105
 -94 379042
 44 365673
 44 365673
 44 365612
 44 360492
 -79 360492
 -79 365612
 -79 360382
 -79 360241
 -194 353329
 -194 353329
 -194 353319
 -194 340451
 -117 340414
 -117 327563
 -117 318655
 -117 318603
 95 285919
 95 285877
 95 262367
 95 253499
 187 253499
 187 253467
 187 229435
 187 222399
 191 222399
 191 222344
 191 196799
 191 192022
 150 192022
 150 192022
 150 192022
 150 192012
 -62 192012
 -62 192022
 -62 192012
 -62 167362
 -205 167328
 -205 167328
 -205 163663
 -205 163635
 -49 151603
 -49 151594
 -49 149863
 -49 149863
 72 149863
 72 149863
 72 161352
 72 161361
 -118 175882
 -118 175934
 -118 196362
 -118 196362
 -23 188521
 -23 188521
 -23 196457
 -23 198329
 -71 198329
 -71 198373
 -71 229179
 -71 229179
 -69 206917
 -69 206917
 -69 229179
 -69 229179
 -23 215273
 -23 215273
 -23 229151
 -23 229151
 -97 223007
 -97 222985
 -97 223007
 -97 229151
 177 229151
 177 223007
 177 229416
 177 229425
 83 229425
 83 229459
 83 234802
 83 234835
 -9 240043
 -9 240043
 -9 240043
 -9 240119
 102 240119
 102 240043
 102 229606
 102 229606
 52 245139
 52 245139
 52 229566
 52 229566
 62 249908
 62 249982
 62 255386
 62 255422
 -60 260761
 -60 260761
 -60 260804
 -60 262084
 81 262084
 81 260804
 81 262225
 81 262435
 291 265747
 291 265747
 291 262435
 291 262435
 146 270341
 146 270341
 146 262290
 146 262290
 200 275090
 200 275090
 200 275192
 200 284162
 237 284232
 237 295149
 237 301994
 237 302061
 -69 331323
 -69 331355
 -69 360251
 -69 362448
 -48 362448
 -48 362448
 -48 362448
 -48 362491
 3 362491
 3 362448
 3 362491
 3 389379
 199 389430
 199 389430
 199 393287
 199 393427
 211 407851
 211 407851
 211 393427
 211 393427
 26 413850
 26 413850
 26 393370
 26 393370
 123 406828
 123 406828
 123 393367
 123 393367
 23 394647
 23 394651
 23 394647
 23 393367
 -68 393367
 -68 394647
 -68 393148
 -68 393001
 -87 380604
 -87 380569
 -87 367145
 -87 367105
 24 354608
 24 354584
 24 327991
 24 327991
 311 342059
 311 342059
 311 327991
 311 321407
 255 321407
 255 321407
 255 321323
 255 295039
 -234 295039
 -234 321323
 -234 294806
 -234 288992
 -265 288918
 -265 288918
 -265 261751
 -265 256631
 -145 256523
 -145 256523
 -145 229359
 -145 225775
 -15 225668
 -15 225668
 -15 196465
 -15 196316
 -292 194673
 -292 194673
 -292 194657
 -292 169180
 -240 169168
 -240 163600
 -240 152595
 -240 152592
 227 149731
 227 149674
 227 131334
 227 131334
 262 149674
 262 149674
 262 149674
 262 160518
 136 160566
 136 160566
 136 163848
 136 164232
 264 175112
 264 175112
 264 175231
 264 188296
 137 188305
 137 196617
 137 198665
 137 198695
 -4 206891
 -4 206972
 -4 229237
 -4 229237
 -11 215162
 -11 215162
 -11 229237
 -11 229237
 -32 222944
 -32 222896
 -32 222944
 -32 229344
 208 229344
 208 229452
 208 229456
 208 229456
 -178 235086
 -178 235127
 -178 261945
 -178 261945
 -199 240457
 -199 240457
 -199 261893
 -199 261893
 -123 245572
 -123 245509
 -123 245509
 -123 245572
 151 245572
 151 245509
 151 229403
 151 229403
 155 250884
 155 250884
 155 229417
 155 229417
 169 256027
 169 256027
 169 256058
 169 261161
 56 261247
 56 261247
 56 262286
 56 262328
 14 266168
 14 266205
 14 270734
 14 270833
 -144 275341
 -144 275341
 -144 275341
 -144 275440
 71 275440
 71 275341
 71 275341
 71 283847
 231 283889
 231 283889
 231 295143
 231 300679
 244 300775
 244 300775
 244 327796
 244 329497
 268 329588
 268 329588
 268 360567
 268 360716
 119 360716
 119 360792
 119 388373
 119 388471
 -30 407494
 -30 407522
 -30 425834
 -30 425834
 -22 415338
 -22 415338
 -22 425834
 -22 425834
 -111 415338
 -111 415338
 -111 425848
 -111 425848
 -136 414625
 -136 414609
 -136 408184
 -136 408173
 21 396522
 21 396437
 21 393365
 21 382465
 129 382526
 129 382465
 129 360472
 129 360472
 152 368654
 152 368664
 152 368654
 152 360472
 -112 360472
 -112 360336
 -112 356240
 -112 356226
 65 344129
 65 344129
 65 344104
 65 327745
 -8 327745
 -8 327672
 -8 324344
 -8 324306
 25 292348
 25 292249
 25 262297
 25 259662
 206 259662
 206 259662
 206 259660
 206 229454
 -89 229454
 -89 259660
 -89 229287
 -89 229231
 -17 228775
 -17 228775
 -17 228763
 -17 197999
 -56 197905
 -56 197905
 -56 196552
 -56 171976
 -403 171908
 -403 171908
 -403 163666
 -403 163565
 -174 154605
 -174 154605
 -174 163666
 -174 163666
 -25 160231
 -25 160228
 -25 160231
 -25 163815
 151 163815
 151 160231
 151 163869
 151 163991
 157 174743
 157 174768
 157 187933
 157 187994
 -143 198422
 -143 198422
 -143 198422
 -143 198513
 3 198513
 3 198513
 3 206723
 3 206839
 -24 214949
 -24 215016
 -24 229216
 -24 229216
 -32 222838
 -32 222816
 -32 222816
 -32 222838
 109 222838
 109 222816
 109 222838
 109 229282
 113 229357
 113 229357
 113 229617
 113 229819
 315 234990
 315 234990
 315 229819
 315 229819
 124 240315
 124 240315
 124 229628
 124 229628
 110 245433
 110 245433
 110 229614
 110 229614
 187 250846
 187 250846
 187 229563
 187 229563
 7 256668
 7 256668
 7 256668
 7 261767
 99 261796
 99 261796
 99 262227
 99 262243
 211 266850
 211 266850
 211 262263
 211 262263
 247 271427
 247 271427
 247 262263
 247 262263
 98 276061
 98 276087
 98 283909
 98 284002
 -104 299544
 -104 299544
 -104 299643
 -104 327448
 190 327448
 190 299643
 190 327742
 190 327742
 183 327746
 183 327863
 183 358799
 183 358839
 -115 386573
 -115 386668
 -115 392973
 -115 406713
 -71 406694
 -71 406713
 -71 425885
 -71 425885
 -227 415158
 -227 415133
 -227 415133
 -227 415158
 23 415158
 23 415133
 23 393429
 23 393429
 85 409276
 85 409301
 85 409301
 85 409276
 -78 409276
 -78 409276
 -78 397746
 -78 397721
 262 383927
 262 383878
 262 360838
 262 360838
 30 370179
 30 370206
 30 370179
 30 360478
 -52 360478
 -52 360268
 -52 357708
 -52 357657
 156 345509
 156 345500
 156 327836
 156 326556
 156 326569
 156 326556
 156 295118
 156 295118
 78 295374
 78 295374
 78 295118
 78 262703
 47 262703
 47 262703
 47 262673
 47 262191
 -220 262191
 -220 262673
 -220 261924
 -220 231525
 -241 231460
 -241 231460
 -241 229263
 -241 200625
 -114 200591
 -114 200591
 -114 196366
 -114 173927
 -121 173838
 -121 173838
 -121 163774
 -121 163719
 -194 155640
 -194 155640
 -194 163774
 -194 163774
 -173 159443
 -173 159443
 -173 163795
 -173 174177
 -31 174138
 -31 174177
 -31 196319
 -31 196319
 -289 187359
 -289 187359
 -289 196319
 -289 197948
 -324 197948
 -324 197976
 -324 228924
 -324 228924
 -4 206716
 -4 206653
 -4 206653
 -4 206716
 175 206716
 175 206653
 175 196808
 175 196808
 72 214661
 72 214661
 72 196808
 72 196808
 150 222609
 150 222609
 150 222609
 150 229270
 27 229309
 27 229403
 27 235035
 27 235055
 -49 240521
 -49 240591
 -49 261952
 -49 261952
 -64 245573
 -64 245568
 -64 245568
 -64 245573
 167 245573
 167 245568
 167 229501
 167 229501
 253 250407
 253 250407
 253 229501
 253 229501
 205 256080
 205 256080
 205 256080
 205 261399
 358 261453
 358 261453
 358 262193
 358 262630
 177 266418
 177 266418
 177 262511
 177 262511
 367 271137
 367 271137
 367 262511
 367 262511
 90 275767
 90 275823
 90 283098
 90 283107
 -79 298033
 -79 298033
 -79 298033
 -79 298104
 6 298104
 6 298033
 6 298104
 6 325510
 29 325518
 29 325518
 29 327837
 29 357021
 170 357058
 170 357058
 170 360490
 170 385059
 78 385066
 78 393294
 78 405830
 78 405838
 -134 415482
 -134 415487
 -134 425756
 -134 425756
 -100 416077
 -100 416077
 -100 425756
 -100 425756
 -27 416077
 -27 416077
 -27 425829
 -27 425829
 -129 410469
 -129 410397
 -129 399231
 -129 399199
 38 385148
 38 385062
 38 360538
 38 360538
 90 371546
 90 371577
 90 371546
 90 360538
 -42 360538
 -42 360406
 -42 358654
 -42 358614
 17 346584
 17 346513
 17 327825
 17 327825
 66 328770
 66 328831
 66 328770
 66 327746
 -137 327746
 -137 328770
 -137 327671
 -137 298487
 -103 298396
 -103 294809
 -103 265369
 -103 265345
 248 234616
 248 234550
 248 229496
 248 203999
 223 203999
 223 203986
 223 196831
 223 176655
 143 176741
 143 176655
 143 163855
 143 157870
 302 157945
 302 157870
 302 131502
 302 131502
 228 150884
 228 150888
 228 150888
 228 150888
 -46 159186
 -46 159190
 -46 163794
 -46 173763
 -61 173747
 -61 173747
 -61 173747
 -61 173763
 84 173763
 84 173747
 84 173747
 84 187013
 215 187092
 215 187092
 215 196657
 215 196695
 49 197719
 49 197731
 49 206385
 49 206459
 -19 214567
 -19 214637
 -19 229229
 -19 229229
 -70 222394
 -70 222394
 -70 229306
 -70 229306
 -133 229115
 -133 229111
 -133 229115
 -133 229371
 81 229371
 81 229115
 81 229392
 81 229457
 16 235065
 16 235065
 16 229566
 16 229566
 190 240397
 190 240397
 190 229566
 190 229566
 223 245438
 223 245475
 223 250414
 223 250463
 -81 255663
 -81 255720
 -81 262063
 -81 262063
 -61 261059
 -61 261059
 -61 262083
 -61 266387
 -109 266387
 -109 266485
 -109 294691
 -109 294691
 -93 271483
 -93 271483
 -93 294691
 -93 294691
 -37 276059
 -37 275980
 -37 275980
 -37 276059
 141 276059
 141 275980
 141 275980
 141 282893
 157 282894
 157 282894
 157 294941
 157 295324
 284 297245
 284 297245
 284 297309
 284 323740
 66 323794
 66 327874
 66 354959
 66 355010
 -110 383122
 -110 383213
 -110 393106
 -110 405107
 -13 405017
 -13 405107
 -13 425843
 -13 425843
 -17 415484
 -17 415471
 -17 415471
 -17 415484
 110 415484
 110 415471
 110 393326
 110 393326
 190 410942
 190 410942
 190 393443
 190 393443
 227 400611
 227 400626
 227 400611
 227 393443
 -97 393443
 -97 400611
 -97 393119
 -97 392999
 -217 386794
 -217 386719
 -217 372590
 -217 372519
 129 359542
 129 359542
 129 359542
 129 359425
 -19 359425
 -19 359542
 -19 360316
 -19 360316
 -132 347631
 -132 347631
 -132 347631
 -132 330876
 -125 330785
 -125 330785
 -125 327555
 -125 301009
 -74 300931
 -74 294710
 -74 268146
 -74 268086
 258 237206
 258 237206
 258 237186
 258 229762
 -81 229762
 -81 237186
 -81 229295
 -81 206325
 -121 206255
 -121 206255
 -121 196487
 -121 178823
 -53 178821
 -53 178821
 -53 163787
 -53 163654
 -58 159231
 -58 159179
 -58 150864
 -58 150864
 84 150864
 84 150864
 84 158164
 84 158172
 -16 172231
 -16 172231
 -16 172231
 -16 172272
 88 172272
 88 172272
 88 185740
 88 185816
 -3 196877
 -3 196877
 -3 196877
 -3 196989
 26 196989
 26 196877
 26 196762
 26 196762
 131 205722
 131 205722
 131 196782
 131 196782
 174 213635
 174 213635
 174 196782
 174 196782
 70 221870
 70 221870
 70 221871
 70 228651
 1 228678
 1 229377
 1 234241
 1 234274
 -3 239691
 -3 239741
 -3 262013
 -3 262013
 -118 244880
 -118 244880
 -118 262026
 -118 262026
 -54 250091
 -54 250091
 -54 261957
 -54 261957
 -187 255557
 -187 255524
 -187 255524
 -187 255557
 1 255557
 1 255557
 1 260737
 1 260778
 -22 266132
 -22 266218
 -22 294721
 -22 294721
 -63 271169
 -63 271169
 -63 294721
 -63 294721
 -145 275580
 -145 275580
 -145 294767
 -145 294767
 -69 282049
 -69 282043
 -69 282049
 -69 294843
 223 294843
 223 282049
 223 294962
 223 295135
 178 295391
 178 295391
 178 295408
 178 321074
 53 321129
 53 321129
 53 327861
 53 352649
 164 352693
 164 352693
 164 360484
 164 380964
 195 380967
 195 380967
 195 393283
 195 393410
 194 403237
 194 403237
 194 393410
 194 393410
 26 414658
 26 414690
 26 416410
 26 416410
 -142 416410
 -142 416439
 -142 425880
 -142 425880
 -104 411890
 -104 411890
 -104 411831
 -104 401354
 -67 401304
 -67 393149
 -67 387773
 -67 387753
 200 374088
 200 374077
 200 360520
 200 360520
 136 361224
 136 361244
 136 361224
 136 360456
 -138 360456
 -138 361224
 -138 360438
 -138 360248
 -72 349174
 -72 349174
 -72 349075
 -72 332897
 -127 332856
 -127 327425
 -127 303878
 -127 303873
 28 270748
 28 270748
 28 270726
 28 262300
 -20 262300
 -20 270726
 -20 262124
 -20 239596
 -107 239536
 -107 229141
 -107 208669
 -107 208661
 150 180436
 150 180374
 150 163990
 150 160339
 211 160355
 211 160339
 211 131259
 211 131259
 187 151227
 187 151227
 187 131306
 187 131306
 106 151227
 106 151231
 106 157673
 106 157674
 -24 171595
 -24 171595
 -24 171595
 -24 171624
 136 171624
 136 171595
 136 164249
 136 164249
 281 184968
 281 184968
 281 185066
 281 196505
 167 196537
 167 196537
 167 196647
 167 196850
 242 205607
 242 205607
 242 196850
 242 196850
 52 213701
 52 213701
 52 196813
 52 196813
 205 221474
 205 221492
 205 228557
 205 228561
 -72 234424
 -72 234445
 -72 262072
 -72 262072
 -70 240058
 -70 240023
 -70 240023
 -70 240058
 154 240058
 154 240023
 154 229530
 154 229530
 192 245141
 192 245141
 192 229469
 192 229469
 93 250176
 93 250176
 93 229469
 93 229469
 64 255325
 64 255325
 64 255350
 64 260672
 51 260727
 51 260727
 51 262195
 51 262248
 104 266007
 104 266007
 104 262310
 104 262310
 38 270880
 38 270952
 38 275366
 38 275445
 -99 281757
 -99 281846
 -99 294813
 -99 294813
 -133 294651
 -133 294590
 -133 294651
 -133 294907
 81 294907
 81 294651
 81 295121
 81 319135
 242 319185
 242 319185
 242 327794
 242 350577
 64 350578
 64 350578
 64 360512
 64 379200
 127 379213
 127 379213
 127 393343
 127 393394
 50 401989
 50 402047
 50 414386
 50 414455
 -93 416788
 -93 416788
 -93 416788
 -93 416788
 87 412759
 87 412697
 87 393415
 87 393415
 71 402887
 71 402942
 71 402887
 71 393415
 -126 393415
 -126 402887
 -126 393090
 -126 393038
 -50 389250
 -50 389250
 -50 393038
 -50 393038
 -188 375405
 -188 375405
 -188 375405
 -188 362467
 -200 362436
 -200 360376
 -200 350179
 -200 350136
 103 334695
 103 334695
 103 334634
 103 327783
 -198 327783
 -198 334634
 -198 327482
 -198 306785
 -167 306746
 -167 306746
 -167 294745
 -167 273497
 -81 273417
 -81 273417
 -81 261935
 -81 242486
 -90 242479
 -90 242479
 -90 229158
 -90 211500
 -116 211494
 -116 211494
 -116 196364
 -116 182811
 -200 182796
 -200 163768
 -200 161776
 -200 161720
 140 151110
 140 151052
 140 131275
 140 131275
 203 151052
 203 151052
 203 151110
 203 156363
 156 156372
 156 156372
 156 163862
 156 163868
 150 170268
 150 170354
 150 184342
 150 184351
 -58 195526
 -58 195526
 -58 195569
 -58 196550
 82 196550
 82 195569
 82 196735
 82 196818
 255 204726
 255 204726
 255 196735
 255 196735
 130 212796
 130 212863
 130 220930
 130 221004
 -3 228128
 -3 228221
 -3 229245
 -3 234222
 -18 234201
 -18 234201
 -18 234201
 -18 234222
 140 234222
 140 234222
 140 239489
 140 239500
 -3 244681
 -3 244681
 -3 244681
 -3 244733
 75 244733
 75 244681
 75 229478
 75 229478
 102 249893
 102 249931
 102 255078
 102 255090
 -30 260498
 -30 260578
 -30 262114
 -30 265813
 -43 265746
 -43 265746
 -43 265746
 -43 265813
 296 265813
 296 265746
 296 262568
 296 262568
 97 270504
 97 270526
 97 275013
 97 275041
 -106 280982
 -106 281021
 -106 294704
 -106 294704
 -80 292979
 -80 292979
 -80 294704
 -80 317019
 -37 317001
 -37 317019
 -37 327515
 -37 348018
 -14 348018
 -14 348030
 -14 360306
 -14 377335
 -137 377308
 -137 377308
 -137 377335
 -137 393207
 173 393207
 173 377335
 173 393261
 173 393411
 195 400653
 195 400685
 195 413635
 195 413693
 -17 416661
 -17 416751
 -17 425917
 -17 425917
 -67 416751
 -67 416661
 -67 412902
 -67 412861
 72 403784
 72 403717
 72 393288
 72 390330
 58 390377
 58 390377
 58 390377
 58 390330
 -1 390330
 -1 390330
 -1 376575
 -1 376483
 36 363613
 36 363556
 36 360484
 36 351391
 287 351450
 287 351391
 287 328095
 287 328095
 106 336618
 106 336618
 106 327914
 106 310019
 259 310062
 259 310019
 259 295171
 259 276736
 128 276751
 128 276751
 128 276736
 128 262144
 -35 262144
 -35 262109
 -35 245469
 -35 245433
 47 214103
 47 214063
 47 196655
 47 184919
 87 184919
 87 184897
 87 163927
 87 163008
 192 163068
 192 163008
 192 131264
 192 131264
 148 151572
 148 151572
 148 131289
 148 131289
 89 151572
 89 151572
 89 151674
 89 155865
 222 155882
 222 155882
 222 164011
 222 164062
 171 169373
 171 169373
 171 164011
 171 164011
 170 183211
 170 183211
 170 183282
 170 194970
 88 194986
 88 194986
 88 196696
 88 196832
 96 204376
 96 204376
 96 196832
 96 196832
 148 212698
 148 212698
 148 196707
 148 196707
 99 220436
 99 220474
 99 227605
 99 227683
 -89 233639
 -89 233698
 -89 261964
 -89 261964
 -52 239180
 -52 239180
 -52 261964
 -52 261964
 -26 244454
 -26 244454
 -26 261977
 -26 261977
 -167 249443
 -167 249433
 -167 249433
 -167 249443
 135 249443
 135 249433
 135 229568
 135 229568
 64 254855
 64 254855
 64 254886
 64 260544
 245 260585
 245 260585
 245 262358
 245 262389
 86 265638
 86 265717
 86 270724
 86 270806
 -147 275164
 -147 275181
 -147 294752
 -147 294752
 -160 280672
 -160 280622
 -160 280622
 -160 280672
 210 280672
 210 280622
 210 280622
 210 292050
 173 292071
 173 292071
 173 294957
 173 314664
 160 314669
 160 314669
 160 327712
 160 345609
 163 345632
 163 345632
 163 360611
 163 375436
 258 375459
 258 375459
 258 393398
 258 393474
 182 399362
 182 399362
 182 393458
 182 393458
 242 413347
 242 413347
 242 393608
 242 393608
 264 413832
 264 413832
 264 393608
 264 393608
 210 405038
 210 405074
 210 405038
 210 393298
 -85 393298
 -85 405038
 -85 393131
 -85 393101
 -115 391867
 -115 391851
 -115 377747
 -115 377741
 23 364616
 23 364567
 23 360471
 23 352548
 36 352548
 36 352548
 36 352548
 36 352512
 -151 352512
 -151 352512
 -151 338409
 -151 338353
 26 312350
 26 312346
 26 294938
 26 278512
 112 278512
 112 278472
 112 262384
 112 246773
 117 246773
 117 246755
 117 229621
 117 215752
 200 215766
 200 215766
 200 215752
 200 196808
 -12 196808
 -12 215752
 -12 196596
 -12 196454
 -26 186356
 -26 186356
 -26 186326
 -26 164454
 -85 164364
 -85 164364
 -85 163756
 -85 163627
 -212 154540
 -212 154525
 -212 154540
 -212 163756
 39 163756
 39 154540
 39 163879
 39 164005
 37 167975
 37 167975
 37 164005
 37 164005
 208 182437
 208 182510
 208 194587
 208 194640
 -84 204076
 -84 204106
 -84 229164
 -84 229164
 -140 212596
 -140 212491
 -140 212491
 -140 212596
 67 212596
 67 212596
 67 220692
 67 220739
 -131 227834
 -131 227837
 -131 229373
 -131 233880
 -104 233880
 -104 233931
 -104 261963
 -104 261963
 -53 239435
 -53 239435
 -53 261963
 -53 261963
 -29 244579
 -29 244579
 -29 261987
 -29 261987
 -121 249531
 -121 249531
 -121 261999
 -121 261999
 -145 254575
 -145 254550
 -145 254550
 -145 254575
 9 254575
 9 254575
 9 259721
 9 259731
 -89 264834
 -89 264834
 -89 264834
 -89 264871
 23 264871
 23 264834
 23 262295
 23 262295
 10 269719
 10 269719
 10 262330
 10 262330
 58 274314
 58 274421
 58 279941
 58 279994
 -84 290732
 -84 290732
 -84 290760
 -84 294828
 20 294828
 20 295060
 20 312212
 20 312288
 -19 342988
 -19 342988
 -19 343021
 -19 360429
 183 360429
 183 343021
 183 360631
 183 372919
 178 372935
 178 372935
 178 393266
 178 393621
 277 397874
 277 397874
 277 393621
 277 393621
 235 413077
 235 413077
 235 393323
 235 393323
 8 414728
 8 414819
 8 414819
 8 414728
 -28 414728
 -28 414728
 -28 406372
 -28 406338
 79 393551
 79 393551
 79 393505
 79 393295
 -42 393295
 -42 393174
 -42 379364
 -42 379350
 52 366320
 52 366260
 52 360628
 52 354273
 97 354273
 97 354242
 97 327905
 97 327905
 200 340168
 200 340168
 200 327880
 200 315079
 71 315079
 71 315079
 71 315025
 71 295111
 -303 295111
 -303 315025
 -303 294481
 -303 281437
 -103 281425
 -103 262041
 -103 249810
 -103 249753
 62 218686
 62 218686
 62 218634
 62 196670
 -254 196670
 -254 218634
 -254 196591
 -254 196482
 -145 188920
 -145 188802
 -145 166383
 -145 166381
 25 152947
 25 152857
 25 131148
 25 131148
 204 152857
 204 152857
 204 152947
 204 154172
 319 154188
 319 154188
 319 164287
 319 164320
 352 167103
 352 167103
 352 164320
 352 164320
 346 181905
 346 181984
 346 194227
 346 194266
 -68 203836
 -68 203836
 -68 203836
 -68 203871
 241 203871
 241 203836
 241 196849
 241 196849
 157 212104
 157 212209
 157 220061
 157 220084
 -57 227527
 -57 227527
 -57 227542
 -57 229319
 140 229319
 140 227542
 140 229516
 140 229572
 68 233612
 68 233665
 68 239044
 68 239090
 -54 244426
 -54 244426
 -54 244426
 -54 244442
 51 244442
 51 244426
 51 229542
 51 229542
 38 249395
 38 249395
 38 229542
 38 229542
 20 254374
 20 254374
 20 254421
 20 259476
 160 259569
 160 259569
 160 262304
 160 262388
 244 264352
 244 264352
 244 262388
 244 262388
 180 269257
 180 269300
 180 273716
 180 273765
 -65 279103
 -65 279103
 -65 279103
 -65 279136
 64 279136
 64 279103
 64 279136
 64 289328
 90 289344
 90 289344
 90 295130
 90 309936
 209 309978
 209 309978
 209 327889
 209 340398
 157 340433
 157 360477
 157 370461
 157 370554
 -172 396116
 -172 396155
 -172 425756
 -172 425756
 -100 412188
 -100 412188
 -100 425756
 -100 425756
 -54 417354
 -54 417354
 -54 425772
 -54 425772
 -84 417354
 -84 417338
 -84 415276
 -84 415256
 126 407294
 126 407276
 126 393470
 126 393470
 131 394371
 131 394371
 131 393347
 131 380521
 105 380521
 105 380512
 105 360688
 105 360688
 112 367274
 112 367344
 112 367274
 112 360688
 -26 360688
 -26 367274
 -26 360422
 -26 360406
 -42 355046
 -42 355046
 -42 354956
 -42 341462
 -122 341399
 -122 341399
 -122 327430
 -122 317566
 -46 317446
 -46 294866
 -46 284139
 -46 284114
 228 252153
 228 252132
 228 229604
 228 221196
 140 221279
 140 221279
 140 221196
 140 196620
 -78 196620
 -78 196530
 -78 191189
 -78 191154
 28 167614
 28 167614
 28 167580
 28 163996
 -127 163996
 -127 163713
 -127 153543
 -127 153543
 113 153543
 113 153473
 113 153543
 113 153925
 83 153969
 83 164051
 83 166291
 83 166355
 -97 180639
 -97 180711
 -97 196352
 -97 196352
 -128 193072
 -128 193024
 -128 193072
 -128 196352
 73 196352
 73 193072
 73 196665
 73 196809
 57 202906
 57 202906
 57 196740
 57 196740
 4 211252
 4 211257
 4 219524
 4 219580
 -21 226999
 -21 226999
 -21 227051
 -21 229355
 62 229355
 62 227051
 62 229566
 62 229598
 94 233150
 94 233150
 94 229598
 94 229598
 42 238558
 42 238558
 42 229764
 42 229764
 260 243613
 260 243626
 260 248452
 260 248550
 -8 253764
 -8 253764
 -8 253764
 -8 253816
 70 253816
 70 253764
 70 253764
 70 259014
 4 259033
 4 259033
 4 262276
 4 262315
 43 264068
 43 264068
 43 262389
 43 262389
 117 268715
 117 268715
 117 262395
 117 262395
 251 273349
 251 273349
 251 262568
 251 262568
 296 278687
 296 278687
 296 278687
 296 288680
 217 288696
 217 295001
 217 308279
 217 308313
 -53 338481
 -53 338507
 -53 360267
 -53 369096
 -56 369088
 -56 369088
 -56 369096
 -56 393160
 66 393160
 66 369096
 66 393282
 66 393407
 63 395039
 63 395074
 63 412095
 63 412142
 -15 417926
 -15 417926
 -15 417926
 -15 417926
 57 416098
 57 416098
 57 416098
 57 416057
 -49 416057
 -49 416098
 -49 425688
 -49 425688
 -296 408309
 -296 408271
 -296 395992
 -296 395951
 19 381949
 19 381843
 19 360657
 19 360657
 81 368593
 81 368620
 81 368593
 81 360657
 -213 360657
 -213 368593
 -213 360404
 -213 360235
 -44 355911
 -44 355911
 -44 355911
 -44 342740
 -55 342663
 -55 327497
 -55 319561
 -55 319512
 5 286588
 5 286469
 5 262149
 5 254542
 78 254542
 78 254542
 78 254495
 78 229454
 -205 229454
 -205 254495
 -205 229171
 -205 223795
 -81 223756
 -81 196527
 -81 193755
 -81 193711
 44 169569
 44 169516
 44 163884
 44 154429
 61 154429
 61 154413
 61 131245
 61 131245
 45 153246
 45 153246
 45 153246
 45 153246
 139 153261
 139 153261
 139 163851
 139 163930
 90 165131
 90 165244
 90 179537
 90 179546
 -285 192016
 -285 192099
 -285 196195
 -285 202279
 -217 202279
 -217 202294
 -217 229159
 -217 229159
 -122 210892
 -122 210822
 -122 210822
 -122 210892
 100 210892
 100 210822
 100 196836
 100 196836
 189 219088
 189 219088
 189 219088
 189 226612
 113 226621
 113 226621
 113 229507
 113 229617
 3 232945
 3 232959
 3 238467
 3 238503
 -123 243717
 -123 243766
 -123 261893
 -123 261893
 -194 248528
 -194 248510
 -194 248510
 -194 248528
 61 248528
 61 248510
 61 229477
 61 229477
 229 253501
 229 253501
 229 253525
 229 258886
 140 258917
 140 258917
 140 262284
 140 262337
 193 264076
 193 264076
 193 262337
 193 262337
 194 268737
 194 268764
 194 273428
 194 273474
 -136 278544
 -136 278648
 -136 294687
 -136 294687
 -97 287819
 -97 287775
 -97 287819
 -97 294687
 40 294687
 40 287819
 40 294952
 40 306216
 144 306223
 144 306223
 144 327696
 144 335632
 413 335706
 413 335706
 413 360861
 413 360935
 487 366237
 487 366237
 487 366263
 487 392423
 22 392444
 22 393366
 22 409750
 22 409824
 -51 416388
 -51 416461
 -51 425745
 -51 425745
 -111 416461
 -111 416461
 -111 425745
 -111 425745
 -81 415351
 -81 415351
 -81 425775
 -81 425775
 -143 408697
 -143 408623
 -143 396785
 -143 396717
 64 382573
 64 382573
 64 382573
 64 382528
 -35 382528
 -35 382573
 -35 382573
 -35 369250
 -4 369245
 -4 360444
 -4 356860
 -4 356798
 44 343980
 44 343980
 44 343968
 44 327852
 -182 327852
 -182 343968
 -182 327498
 -182 322122
 -146 322107
 -146 322107
 -146 294766
 -146 289390
 -61 289358
 -61 289358
 -61 261955
 -61 256866
 -28 256835
 -28 229348
 -28 225764
 -28 225737
 183 195383
 183 195383
 183 195383
 183 195344
 -68 195344
 -68 195383
 -68 195344
 -68 170556
 -372 170524
 -372 170524
 -372 163764
 -372 163468
 -76 154623
 -76 154623
 -76 163711
 -76 163711
 -76 163764
 -76 151988
 -76 151948
 -1 8355711
 -1 163711
 -1 162943
 -1 162843
